9 0.9053841 0.46240510312499994 0.746651271875 0.464249875 0.7448936546875 0.5396723156250001 0.9036264796875001 0.53782754375 0.9053841 0.46240510312499994
9 0.9041476421875 0.3848801984375 0.7483866640625 0.38669043125 0.7467046640625 0.4588679390625 0.9024656421874999 0.45705770625 0.9041476421875 0.3848801984375
0 0.91286561875 0.1413602609375 0.6900849124999999 0.14394938906250002 0.688779228125 0.199978578125 0.911559934375 0.1973894484375 0.91286561875 0.1413602609375
0 0.2387536328125 0.5466232421874999 0.1760926203125 0.5473514796875001 0.17179925000000001 0.7315873671875 0.2344602625 0.7308591296875 0.2387536328125 0.5466232421874999
6 0.46399522656250003 0.3016682453125 0.253408115625 0.3041156625 0.249642 0.46572609062500003 0.4602291125 0.46327867500000003 0.46399522656250003 0.3016682453125
9 0.46020420156249997 0.4643475921875 0.2526609859375 0.4667596328125 0.2508532515625 0.5443326390625 0.4583964671875 0.5419205984375 0.46020420156249997 0.4643475921875
10 0.45906937656249996 0.2511055140625 0.254588065625 0.2534819703125 0.253508346875 0.299814534375 0.4579896578125 0.297438078125 0.45906937656249996 0.2511055140625
7 0.6741036359375 0.5438408578125 0.4536824015625 0.546402565625 0.44945100781249997 0.7279788796875 0.6698722453125 0.7254171734375 0.6741036359375 0.5438408578125
1 0.8974204468750001 0.54219963125 0.6761706953125 0.54477096875 0.6721032921875 0.7193102312499999 0.89335304375 0.71673889375 0.8974204468750001 0.54219963125
1 0.9068095312500001 0.2049759546875 0.6886036734375 0.207511915625 0.6844861546875001 0.38420174218750003 0.9026920109375001 0.3816657796875 0.9068095312500001 0.2049759546875
1 0.4521901375 0.5463054125 0.2568585234375 0.5485755328125 0.2527662109375 0.7241837125 0.44809782656249997 0.72191359375 0.4521901375 0.5463054125
5 0.5351030671875 0.6694300921874999 0.4551512875 0.67035928125 0.453649884375 0.7347871234375 0.5336016625 0.7338579328125 0.5351030671875 0.6694300921874999
0 0.6755497765625 0.25075230937500004 0.4695375109375 0.2531465578125 0.4676295453125 0.335020690625 0.6736418093750001 0.3326264421875 0.6755497765625 0.25075230937500004