9 0.0963735203125 0.53782754375 0.2551063453125 0.5396723156250001 0.253348728125 0.464249875 0.0946159 0.46240510312499994 0.0963735203125 0.53782754375
9 0.0975343578125 0.45705770625 0.2532953359375 0.4588679390625 0.2516133359375 0.38669043125 0.0958523578125 0.3848801984375 0.0975343578125 0.45705770625
0 0.088440065625 0.1973894484375 0.311220771875 0.199978578125 0.30991508749999996 0.14394938906250002 0.08713438125 0.1413602609375 0.088440065625 0.1973894484375
0 0.7655397374999999 0.7308591296875 0.82820075 0.7315873671875 0.8239073796874999 0.5473514796875001 0.7612463671875 0.5466232421874999 0.7655397374999999 0.7308591296875
6 0.5397708875 0.46327867500000003 0.7503580000000001 0.46572609062500003 0.746591884375 0.3041156625 0.5360047734375 0.3016682453125 0.5397708875 0.46327867500000003
9 0.5416035328125 0.5419205984375 0.7491467484375 0.5443326390625 0.7473390140625 0.4667596328125 0.5397957984375 0.4643475921875 0.5416035328125 0.5419205984375
10 0.5420103421875 0.297438078125 0.746491653125 0.299814534375 0.7454119343750001 0.2534819703125 0.5409306234375 0.2511055140625 0.5420103421875 0.297438078125
7 0.3301277546875 0.7254171734375 0.5505489921875 0.7279788796875 0.5463175984374999 0.546402565625 0.3258963640625 0.5438408578125 0.3301277546875 0.7254171734375
1 0.10664695625000001 0.71673889375 0.3278967078125 0.7193102312499999 0.3238293046875 0.54477096875 0.102579553125 0.54219963125 0.10664695625000001 0.71673889375
1 0.0973079890625 0.3816657796875 0.31551384531250004 0.38420174218750003 0.3113963265625 0.207511915625 0.09319046875 0.2049759546875 0.0973079890625 0.3816657796875
1 0.5519021734375 0.72191359375 0.7472337890625 0.7241837125 0.7431414765625 0.5485755328125 0.5478098625000001 0.5463054125 0.5519021734375 0.72191359375
5 0.4663983375 0.7338579328125 0.546350115625 0.7347871234375 0.5448487125 0.67035928125 0.4648969328125 0.6694300921874999 0.4663983375 0.7338579328125
0 0.32635819062500004 0.3326264421875 0.5323704546875 0.335020690625 0.5304624890625 0.2531465578125 0.3244502234375 0.25075230937500004 0.32635819062500004 0.3326264421875