9 0.26296416875 0.42400460312500005 0.11942996718750001 0.42400460312500005 0.11942996718750001 0.49220943593750005 0.26296416875 0.49220943593750005 0.26296416875 0.42400460312500005
9 0.263029315625 0.4970771 0.1221824109375 0.4970771 0.1221824109375 0.5623475265625 0.263029315625 0.5623475265625 0.263029315625 0.4970771
0 0.320879478125 0.7318642125 0.11942996718750001 0.7318642125 0.11942996718750001 0.7825316453125 0.320879478125 0.7825316453125 0.320879478125 0.7318642125
0 0.7772801296875 0.25643268125 0.7206188921875001 0.25643268125 0.7206188921875001 0.423037975 0.7772801296875 0.423037975 0.7772801296875 0.25643268125
6 0.7124755703125001 0.4960989640625 0.5220521171875 0.4960989640625 0.5220521171875 0.6422439578125 0.7124755703125001 0.6422439578125 0.7124755703125001 0.4960989640625
9 0.7097231265625 0.42498273906249995 0.5220521171875 0.42498273906249995 0.5220521171875 0.49513233593750006 0.7097231265625 0.49513233593750006 0.7097231265625 0.42498273906249995
10 0.7124755703125001 0.6461334875 0.527573290625 0.6461334875 0.527573290625 0.6880322203125 0.7124755703125001 0.6880322203125 0.7124755703125001 0.6461334875
7 0.5262214984375 0.25677790625 0.3269055375 0.25677790625 0.3269055375 0.42097813593750005 0.5262214984375 0.42097813593750005 0.5262214984375 0.25677790625
1 0.3250162859375 0.26227848125 0.12495114062499998 0.26227848125 0.12495114062499998 0.420115075 0.3250162859375 0.420115075 0.3250162859375 0.26227848125
1 0.320879478125 0.565270425 0.12356677499999999 0.565270425 0.12356677499999999 0.725051784375 0.320879478125 0.725051784375 0.320879478125 0.565270425
1 0.7042019546875 0.26227848125 0.527573290625 0.26227848125 0.527573290625 0.42108170312500004 0.7042019546875 0.42108170312500004 0.7042019546875 0.26227848125
5 0.5222801296874999 0.25057537343749997 0.4499837140625 0.25057537343749997 0.4499837140625 0.3088377453125 0.5222801296874999 0.3088377453125 0.5222801296874999 0.25057537343749997
0 0.5180618890625001 0.6120368234375 0.33177524375 0.6120368234375 0.33177524375 0.68607595 0.5180618890625001 0.68607595 0.5180618890625001 0.6120368234375