9 0.0912251703125 0.507813459375 0.246931884375 0.508719334375 0.24995071875 0.434631834375 0.09424400468750001 0.43372595937499997 0.0912251703125 0.507813459375
9 0.091106634375 0.58401833125 0.24389815312500002 0.5849072453125 0.24678710625 0.5140072453125 0.0939955875 0.5131183312500001 0.091106634375 0.58401833125
0 0.078375134375 0.8231759593750001 0.296908703125 0.82444735 0.299151309375 0.76940985 0.080617740625 0.768138459375 0.078375134375 0.8231759593750001
0 0.746459934375 0.43647019218749994 0.807926365625 0.43682779375 0.8153005328124999 0.25585279375000003 0.7538341015625 0.2554951921875 0.746459934375 0.43647019218749994
6 0.5213512328125 0.6733294937500001 0.7279236703125 0.6745312984375 0.7343922375 0.5157812984375 0.5278198 0.51457949375 0.5213512328125 0.6733294937500001
9 0.527862584375 0.51352949375 0.73144915625 0.5147139265625 0.73455406875 0.4385139265625 0.530967496875 0.43732949374999996 0.527862584375 0.51352949375
10 0.5253139859375 0.7231018390624999 0.7258970234375 0.7242687984375 0.727751515625 0.6787562984375 0.527168478125 0.6775893390625 0.5253139859375 0.7231018390624999
7 0.3194486328125 0.4317478828125 0.5356677140625 0.4330058078125 0.5429354281250001 0.2546433078125 0.326716346875 0.2533853828125 0.3194486328125 0.4317478828125
1 0.1004055609375 0.4295358046875 0.3174373625 0.43079845937499994 0.3244234140625 0.259348459375 0.1073916125 0.2580858046875 0.1004055609375 0.4295358046875
1 0.0854069 0.7607645671875 0.2994528359375 0.76200985 0.306524965625 0.58844735 0.0924790296875 0.5872020671875 0.0854069 0.7607645671875
1 0.5371295609375 0.43312683906249994 0.728737334375 0.43424158124999995 0.7357661703125 0.26174158125 0.544158396875 0.2606268390625 0.5371295609375 0.43312683906249994
5 0.4579280109375 0.3107121546875 0.5363555734375 0.3111684328125 0.5389343421875 0.2478809328125 0.4605067796875 0.2474246546875 0.4579280109375 0.3107121546875
0 0.31299774375 0.719741115625 0.51508255 0.7209168109374999 0.51835961875 0.6404918109375 0.3162748125 0.639316115625 0.31299774375 0.719741115625