0 0.9332046328124999 0.6173965515625001 0.783976834375 0.6173965515625001 0.783976834375 0.7198103453125 0.9332046328124999 0.7198103453125 0.9332046328124999 0.6173965515625001
7 0.540482625 0.3452241375 0.1774710421875 0.3452241375 0.1774710421875 0.6131896546875 0.540482625 0.6131896546875 0.540482625 0.3452241375
2 0.46833976875000005 0.9034482765625 0.472007721875 0.7881034484375 0.33693050156250004 0.7870862062499999 0.33969112031250004 0.6154827593750001 0.06322393750000001 0.616706896875 0.0604633203125 0.8994310343749999 0.46833976875000005 0.9034482765625
10 0.9333976828124999 0.72541379375 0.826235521875 0.72541379375 0.826235521875 0.90358620625 0.9333976828124999 0.90358620625 0.9333976828124999 0.72541379375
5 0.5306563703125 0.31641379375 0.4395366796875 0.31641379375 0.4395366796875 0.4088275859375 0.5306563703125 0.4088275859375 0.5306563703125 0.31641379375
9 0.926911196875 0.49674137968750004 0.7853861 0.49674137968750004 0.7853861 0.616 0.926911196875 0.616 0.926911196875 0.49674137968750004
0 0.9300579156250001 0.1768793109375 0.6502895750000001 0.1768793109375 0.6502895750000001 0.26525862031249997 0.9300579156250001 0.26525862031249997 0.9300579156250001 0.1768793109375
9 0.6473166015625 0.2610344828125 0.5403281859375 0.2610344828125 0.5403281859375 0.50236206875 0.6473166015625 0.50236206875 0.6473166015625 0.2610344828125
1 0.926911196875 0.2722758625 0.6502895750000001 0.2722758625 0.6502895750000001 0.495344828125 0.926911196875 0.495344828125 0.926911196875 0.2722758625
1 0.7823938218750001 0.50236206875 0.537200771875 0.50236206875 0.537200771875 0.721206896875 0.7823938218750001 0.721206896875 0.7823938218750001 0.50236206875
6 0.8264478765625001 0.72541379375 0.538764478125 0.72541379375 0.538764478125 0.9007758625 0.8264478765625001 0.9007758625 0.8264478765625001 0.72541379375
9 0.46756756718750003 0.784206896875 0.342413128125 0.784206896875 0.342413128125 0.9021896546875 0.46756756718750003 0.9021896546875 0.46756756718750003 0.784206896875
3 0.4824324328125 0.6582758625 0.3527220078125 0.6582758625 0.3527220078125 0.7811551718749999 0.4824324328125 0.7811551718749999 0.4824324328125 0.6582758625