0 0.37938651874999996 0.9469725812500001 0.3869421234375 0.7850969734375 0.27582474375 0.7753962125 0.268269140625 0.93727181875 0.37938651874999996 0.9469725812500001
7 0.6945734156250001 0.5467459156250001 0.7129531796874999 0.1529672734375 0.42221474218750005 0.127585246875 0.403834978125 0.5213638890625 0.6945734156250001 0.5467459156250001
2 0.21752319843749998 0.4305173390625 0.22546603125 0.28408800156249997 0.4115133421875 0.3033370875 0.423698528125 0.014795878125 0.11584610312500002 0.004045434375 0.0925615609375 0.4156129046875 0.21752319843749998 0.4305173390625
10 0.26217971093750003 0.936950465625 0.2676054765625 0.8207057703125 0.074291165625 0.803829059375 0.0688654015625 0.9200737531250001 0.26217971093750003 0.936950465625
5 0.7263297109375 0.5388157875 0.7309432218749999 0.43997324375 0.6306756874999999 0.43121969375 0.626062175 0.5300622374999999 0.7263297109375 0.5388157875
9 0.5106141578125001 0.9515743515624999 0.5177797625 0.798054290625 0.38838600625 0.7867579671875 0.3812204 0.9402780281249999 0.5106141578125001 0.9515743515624999
0 0.8575002250000001 0.985285503125 0.871665271875 0.6818053875000001 0.7757750890625 0.673433990625 0.7616100421875001 0.9769141046875 0.8575002250000001 0.985285503125
9 0.7805087390625001 0.6706091562500001 0.7859257078125 0.5545529359375 0.5240890140625 0.5316940875 0.518672046875 0.6477503078125 0.7805087390625001 0.6706091562500001
1 0.7541557671875 0.9728360046875 0.7681614921875 0.6727693078125 0.5261351171875 0.6516399390625 0.51212939375 0.951706634375 0.7541557671875 0.9728360046875
1 0.51183290625 0.7942760046874999 0.524247359375 0.5283016078125 0.286804109375 0.507572353125 0.27438965625 0.7735467484375 0.51183290625 0.7942760046874999
6 0.2675947234375 0.820936125 0.2821605203125 0.508870109375 0.09189539062499999 0.49225959843749995 0.07732959375000001 0.8043256109374999 0.2675947234375 0.820936125
9 0.22197570937500002 0.42606994531250003 0.22831244687500002 0.2903080390625 0.10030298124999999 0.279132565625 0.09396624375 0.414894471875 0.22197570937500002 0.42606994531250003
3 0.3578563015625 0.454123028125 0.3644237140625 0.3134189921875 0.2311015671875 0.3017797109375 0.22453415468750001 0.4424837484375 0.3578563015625 0.454123028125