0 0.2109333546875 0.2552761265625 0.059849454687500005 0.24910488125 0.0507613734375 0.353236053125 0.20184527187499998 0.35940729843749997 0.2109333546875 0.2552761265625
7 0.8155214875000001 0.38876650156250003 0.44799475468749994 0.373754328125 0.42421580312499996 0.6462133640625 0.791742534375 0.6612255375 0.8155214875000001 0.38876650156250003
2 0.9315017171875001 0.389914915625 0.9593852859374999 0.102563934375 0.5467921421875 0.081611790625 0.532843 0.19873915 0.6695100453125 0.205359503125 0.6514872 0.379726409375 0.9315017171875001 0.389914915625
10 0.1844571109375 0.066670934375 0.07596206250000001 0.06223929375 0.060151246874999995 0.24339948281249998 0.168646296875 0.2478311234375 0.1844571109375 0.066670934375
5 0.5320614140625 0.5857179203125 0.43980837343749996 0.581949709375 0.43160767968749997 0.675913190625 0.5238607203125001 0.6796814015625 0.5320614140625 0.5857179203125
9 0.2002945484375 0.3607689890625 0.0570091578125 0.3549162859375 0.0464262859375 0.47617475468750003 0.18971167656250001 0.48202745937499997 0.2002945484375 0.3607689890625
0 0.3059470234375 0.722978809375 0.022698915625 0.7114091218749999 0.0148562359375 0.8012704656249999 0.29810434375 0.8128401546875 0.3059470234375 0.722978809375
9 0.438316403125 0.486446771875 0.329997259375 0.4820223140625 0.30858212812499997 0.7273967296875 0.4169012703125 0.731821184375 0.438316403125 0.486446771875
1 0.3263646078125 0.489034284375 0.0463023578125 0.47759472656249996 0.026507475000000003 0.7044043390625 0.306569725 0.7158438968749999 0.3263646078125 0.489034284375
1 0.4609027515625 0.2640614640625 0.21265998281249998 0.2539216203125 0.1932399453125 0.47643626093749997 0.44148271406250006 0.4865761046875 0.4609027515625 0.2640614640625
6 0.47525433906250003 0.08141663593750001 0.183992728125 0.069519625 0.1684313 0.24782234218750002 0.4596929125 0.25971935468749996 0.47525433906250003 0.08141663593750001
9 0.6741733734375 0.088099153125 0.547462259375 0.08292345 0.5369926046875 0.20288466249999998 0.66370371875 0.20806036562500002 0.6741733734375 0.088099153125
3 0.6529958109375 0.210736946875 0.52167204375 0.205372834375 0.5107678765625 0.330312709375 0.6420916421875 0.33567682187500003 0.6529958109375 0.210736946875