0 0.0667953671875 0.7198103453125 0.216023165625 0.7198103453125 0.216023165625 0.6173965515625001 0.0667953671875 0.6173965515625001 0.0667953671875 0.7198103453125
7 0.459517375 0.6131896546875 0.8225289578125 0.6131896546875 0.8225289578125 0.3452241375 0.459517375 0.3452241375 0.459517375 0.6131896546875
2 0.9395366796875001 0.8994310343749999 0.9367760625000001 0.616706896875 0.6603088796875001 0.6154827593750001 0.6630694984375001 0.7870862062499999 0.5279922781249999 0.7881034484375 0.53166023125 0.9034482765625 0.9395366796875001 0.8994310343749999
10 0.06660231718750001 0.90358620625 0.173764478125 0.90358620625 0.173764478125 0.72541379375 0.06660231718750001 0.72541379375 0.06660231718750001 0.90358620625
5 0.46934362968750004 0.4088275859375 0.5604633203125 0.4088275859375 0.5604633203125 0.31641379375 0.46934362968750004 0.31641379375 0.46934362968750004 0.4088275859375
9 0.073088803125 0.616 0.21461389999999997 0.616 0.21461389999999997 0.49674137968750004 0.073088803125 0.49674137968750004 0.073088803125 0.616
0 0.069942084375 0.26525862031249997 0.349710425 0.26525862031249997 0.349710425 0.1768793109375 0.069942084375 0.1768793109375 0.069942084375 0.26525862031249997
9 0.3526833984375 0.50236206875 0.45967181406249996 0.50236206875 0.45967181406249996 0.2610344828125 0.3526833984375 0.2610344828125 0.3526833984375 0.50236206875
1 0.073088803125 0.495344828125 0.349710425 0.495344828125 0.349710425 0.2722758625 0.073088803125 0.2722758625 0.073088803125 0.495344828125
1 0.217606178125 0.721206896875 0.462799228125 0.721206896875 0.462799228125 0.50236206875 0.217606178125 0.50236206875 0.217606178125 0.721206896875
6 0.17355212343749998 0.9007758625 0.46123552187500005 0.9007758625 0.46123552187500005 0.72541379375 0.17355212343749998 0.72541379375 0.17355212343749998 0.9007758625
9 0.5324324328125 0.9021896546875 0.657586871875 0.9021896546875 0.657586871875 0.784206896875 0.5324324328125 0.784206896875 0.5324324328125 0.9021896546875
3 0.5175675671875 0.7811551718749999 0.6472779921875 0.7811551718749999 0.6472779921875 0.6582758625 0.5175675671875 0.6582758625 0.5175675671875 0.7811551718749999