0 0.798154728125 0.35940729843749997 0.9492386265625001 0.353236053125 0.9401505453125001 0.24910488125 0.7890666453125 0.2552761265625 0.798154728125 0.35940729843749997
7 0.20825746562499997 0.6612255375 0.575784196875 0.6462133640625 0.5520052453125001 0.373754328125 0.1844785125 0.38876650156250003 0.20825746562499997 0.6612255375
2 0.3485128 0.379726409375 0.33048995468750003 0.205359503125 0.467157 0.19873915 0.45320785781249995 0.081611790625 0.0406147140625 0.102563934375 0.0684982828125 0.389914915625 0.3485128 0.379726409375
10 0.831353703125 0.2478311234375 0.9398487531249999 0.24339948281249998 0.9240379375 0.06223929375 0.8155428890625 0.066670934375 0.831353703125 0.2478311234375
5 0.47613927968749997 0.6796814015625 0.5683923203125001 0.675913190625 0.5601916265625 0.581949709375 0.46793858593750004 0.5857179203125 0.47613927968749997 0.6796814015625
9 0.8102883234375 0.48202745937499997 0.9535737140625 0.47617475468750003 0.9429908421875 0.3549162859375 0.7997054515625 0.3607689890625 0.8102883234375 0.48202745937499997
0 0.7018956562499999 0.8128401546875 0.9851437640625 0.8012704656249999 0.9773010843750001 0.7114091218749999 0.6940529765625 0.722978809375 0.7018956562499999 0.8128401546875
9 0.5830987296875 0.731821184375 0.6914178718749999 0.7273967296875 0.670002740625 0.4820223140625 0.561683596875 0.486446771875 0.5830987296875 0.731821184375
1 0.693430275 0.7158438968749999 0.9734925249999999 0.7044043390625 0.9536976421875 0.47759472656249996 0.6736353921875 0.489034284375 0.693430275 0.7158438968749999
1 0.5585172859374999 0.4865761046875 0.8067600546874999 0.47643626093749997 0.7873400171875 0.2539216203125 0.5390972484375001 0.2640614640625 0.5585172859374999 0.4865761046875
6 0.5403070875 0.25971935468749996 0.8315687 0.24782234218750002 0.816007271875 0.069519625 0.5247456609375 0.08141663593750001 0.5403070875 0.25971935468749996
9 0.33629628125 0.20806036562500002 0.46300739531249996 0.20288466249999998 0.45253774062499996 0.08292345 0.3258266265625 0.088099153125 0.33629628125 0.20806036562500002
3 0.3579083578125 0.33567682187500003 0.4892321234375 0.330312709375 0.47832795624999996 0.205372834375 0.3470041890625 0.210736946875 0.3579083578125 0.33567682187500003