3 0.35821231875000004 0.524444675 0.384642128125 0.3929010578125 0.1849708375 0.3505643265625 0.1585410265625 0.48210794375 0.35821231875000004 0.524444675
7 0.74401283125 0.6741073765625 0.79921003125 0.3993857875 0.4852330078125 0.33281256875 0.43003580625 0.6075341562500001 0.74401283125 0.6741073765625
2 0.3250245609375 0.9588835328125 0.3612868 0.7650795671874999 0.606265278125 0.813428803125 0.6381794953125 0.660933278125 0.0195240484375 0.5309939015625 0.0069220343749999995 0.594878196875 0.0103813265625 0.8921690546875001 0.3250245609375 0.9588835328125
0 0.0398843859375 0.274852959375 0.005206528125 0.44744788281250003 0.00619938125 0.53277355 0.100676578125 0.552805753125 0.151757040625 0.2985735578125 0.0398843859375 0.274852959375
9 0.5922219828124999 0.7939296703125 0.6166064109375 0.6725661140625 0.384534840625 0.6233594828125 0.3601504140625 0.7447230390625 0.5922219828124999 0.7939296703125
1 0.793858284375 0.39252299375 0.8498173640625 0.11400946875 0.52318589375 0.0447530984375 0.467226815625 0.3232666234375 0.793858284375 0.39252299375
5 0.7906970703125 0.48730905 0.8091379828124999 0.39552691875 0.7049680359375 0.3734395421875 0.6865271234375 0.4652216734375 0.7906970703125 0.48730905
9 0.44927445 0.32341362500000004 0.49534209999999995 0.09413065781249999 0.37285682656249997 0.06815984375 0.3267891765625 0.29744281093749997 0.44927445 0.32341362500000004
6 0.32731433593750003 0.1275881953125 0.080008521875 0.075151415625 0.047254259375 0.238172425 0.29456007031250003 0.2906092046875 0.32731433593750003 0.1275881953125
0 0.5164984203125 0 0.510010846875 0.032289260937499994 0.8581365390625001 0.106103096875 0.8660972984375 0.0664816546875 0.5525521171875 0 0.5164984203125 0
10 0.0951079828125 0 0.0837746234375 0.05640717656250001 0.3332200796875 0.10929762968750001 0.3515181390625 0.018226485937500002 0.26555718125 0 0.0951079828125 0