3 0.557281946875 0.6321149421875 0.43343813437499995 0.6321149421875 0.43343813437499995 0.8198275859375 0.557281946875 0.8198275859375 0.557281946875 0.6321149421875
7 0.6308012171875 0.2571264375 0.37216024375 0.2571264375 0.37216024375 0.55229885 0.6308012171875 0.55229885 0.6308012171875 0.2571264375
2 0.363793103125 0.354942528125 0.219979715625 0.3560919546875 0.21673427968749998 0.5857471265624999 0.034787018749999996 0.5833333328125 0.034787018749999996 0.9351724140625001 0.36267748437499997 0.9363218390625001 0.363793103125 0.354942528125
0 0.5978701828124999 0.8591954015625 0.3585192703125 0.8591954015625 0.3585192703125 0.9902298843749999 0.5978701828124999 0.9902298843749999 0.5978701828124999 0.8591954015625
9 0.349158215625 0.37228735625 0.2348985796875 0.37228735625 0.2348985796875 0.5904597703125 0.349158215625 0.5904597703125 0.349158215625 0.37228735625
1 0.8981845843749999 0.2631954015625 0.63597363125 0.2631954015625 0.63597363125 0.5702643671875001 0.8981845843749999 0.5702643671875001 0.8981845843749999 0.2631954015625
5 0.6361866125 0.24887356249999998 0.5497768765625 0.24887356249999998 0.5497768765625 0.3468045984375 0.6361866125 0.3468045984375 0.6361866125 0.24887356249999998
9 0.8482657203124999 0.5864252875 0.6324036515625 0.5864252875 0.6324036515625 0.7015747125 0.8482657203124999 0.7015747125 0.8482657203124999 0.5864252875
6 0.785882353125 0.7318735625 0.6324036515625 0.7318735625 0.6324036515625 0.9844022984375 0.785882353125 0.9844022984375 0.785882353125 0.7318735625
0 0.9944421906249999 0.2571264375 0.9069168359375 0.2571264375 0.9069168359375 0.5844022984375 0.9944421906249999 0.5844022984375 0.9944421906249999 0.2571264375
10 0.8892697765625 0.7298620687499999 0.8035294125 0.7298620687499999 0.8035294125 0.9864252875 0.8892697765625 0.9864252875 0.8892697765625 0.7298620687499999