3 0.3689097890625 0.5646118578125 0.3689097890625 0.42882519375 0.1625846046875 0.440817875 0.16258460624999999 0.5766045390625 0.3689097890625 0.5646118578125
7 0.7810800640625 0.6078416109375 0.7810800625 0.3242586515625 0.45663999843749997 0.3431167765625 0.45663999843749997 0.6266997359375 0.7810800640625 0.6078416109375
2 0.672301678125 0.78102039375 0.6735650734374999 0.6232649578125 0.03453943125 0.6616316203125 0.0357229953125 0.9983557484375 0.42240540156249995 0.989355615625 0.41987517968750004 0.7992511296875 0.672301678125 0.78102039375
0 0 0.6681984421875 0.1193132984375 0.6612633390625 0.119313296875 0.3988306734375 0 0.405765775 0 0.6681984421875
9 0.6545004296875 0.7656975312500001 0.6545004296875 0.6404192937500001 0.41469525625000003 0.654358003125 0.41469525625000003 0.779636240625 0.6545004296875 0.7656975312500001
1 0.7744093328125 0.318975175 0.7744093328125 0.031477965625 0.436893121875 0.051096145312499994 0.43689312031250005 0.338593353125 0.7744093328125 0.318975175
5 0.7901512453125 0.41256929375 0.7901512453125 0.31782665312499997 0.6825099171875 0.3240833203125 0.6825099156250001 0.41882596093749996 0.7901512453125 0.41256929375
9 0.41912977500000004 0.3435401 0.41912977656250006 0.10686142031250001 0.292562775 0.11421814374999999 0.292562775 0.3508968265625 0.41912977500000004 0.3435401
6 0 0.3679020796875 0.259259659375 0.3528325734375 0.2592596609375 0.1845531875 0 0.19962269375 0 0.3679020796875
0 0.4213533515625 0 0.4213533515625 0.042425051562499996 0.7810800640625 0.021515884375 0.7810800640625 0 0.4213533515625 0
10 0 0.18027384375 0.2614706015625 0.1650758265625 0.261470603125 0.0710671078125 0 0.0862651265625 0 0.18027384375