4 0.3145213484375 0.31782249687499997 0.39888955625 0.3055447890625 0.3762183828125 0.078550696875 0.29185017343749997 0.09082840625000001 0.3145213484375 0.31782249687499997
2 0.3903290625 0.460014515625 0.1365448703125 0.49550216249999995 0.1515210578125 0.6782025593750001 0.23764359062499998 0.667113925 0.2451169421875 0.7310231703125 0.4110556703125 0.7112080093750001 0.3903290625 0.460014515625
9 0.6813917296875001 0.581521709375 0.7666555671874999 0.5691136625000001 0.750341515625 0.4057699828125 0.6650776781250001 0.4181780265625 0.6813917296875001 0.581521709375
2 0.29549303125000004 0.086362359375 0.3050770578125 0.20051752343749998 0.1100670203125 0.23130370625 0.1362538703125 0.493498315625 0.3890581015625 0.4591161921875 0.380645134375 0.374881725 0.48722492968750003 0.35937166875000004 0.47010969375 0.1789083890625 0.3902802609375 0.18932194687499998 0.375322465625 0.0759488015625 0.29549303125000004 0.086362359375
10 0.4687844484375 0.171734940625 0.586846203125 0.15455396875 0.5767802640624999 0.0537692078125 0.45871850781249995 0.07095018125 0.4687844484375 0.171734940625
0 0.1106673765625 0.223850034375 0.29956439218750003 0.196360740625 0.29001863437500003 0.10078427968749999 0.10112161875 0.1282735734375 0.1106673765625 0.223850034375
0 0.475372971875 0.9305888343750001 0.5632610015624999 0.9177989015625 0.540525840625 0.6901641546875 0.4526378109375 0.7029540859375001 0.475372971875 0.9305888343750001
9 0.405510159375 0.3642820953125 0.482901421875 0.3530197078125 0.46606718750000004 0.1844677265625 0.3886759265625 0.19573011406250002 0.405510159375 0.3642820953125
9 0.15526915 0.6704232109375 0.235293559375 0.6587776359374999 0.21845932499999998 0.4902256546875 0.1384349171875 0.50187123125 0.15526915 0.6704232109375
1 0.619087828125 0.4107760359375 0.7804442671875 0.3872945921875 0.7563203734374999 0.1457552265625 0.5949639359375001 0.16923666875 0.619087828125 0.4107760359375
6 0.4997983875 0.4422303453125 0.6086709921875 0.42638662812500006 0.5822921859375 0.16227005 0.47341957968750004 0.17811376875 0.4997983875 0.4422303453125
5 0.7607735531250001 0.8996960484375001 0.841487596875 0.8879501109374999 0.8301123140625 0.774055621875 0.7493982703125 0.7858015578125 0.7607735531250001 0.8996960484375001
7 0.7593797 0.89556576875 0.7481466078125 0.7830949578124999 0.82660366875 0.7716774703125 0.8094946140625 0.5676218578125 0.5412326249999999 0.610993884375 0.5692903890625 0.9246729437500001 0.7593797 0.89556576875
3 0.668239071875 0.4086184109375 0.3808568671875 0.46142906874999995 0.40732295937499996 0.71295485625 0.545428878125 0.6928569515625 0.5376510296875 0.6149815937499999 0.6315981296875 0.5976267625 0.688830178125 0.587492584375 0.668239071875 0.4086184109375