4 0.6516859359375 0.7078556703125 0.5685940203125 0.69529323125 0.5475498390625 0.91888441875 0.6306417546875001 0.9314468578125 0.6516859359375 0.7078556703125
2 0.6058825140625 0.550049171875 0.855555525 0.5892188421875 0.875625309375 0.41019960468749994 0.7910776375 0.395994784375 0.7959585421875001 0.33272951875 0.63334615625 0.303877721875 0.6058825140625 0.550049171875
9 0.3500843734375 0.350016590625 0.266110378125 0.33732079375 0.250967103125 0.4982157640625 0.3349411 0.5109115609375 0.3500843734375 0.350016590625
2 0.49415352031250004 0.618376240625 0.476553125 0.795872425 0.5549482375 0.8089100109375 0.5479176203125 0.9216305296874999 0.6263127328125 0.9346681140624999 0.638635828125 0.8227477515625001 0.8311491999999999 0.8494828296874999 0.8554567515624999 0.5912188234375 0.606930228125 0.5512742921875 0.599121015625 0.6342459875 0.49415352031250004 0.618376240625
10 0.47647098750000005 0.803113703125 0.3601952296875 0.785534290625 0.350851671875 0.884808171875 0.46712742812499997 0.9023875828125 0.47647098750000005 0.803113703125
0 0.8291705890625 0.8564373843749999 0.6431311421875 0.8283105921875 0.6342704359375 0.92245425 0.8203098828125001 0.9505810421875 0.8291705890625 0.8564373843749999
0 0.6130817875 0.07557017187500001 0.5265232984375 0.062483631250000005 0.505419725 0.2867058734375 0.5919782140625001 0.2997924140625 0.6130817875 0.07557017187500001
9 0.57331734375 0.63721921875 0.497096828125 0.62569565 0.481470703125 0.791720840625 0.5576912171874999 0.8032444109375 0.57331734375 0.63721921875
9 0.8705715171874999 0.4165588546875 0.791757690625 0.404643209375 0.7761315640625 0.5706684015625 0.8549453921874999 0.582584046875 0.8705715171874999 0.4165588546875
1 0.377580703125 0.5312373375 0.21866520781249998 0.507211340625 0.1962725640625 0.7451297546875 0.355188059375 0.7691557515625 0.377580703125 0.5312373375
6 0.497720103125 0.535521671875 0.390494484375 0.5193105250000001 0.3660087515625 0.779467690625 0.47323437031250004 0.7956788359375 0.497720103125 0.535521671875
5 0.334002578125 0.0228993953125 0.2545095484375 0.0108810640625 0.2439506125 0.1230681421875 0.3234436421875 0.13508647499999998 0.334002578125 0.0228993953125
7 0.33455926406250003 0.027250437500000002 0.3241323140625 0.1380351796875 0.246862125 0.1263529125 0.22481254062499997 0.32640722499999997 0.4898324359375 0.3622079734375 0.522044996875 0.0541735953125 0.33455926406250003 0.027250437500000002
3 0.4940127140625 0.35942647499999997 0.4007931453125 0.3489597125 0.344086846875 0.34216430937500003 0.3301137609375 0.519142178125 0.61521821875 0.5514250546875 0.6372490890625 0.30328255 0.5012323859375 0.2827185578125 0.4940127140625 0.35942647499999997