4 0.3693582453125 0.9314468578125 0.4524501609375 0.91888441875 0.4314059796875 0.69529323125 0.3483140640625 0.7078556703125 0.3693582453125 0.9314468578125
2 0.36665384375 0.303877721875 0.2040414578125 0.33272951875 0.2089223625 0.395994784375 0.12437469062499999 0.41019960468749994 0.144444475 0.5892188421875 0.39411748593749996 0.550049171875 0.36665384375 0.303877721875
9 0.6650589 0.5109115609375 0.749032896875 0.4982157640625 0.7338896218750001 0.33732079375 0.6499156265625 0.350016590625 0.6650589 0.5109115609375
2 0.40087898437499997 0.6342459875 0.393069771875 0.5512742921875 0.1445432484375 0.5912188234375 0.1688508 0.8494828296874999 0.361364171875 0.8227477515625001 0.3736872671875 0.9346681140624999 0.4520823796875 0.9216305296874999 0.4450517625 0.8089100109375 0.523446875 0.795872425 0.5058464796875 0.618376240625 0.40087898437499997 0.6342459875
10 0.532872571875 0.9023875828125 0.649148328125 0.884808171875 0.6398047703125 0.785534290625 0.5235290125 0.803113703125 0.532872571875 0.9023875828125
0 0.1796901171875 0.9505810421875 0.3657295640625 0.92245425 0.3568688578125 0.8283105921875 0.17082941093749998 0.8564373843749999 0.1796901171875 0.9505810421875
0 0.4080217859375 0.2997924140625 0.494580275 0.2867058734375 0.4734767015625 0.062483631250000005 0.3869182125 0.07557017187500001 0.4080217859375 0.2997924140625
9 0.4423087828125 0.8032444109375 0.5185292968749999 0.791720840625 0.502903171875 0.62569565 0.42668265625 0.63721921875 0.4423087828125 0.8032444109375
9 0.14505460781249999 0.582584046875 0.2238684359375 0.5706684015625 0.20824230937500002 0.404643209375 0.1294284828125 0.4165588546875 0.14505460781249999 0.582584046875
1 0.644811940625 0.7691557515625 0.8037274359375 0.7451297546875 0.7813347921875 0.507211340625 0.622419296875 0.5312373375 0.644811940625 0.7691557515625
6 0.5267656296875 0.7956788359375 0.6339912484375 0.779467690625 0.609505515625 0.5193105250000001 0.502279896875 0.535521671875 0.5267656296875 0.7956788359375
5 0.6765563578125 0.13508647499999998 0.7560493875 0.1230681421875 0.7454904515624999 0.0108810640625 0.665997421875 0.0228993953125 0.6765563578125 0.13508647499999998
7 0.47795500312500006 0.0541735953125 0.5101675640625001 0.3622079734375 0.775187459375 0.32640722499999997 0.753137875 0.1263529125 0.6758676859375 0.1380351796875 0.6654407359375 0.027250437500000002 0.47795500312500006 0.0541735953125
3 0.49876761406250003 0.2827185578125 0.3627509109375 0.30328255 0.38478178125 0.5514250546875 0.6698862390625 0.519142178125 0.655913153125 0.34216430937500003 0.5992068546875 0.3489597125 0.5059872859375 0.35942647499999997 0.49876761406250003 0.2827185578125