4 0.44241379375 0.6872413796875 0.361206896875 0.6872413796875 0.361206896875 0.9071609203125 0.44241379375 0.9071609203125 0.44241379375 0.6872413796875
2 0.2551724140625 0.364367815625 0.17241379375000002 0.36574712656249997 0.17551724062500001 0.54229885 0.419655171875 0.540919540625 0.415517240625 0.2981609203125 0.256206896875 0.30229885 0.2551724140625 0.364367815625
9 0.7663534484375 0.38443678124999997 0.6842844828125 0.38443678124999997 0.6842844828125 0.5426896546875 0.7663534484375 0.5426896546875 0.7663534484375 0.38443678124999997
2 0.41853448281250005 0.62356321875 0.41853448281250005 0.5419540234375 0.17543103437500002 0.5442528734375001 0.17543103437500002 0.7982758624999999 0.36336206875 0.8005747124999999 0.36508620625 0.910919540625 0.4418103453125 0.909770115625 0.44525862031249996 0.7994252875 0.5219827593749999 0.7982758624999999 0.5211206890625 0.62356321875 0.41853448281250005 0.62356321875
10 0.635043103125 0.8053103453125001 0.521405171875 0.8053103453125001 0.521405171875 0.9029540234375 0.635043103125 0.9029540234375 0.635043103125 0.8053103453125001
0 0.35852586249999996 0.8053103453125001 0.17670689687500002 0.8053103453125001 0.17670689687500002 0.8979080453125 0.35852586249999996 0.8979080453125 0.35852586249999996 0.8053103453125001
0 0.5403448281250001 0.0797241375 0.45575 0.0797241375 0.45575 0.3002643671875 0.5403448281250001 0.3002643671875 0.5403448281250001 0.0797241375
9 0.5176206890625 0.630229884375 0.44312931093749997 0.630229884375 0.44312931093749997 0.7935287359375 0.5176206890625 0.7935287359375 0.5176206890625 0.630229884375
9 0.253732759375 0.372655171875 0.17670689687500002 0.372655171875 0.17670689687500002 0.5359540234375 0.253732759375 0.5359540234375 0.253732759375 0.372655171875
1 0.79666379375 0.556149425 0.6413534484375 0.556149425 0.6413534484375 0.7901609203125 0.79666379375 0.7901609203125 0.79666379375 0.556149425
6 0.6299913796875 0.5426896546875 0.5251982765625 0.5426896546875 0.5251982765625 0.7985747125 0.6299913796875 0.7985747125 0.6299913796875 0.5426896546875
5 0.80713793125 0.06956321875 0.7294482765625 0.06956321875 0.7294482765625 0.1799080453125 0.80713793125 0.1799080453125 0.80713793125 0.06956321875
7 0.80713793125 0.3799080453125 0.8040344828125001 0.1826666671875 0.728517240625 0.1826666671875 0.728517240625 0.07370115 0.54541379375 0.0723218390625 0.5485172406250001 0.375770115625 0.80713793125 0.3799080453125
3 0.6907758625 0.37770115 0.635517240625 0.37597701093749997 0.5447413796875 0.3724597703125 0.5447413796875 0.29701149375 0.41181034531250005 0.29701149375 0.41053448281250005 0.5408850578125 0.6881896546874999 0.5513793109375 0.6907758625 0.37770115