2 0.6839440453125001 0.18376201406249998 0.645274153125 0.018775560937499998 0.44744788281250003 0.013019403125 0.2196905 0.055011415625000004 0.26784828125 0.26047828906250003 0.6839440453125001 0.18376201406249998
3 0.3819399625 0.289468684375 0.40464214375 0.3863283484375 0.5569302406250001 0.3582507375 0.5342280578125 0.2613910734375 0.3819399625 0.289468684375
5 0.0087358375 0.37532719062500003 0.098092575 0.35885233906249997 0.0826763921875 0.2930786484375 0.00714560625 0.3070043859375 0.0087358375 0.37532719062500003
7 0.2605226046875 0.264428521875 0.007241546875 0.311126375 0.0075144734375 0.3228524046875 0.0479686796875 0.4954517 0.3036226421875 0.4483163484375 0.2605226046875 0.264428521875
6 0.5483375109375 0.40777444375 0.5917811109375 0.5931280937500001 0.772600753125 0.5597900734375 0.729157153125 0.374436421875 0.5483375109375 0.40777444375
1 0.2168255625 0.060848028124999995 0.0023366890625000003 0.1003937015625 0.006508715625 0.27964093437500004 0.013269446874999999 0.3084858328125 0.264031184375 0.262252471875 0.2168255625 0.060848028124999995
1 0.0561233828125 0.4985247859375 0.098538746875 0.6794914296875 0.35628570625 0.6319701921875 0.3138703421875 0.4510035484375 0.0561233828125 0.4985247859375
9 0.319994253125 0.4452978890625 0.363437853125 0.6306515390625 0.4762029515625 0.6098608484375 0.4327593515625 0.42450719687499994 0.319994253125 0.4452978890625
9 0.2350663015625 0.0590031984375 0.278509903125 0.24435685000000001 0.393059828125 0.2232370890625 0.34961622812500004 0.0378834375 0.2350663015625 0.0590031984375
10 0.43639320625 0.42383721718749995 0.48018037031249994 0.61065669375 0.5875267859375 0.5908650546875001 0.543739621875 0.40404557968750004 0.43639320625 0.42383721718749995
0 0.6420237015625 0.01868098125 0.6776715265625 0.170773675 0.7868412890625 0.1506458625 0.7566930921874999 0.0220175203125 0.6420237015625 0.01868098125
0 0.5792104828125 0.205671503125 0.62333875625 0.39394633749999997 0.8436685562499999 0.3533237640625 0.7995402828125 0.1650489296875 0.5792104828125 0.205671503125