2 0.9358226546875 0.27321167343749997 0.7404110078125 0.28685259531249996 0.7290159359375 0.677799765625 0.92442758125 0.6641588421875 0.9358226546875 0.27321167343749997
3 0.69133426875 0.44119812031250005 0.6011090171875 0.44749639218750004 0.5969385015625 0.5905802796875 0.687163753125 0.5842820078125001 0.69133426875 0.44119812031250005
5 0.7253295265624999 0.8513588703125 0.6640610125 0.8556357859375 0.6610488171875 0.9589795125 0.72231733125 0.954702596875 0.7253295265624999 0.8513588703125
7 0.726478103125 0.6853934749999999 0.555185690625 0.6973507296875 0.5481844296875 0.9375531109375 0.7194768390624999 0.92559585625 0.726478103125 0.6853934749999999
6 0.5627245734375 0.2987866359375 0.3900667390625 0.31083920625 0.38511486562499997 0.48073021093749996 0.557772703125 0.46867764218749997 0.5627245734375 0.2987866359375
1 0.9155582421874999 0.668582571875 0.7279490187500001 0.6816788390624999 0.721081734375 0.9172846796874999 0.9086909578125001 0.9041884124999999 0.9155582421874999 0.668582571875
1 0.5513516546874999 0.6889737484375 0.382780340625 0.700741053125 0.375721759375 0.94290993125 0.544293075 0.9311426265625 0.5513516546874999 0.6889737484375
9 0.558722190625 0.5760189703124999 0.3860643578125 0.5880715390625 0.3829762046875 0.6940211781250001 0.555634040625 0.6819686078125 0.558722190625 0.5760189703124999
9 0.917829796875 0.544232828125 0.7451719609375 0.556285396875 0.74203493125 0.6639119890625 0.9146927671875 0.6518594203125 0.917829796875 0.544232828125
10 0.5617614625 0.4717462859375 0.38773820468750003 0.48389416875 0.3847984484375 0.5847526265625 0.55882170625 0.5726047421875 0.5617614625 0.4717462859375
0 0.9354018156249999 0.1737797515625 0.755946121875 0.186306853125 0.7529564328125 0.28887845625 0.9324121265624999 0.2763513546875 0.9354018156249999 0.1737797515625
0 0.741239478125 0.1789537203125 0.56586055 0.1911962390625 0.5598266625 0.39820943125 0.73520559375 0.3859669125 0.741239478125 0.1789537203125