2 0.07557241875000001 0.6641588421875 0.2709840640625 0.677799765625 0.2595889921875 0.28685259531249996 0.0641773453125 0.27321167343749997 0.07557241875000001 0.6641588421875
3 0.312836246875 0.5842820078125001 0.4030614984375 0.5905802796875 0.3988909828125 0.44749639218750004 0.30866573124999996 0.44119812031250005 0.312836246875 0.5842820078125001
5 0.27768266875 0.954702596875 0.3389511828125 0.9589795125 0.3359389875 0.8556357859375 0.2746704734375 0.8513588703125 0.27768266875 0.954702596875
7 0.28052316093749996 0.92559585625 0.4518155703125 0.9375531109375 0.444814309375 0.6973507296875 0.273521896875 0.6853934749999999 0.28052316093749996 0.92559585625
6 0.44222729687499995 0.46867764218749997 0.6148851343749999 0.48073021093749996 0.6099332609375 0.31083920625 0.43727542656249996 0.2987866359375 0.44222729687499995 0.46867764218749997
1 0.0913090421875 0.9041884124999999 0.278918265625 0.9172846796874999 0.27205098125 0.6816788390624999 0.08444175781249999 0.668582571875 0.0913090421875 0.9041884124999999
1 0.455706925 0.9311426265625 0.624278240625 0.94290993125 0.617219659375 0.700741053125 0.44864834531250003 0.6889737484375 0.455706925 0.9311426265625
9 0.44436595937499995 0.6819686078125 0.6170237953125 0.6940211781250001 0.6139356421875 0.5880715390625 0.441277809375 0.5760189703124999 0.44436595937499995 0.6819686078125
9 0.0853072328125 0.6518594203125 0.25796506875 0.6639119890625 0.2548280390625 0.556285396875 0.082170203125 0.544232828125 0.0853072328125 0.6518594203125
10 0.44117829375 0.5726047421875 0.6152015515625 0.5847526265625 0.6122617953125 0.48389416875 0.4382385375 0.4717462859375 0.44117829375 0.5726047421875
0 0.0675878734375 0.2763513546875 0.24704356718749998 0.28887845625 0.24405387812499998 0.186306853125 0.064598184375 0.1737797515625 0.0675878734375 0.2763513546875
0 0.26479440625 0.3859669125 0.4401733375 0.39820943125 0.43413945 0.1911962390625 0.258760521875 0.1789537203125 0.26479440625 0.3859669125