2 0.24292397656250003 0.3302657 0.047641325 0.3302657 0.047641325 0.721630434375 0.24292397656250003 0.721630434375 0.24292397656250003 0.3302657
3 0.3777290453125 0.42700483125 0.28756335312500003 0.42700483125 0.28756335312500003 0.5702415453125 0.3777290453125 0.5702415453125 0.3777290453125 0.42700483125
5 0.302777778125 0.0529710140625 0.24154970781250001 0.0529710140625 0.24154970781250001 0.1564251203125 0.302777778125 0.1564251203125 0.302777778125 0.0529710140625
7 0.4164230015625 0.08236715 0.24524366406250003 0.08236715 0.24524366406250003 0.3228260875 0.4164230015625 0.3228260875 0.4164230015625 0.08236715
6 0.5930506828125 0.5520289859374999 0.420506821875 0.5520289859374999 0.420506821875 0.72210145 0.5930506828125 0.72210145 0.5930506828125 0.5520289859374999
1 0.2438791421875 0.09059178749999999 0.0563937625 0.09059178749999999 0.0563937625 0.326449275 0.2438791421875 0.326449275 0.2438791421875 0.09059178749999999
1 0.5889668609375 0.08907004843750001 0.420506821875 0.08907004843750001 0.420506821875 0.331497584375 0.5889668609375 0.331497584375 0.5889668609375 0.08907004843750001
9 0.5889668609375 0.3382246375 0.4164230015625 0.3382246375 0.4164230015625 0.44428743906249996 0.5889668609375 0.44428743906249996 0.5889668609375 0.3382246375
9 0.2302923984375 0.3432850234375 0.057748537499999995 0.3432850234375 0.057748537499999995 0.45102657031250004 0.2302923984375 0.45102657031250004 0.2302923984375 0.3432850234375
10 0.590331384375 0.4477053140625 0.4164230015625 0.4477053140625 0.4164230015625 0.548671496875 0.590331384375 0.548671496875 0.590331384375 0.4477053140625
0 0.23030214375 0.71871980625 0.0509649125 0.71871980625 0.0509649125 0.8214009656249999 0.23030214375 0.8214009656249999 0.23030214375 0.71871980625
0 0.420506821875 0.6225724640625 0.24524366406250003 0.6225724640625 0.24524366406250003 0.8298067640625 0.420506821875 0.8298067640625 0.420506821875 0.6225724640625