2 1 0.3038794 0.9866708296875 0.20921238125000002 0.7309665109375 0.24827325937500003 0.7486177078125 0.383894559375 0.662748334375 0.3960491921875 0.719940653125 0.8022429796875 1 0.756816640625 1 0.3038794
9 0.0183068671875 0.5242400875000001 0.26068353437499997 0.4859222109375 0.24214037500000002 0.354224171875 0.013631310937499998 0.3903496875 0.0183068671875 0.5242400875000001
9 1 0.303879396875 0.9870089890625 0.2116140703125 0.7339697203125 0.25161762187500003 0.7527720828125 0.38515658125 1 0.34607176093750003 1 0.303879396875
1 0.028650556249999997 0.525907378125 0.081123859375 0.898585575 0.3982945453125 0.84844334375 0.34582124062499997 0.475765146875 0.028650556249999997 0.525907378125
1 0.013333362500000001 0.38181754687499997 0.3136409890625 0.3343412328125 0.2676579171875 0.0077582515625000004 0.001738984375 0.049797978124999996 0.013333362500000001 0.38181754687499997
0 0.41551235000000003 0.980054040625 0.39904304375 0.863085003125 0.073064609375 0.9146196718749999 0.084718746875 0.9973901984375001 0.41551235000000003 0.980054040625
0 0.4096217140625 0.8634789953125 0.42595846406250004 0.9795065828125 0.5611246578125 0.9724228234375 0.7427112546875 0.9437153875 0.7244069671875 0.81371388125 0.4096217140625 0.8634789953125
0 1 0.7660119578125 0.7217642468750001 0.8099988781249999 0.7403124875 0.9417330140625 1 0.9006784265625001 1 0.7660119578125
10 0.8516815171875001 0 0.8829464046875 0.2220508640625 0.9861805578125 0.20573034375 0.9572136062500001 0 0.8516815171875001 0
6 0.6098355859375 0 0.6466512343749999 0.2614737015625 0.8853045125 0.2237444640625 0.8538011640625 0 0.6098355859375 0
5 0.31673212031250003 0 0.2907782578125 0.004103104687499999 0.303291140625 0.092972659375 0.4109842140625 0.07594721875 0.40029080156249996 0 0.31673212031250003 0
3 0.41336657812500005 0.56021489375 0.43217147968749997 0.6937719015625 0.6286943640625 0.6627031546875 0.6098894625 0.5291461453124999 0.41336657812500005 0.56021489375
7 0.31673212031250003 0 0.2916039828125 0.0039725640625000004 0.3394548375 0.3438210046875 0.6512674765625001 0.29452583906249996 0.6097980703125 0 0.31673212031250003 0