2 0.664131490625 1 0.8399721 0.9536645046875 0.768880134375 0.704620584375 0.6359138343749999 0.73816691875 0.61282715 0.6538163140625 0.2151377890625 0.7586108406250001 0.2864423 1 0.664131490625 1
9 0.4718644828125 0.26273062343750003 0.600805178125 0.22875365468750003 0.538134203125 0.013438921875 0.44303219531250004 0.016206107812500002 0.40316698281249996 0.026710929687500003 0.4718644828125 0.26273062343750003
9 0.6351861671875 0.7424649046875 0.7068682421875 0.988738503125 0.8376113140625 0.95428659375 0.765929240625 0.7080129937499999 0.6351861671875 0.7424649046875
1 0.12799056250000002 0.44273253593749995 0.49286604375 0.34658474687499996 0.40236022812499994 0.03563959375 0.0374847453125 0.13178738437499998 0.12799056250000002 0.44273253593749995
1 0.5469068390625 0.0131836640625 0.629762053125 0.2978441203125 0.9533772203125 0.2125687734375 0.8924166453125 0.00313035625 0.5469068390625 0.0131836640625
0 0.025584249999999996 0.46836163593749996 0.11348773906250001 0.44519831875 0.0209922078125 0.12741723124999998 0.00595725 0.1313790703125 0.025584249999999996 0.46836163593749996
0 0.2042712296875 0.7644183671875 0.114446103125 0.45581182499999995 0.026207559375 0.47906343281249997 0.032439681250000005 0.5860648359375 0.092894884375 0.7937669796875 0.2042712296875 0.7644183671875
0 0.2771029765625 1 0.2076377140625 0.7613425671875 0.0923032078125 0.7917341890625 0.152922475 1 0.2771029765625 1
10 1 0.80446236875 0.8144372203125 0.8533597374999999 0.8433718546875 0.9527686421875 1 0.9114957953125 1 0.80446236875
6 1 0.554737075 0.7449492296875 0.6219451203124999 0.8130498171875 0.8559140328125 1 0.806651071875 1 0.554737075
5 0.8998265890624999 0.36476184843750004 0.9956706796875 0.33950611875000003 0.9649400671875 0.23392688125 0.8690959765624999 0.2591826140625 0.8998265890624999 0.36476184843750004
3 0.3426108765625 0.6510888953125 0.4733716171875 0.6166323296875 0.41729309218750005 0.4239668640625 0.2865323515625 0.45842342968749994 0.3426108765625 0.6510888953125
7 1 0.3543800875 0.9651756921875 0.23473639999999998 0.6236074281249999 0.3247425390625 0.7125843078125 0.6304348156249999 1 0.5546983390625 1 0.3543800875