2 0.6806039078125 0.9926126125 0.68195381875 0.734684684375 0.548703375 0.733297296875 0.5500710484375 0.6491711718750001 0.150319715625 0.6491711718750001 0.1516696265625 0.9843423421875 0.6806039078125 0.9926126125
9 0.6543516875 0.0114954953125 0.5247424515625 0.0114954953125 0.5247424515625 0.2508108109375 0.6543516875 0.2508108109375 0.6543516875 0.0114954953125
9 0.6782770874999999 0.7371171171875 0.5468561281250001 0.7371171171875 0.5468561281250001 0.9892792796875 0.6782770874999999 0.9892792796875 0.6782770874999999 0.7371171171875
1 0.5215630546875001 0.022522521875 0.1547957375 0.022522521875 0.1547957375 0.3339639640625 0.5215630546875001 0.3339639640625 0.5215630546875001 0.022522521875
1 0.9879040859374999 0.022522521875 0.6626110125 0.022522521875 0.6626110125 0.3221801796875 0.9879040859374999 0.3221801796875 0.9879040859374999 0.022522521875
0 0.1405861453125 0.0114954953125 0.007158081249999999 0.0114954953125 0.007158081249999999 0.332702703125 0.1405861453125 0.332702703125 0.1405861453125 0.0114954953125
0 0.138596803125 0.3428108109375 0.0069449375 0.3428108109375 0.0069449375 0.651909909375 0.138596803125 0.651909909375 0.138596803125 0.3428108109375
0 0.1425754890625 0.6498738734375 0.012930728124999999 0.6498738734375 0.012930728124999999 0.9811891890625001 0.1425754890625 0.9811891890625001 0.1425754890625 0.6498738734375
10 0.9869627 0.884216215625 0.6840674953125 0.884216215625 0.6840674953125 0.9912972968749999 0.9869627 0.9912972968749999 0.9869627 0.884216215625
6 0.9869627 0.651909909375 0.682078153125 0.651909909375 0.682078153125 0.8862522515625001 0.9869627 0.8862522515625001 0.9869627 0.651909909375
5 0.9962699828125 0.3448828828125 0.8965541734375 0.3448828828125 0.8965541734375 0.45063063124999997 0.9962699828125 0.45063063124999997 0.9962699828125 0.3448828828125
3 0.4299822375 0.38742342343749997 0.2985435171875 0.38742342343749997 0.2985435171875 0.580396396875 0.4299822375 0.580396396875 0.4299822375 0.38742342343749997
7 0.9958969796874999 0.34569369375000003 0.64955595 0.34569369375000003 0.64955595 0.6518738734375 0.9958969796874999 0.6518738734375 0.9958969796874999 0.34569369375000003