2 0.7135577 1 0.7848622109375001 0.7586108406250001 0.38717285 0.6538163140625 0.36408616562499996 0.73816691875 0.23111986562500003 0.704620584375 0.1600279 0.9536645046875 0.335868509375 1 0.7135577 1
9 0.5968330171875 0.026710929687500003 0.5569678046875 0.016206107812500002 0.461865796875 0.013438921875 0.399194821875 0.22875365468750003 0.5281355171875 0.26273062343750003 0.5968330171875 0.026710929687500003
9 0.234070759375 0.7080129937499999 0.1623886859375 0.95428659375 0.2931317578125 0.988738503125 0.3648138328125 0.7424649046875 0.234070759375 0.7080129937499999
1 0.9625152546875 0.13178738437499998 0.5976397718750001 0.03563959375 0.50713395625 0.34658474687499996 0.8720094375 0.44273253593749995 0.9625152546875 0.13178738437499998
1 0.1075833546875 0.00313035625 0.0466227796875 0.2125687734375 0.370237946875 0.2978441203125 0.4530931609375 0.0131836640625 0.1075833546875 0.00313035625
0 0.99404275 0.1313790703125 0.9790077921875 0.12741723124999998 0.8865122609375 0.44519831875 0.97441575 0.46836163593749996 0.99404275 0.1313790703125
0 0.9071051156250001 0.7937669796875 0.96756031875 0.5860648359375 0.973792440625 0.47906343281249997 0.8855538968750001 0.45581182499999995 0.7957287703125 0.7644183671875 0.9071051156250001 0.7937669796875
0 0.8470775250000001 1 0.9076967921874999 0.7917341890625 0.7923622859375 0.7613425671875 0.7228970234375 1 0.8470775250000001 1
10 0 0.9114957953125 0.1566281453125 0.9527686421875 0.18556277968749998 0.8533597374999999 0 0.80446236875 0 0.9114957953125
6 0 0.806651071875 0.1869501828125 0.8559140328125 0.2550507703125 0.6219451203124999 0 0.554737075 0 0.806651071875
5 0.13090402343750002 0.2591826140625 0.0350599328125 0.23392688125 0.0043293203125 0.33950611875000003 0.10017341093750001 0.36476184843750004 0.13090402343750002 0.2591826140625
3 0.7134676484375 0.45842342968749994 0.5827069078125 0.4239668640625 0.5266283828125 0.6166323296875 0.6573891234375 0.6510888953125 0.7134676484375 0.45842342968749994
7 0 0.5546983390625 0.2874156921875 0.6304348156249999 0.37639257187499997 0.3247425390625 0.0348243078125 0.23473639999999998 0 0.3543800875 0 0.5546983390625