9 0.5040517234374999 0.5711488250000001 0.3959913796875 0.5711488250000001 0.3959913796875 0.806344646875 0.5040517234374999 0.806344646875 0.5040517234374999 0.5711488250000001
5 0.47682758593749996 0.0902480421875 0.39788793125 0.0902480421875 0.39788793125 0.19943864218750001 0.47682758593749996 0.19943864218750001 0.47682758593749996 0.0902480421875
1 0.746844828125 0.4588642296875 0.5073275859375 0.4588642296875 0.5073275859375 0.8184595296875001 0.746844828125 0.8184595296875001 0.746844828125 0.4588642296875
3 0.8568620687499999 0.168994778125 0.7491206890625 0.168994778125 0.7491206890625 0.37601827656250003 0.8568620687499999 0.37601827656250003 0.8568620687499999 0.168994778125
7 0.6841465515625 0.0946475203125 0.3997413796875 0.0946475203125 0.3997413796875 0.4568537859375 0.6841465515625 0.4568537859375 0.6841465515625 0.0946475203125
6 0.9803017234375 0.46488250625000005 0.7507155171875 0.46488250625000005 0.7507155171875 0.6911879890625 0.9803017234375 0.6911879890625 0.9803017234375 0.46488250625000005
9 0.14922413750000002 0.1033159265625 0.03833620625 0.1033159265625 0.03833620625 0.31566579687499996 0.14922413750000002 0.31566579687499996 0.14922413750000002 0.1033159265625
9 0.38799137968749997 0.5720626625 0.2786034484375 0.5720626625 0.2786034484375 0.8144255875 0.38799137968749997 0.8144255875 0.38799137968749997 0.5720626625
10 0.9816293109374999 0.6952349875 0.7493793109375 0.6952349875 0.7493793109375 0.8124020890624999 0.9816293109374999 0.8124020890624999 0.9816293109374999 0.6952349875
2 0.3937586203125 0.0967101828125 0.035810345312500005 0.0967101828125 0.035810345312500005 0.45257180156250004 0.3937586203125 0.45257180156250004 0.3937586203125 0.0967101828125
2 0.3948275859375 0.811749346875 0.3940517234375 0.5698433421875 0.28153448281250004 0.574738903125 0.28153448281250004 0.44511749375000004 0.034517240625 0.4488120109375 0.03288793125 0.8191906 0.3948275859375 0.811749346875
0 0.987155171875 0.0913838125 0.8881206890625 0.0913838125 0.8881206890625 0.4568537859375 0.987155171875 0.4568537859375 0.987155171875 0.0913838125
0 0.15137931093749998 0.818537859375 0.0330086203125 0.818537859375 0.0330086203125 0.967963446875 0.15137931093749998 0.967963446875 0.15137931093749998 0.818537859375