9 0.1915282484375 0.48371581875 0.21727563593750002 0.598667746875 0.4663545453125 0.5470615359375001 0.440607159375 0.43210961093750005 0.1915282484375 0.48371581875
5 0.8347104562500001 0.3525671890625 0.8535192968749999 0.4365412453125 0.969155175 0.41258285624999996 0.9503463359375001 0.3286088 0.8347104562500001 0.3525671890625
1 0.205226175 0.6048107500000001 0.2622956125 0.8596032796875 0.643117021875 0.780701578125 0.5860475859375 0.52590905 0.205226175 0.6048107500000001
3 0.731395453125 0.764944684375 0.7570668406250001 0.8795573031249999 0.9763104765625 0.834132609375 0.9506390890624999 0.7195199921875 0.731395453125 0.764944684375
7 1 0.5720595125 0.9461287828125 0.331545778125 0.5625422875 0.41102037343750003 0.6303071078125 0.713563571875 1 0.6369675671875 1 0.5720595125
6 0.3980019703125 0.835795146875 0.43372664062500005 0.9952917078124999 0.577241553125 0.9936217609375 0.6793976859375 0.9724562156250001 0.6376657640625 0.7861396390625 0.3980019703125 0.835795146875
9 0.6269411671875 0 0.6523739 0.113547121875 0.877258309375 0.066953728125 0.8622617484375 0 0.6269411671875 0
9 0.155000453125 0.360614540625 0.1810641609375 0.476978721875 0.4377332296875 0.42379992031249997 0.41166952031250004 0.307435740625 0.155000453125 0.360614540625
10 0.4292535203125 0.9953437578125 0.3933977125 0.8352617078125 0.269314496875 0.860970284375 0.29974952187500004 0.9968506734375 0.4292535203125 0.9953437578125
2 0.591084184375 0 0.48036369375000004 0.0229399796875 0.565651525 0.4037165171875 0.9425188640625001 0.325634053125 0.8695820609375 0 0.591084184375 0
2 0.484037309375 0.020739442187500002 0.09140788125 0.100273971875 0.185527228125 0.48366369374999996 0.44152754375000003 0.42975980625 0.4095336828125 0.31114091718750003 0.5468063578125 0.282699640625 0.484037309375 0.020739442187500002
0 1 0.8640196953125001 0.6789077375 0.9305462234374999 0.6879003234375001 0.9706945703125 1 0.9060311999999999 1 0.8640196953125001
0 0.0072627796875 0.24960554375 0.120331928125 0.22617895156249998 0.09212790937500001 0.100259134375 0.00345183125 0.118631771875 0.0072627796875 0.24960554375