9 0.8291572515625001 0.5693494828125 0.8121624109375001 0.461608496875 0.5786072437499999 0.49178891093750005 0.5956020843750001 0.5995298984375 0.8291572515625001 0.5693494828125
5 0.22618656874999998 0.6453369390625 0.2137715875 0.5666305796875 0.10534266875000001 0.5806419593750001 0.11775764687500001 0.6593483171875001 0.22618656874999998 0.6453369390625
1 0.8236775828124999 0.45678773125000005 0.7860082828125 0.2179783546875 0.4289214109375 0.26412175625 0.46659071093750004 0.5029311328125 0.8236775828124999 0.45678773125000005
3 0.34629543906250004 0.27248344375 0.32935076093750004 0.16506047968749998 0.1237713953125 0.1916258125 0.140716071875 0.299048775 0.34629543906250004 0.27248344375
7 0.48151456562500006 0.6104573624999999 0.436785659375 0.3268927140625 0.0771060359375 0.37337115625 0.121834940625 0.6569358046875 0.48151456562500006 0.6104573624999999
6 0.6590157999999999 0.2304506328125 0.6238099609375001 0.0072586859375 0.5824047421875 0.0067768921874999995 0.39818152812499996 0.030582545312499997 0.43428895624999997 0.2594902359375 0.6590157999999999 0.2304506328125
9 0.312342315625 1 0.39815029062499996 0.988911740625 0.38071075 0.878351525 0.16984216875 0.9056003374999999 0.184732578125 1 0.312342315625 1
9 0.855643628125 0.6853535390625 0.8384399953124999 0.5762888921875 0.5977677234375001 0.6073889921875 0.6149713578125 0.7164536406249999 0.855643628125 0.6853535390625
10 0.6279181828125 0.0073064890625 0.6632447140625 0.2312635796875 0.77959449375 0.216228653125 0.7468578484374999 0.008690478125 0.6279181828125 0.0073064890625
2 0.3322285125 1 0.534498528125 0.9738623093750001 0.47820336875 0.6169719046875 0.1248241359375 0.6626361984375 0.178039209375 1 0.3322285125 1
2 0.530968334375 0.9756340484375 0.8990195171875 0.9297314265625 0.83470728125 0.569816303125 0.5946107625 0.6016313421875 0.617167959375 0.7131878515625 0.48845075 0.72982091875 0.530968334375 0.9756340484375
0 0.4047062875 0.123521396875 0.389130959375 0.0247796 0.026210393749999998 0.071676840625 0.0417857234375 0.17041863906250002 0.4047062875 0.123521396875
0 1 0.7961332624999999 0.8797359796875 0.81167399375 0.8983523468750001 0.9296948531250001 1 0.9165597625 1 0.7961332624999999