9 0.4959482765625 0.806344646875 0.6040086203125 0.806344646875 0.6040086203125 0.5711488250000001 0.4959482765625 0.5711488250000001 0.4959482765625 0.806344646875
5 0.5231724140625 0.19943864218750001 0.60211206875 0.19943864218750001 0.60211206875 0.0902480421875 0.5231724140625 0.0902480421875 0.5231724140625 0.19943864218750001
1 0.253155171875 0.8184595296875001 0.49267241406249995 0.8184595296875001 0.49267241406249995 0.4588642296875 0.253155171875 0.4588642296875 0.253155171875 0.8184595296875001
3 0.14313793125000002 0.37601827656250003 0.2508793109375 0.37601827656250003 0.2508793109375 0.168994778125 0.14313793125000002 0.168994778125 0.14313793125000002 0.37601827656250003
7 0.3158534484375 0.4568537859375 0.6002586203125 0.4568537859375 0.6002586203125 0.0946475203125 0.3158534484375 0.0946475203125 0.3158534484375 0.4568537859375
6 0.0196982765625 0.6911879890625 0.24928448281249999 0.6911879890625 0.24928448281249999 0.46488250625000005 0.0196982765625 0.46488250625000005 0.0196982765625 0.6911879890625
9 0.8507758624999999 0.31566579687499996 0.96166379375 0.31566579687499996 0.96166379375 0.1033159265625 0.8507758624999999 0.1033159265625 0.8507758624999999 0.31566579687499996
9 0.6120086203125 0.8144255875 0.7213965515625 0.8144255875 0.7213965515625 0.5720626625 0.6120086203125 0.5720626625 0.6120086203125 0.8144255875
10 0.0183706890625 0.8124020890624999 0.2506206890625 0.8124020890624999 0.2506206890625 0.6952349875 0.0183706890625 0.6952349875 0.0183706890625 0.8124020890624999
2 0.6062413796875 0.45257180156250004 0.9641896546875 0.45257180156250004 0.9641896546875 0.0967101828125 0.6062413796875 0.0967101828125 0.6062413796875 0.45257180156250004
2 0.96711206875 0.8191906 0.9654827593749999 0.4488120109375 0.7184655171875 0.44511749375000004 0.7184655171875 0.574738903125 0.6059482765624999 0.5698433421875 0.6051724140625 0.811749346875 0.96711206875 0.8191906
0 0.012844828124999999 0.4568537859375 0.1118793109375 0.4568537859375 0.1118793109375 0.0913838125 0.012844828124999999 0.0913838125 0.012844828124999999 0.4568537859375
0 0.8486206890625001 0.967963446875 0.9669913796875 0.967963446875 0.9669913796875 0.818537859375 0.8486206890625001 0.818537859375 0.8486206890625001 0.967963446875