0 0.6738999999999999 0.9883540375000001 0.9901166671875 0.9883540375000001 0.9901166671875 0.8829503109375001 0.6738999999999999 0.8829503109375001 0.6738999999999999 0.9883540375000001
3 0.3192333328125 0.483012421875 0.48495 0.483012421875 0.48495 0.3654813671875 0.3192333328125 0.3654813671875 0.3192333328125 0.483012421875
6 0.1589166671875 0.86947205 0.3793666671875 0.86947205 0.3793666671875 0.5546583843749999 0.1589166671875 0.5546583843749999 0.1589166671875 0.86947205
5 0.7831 0.0959782609375 0.8879666671875001 0.0959782609375 0.8879666671875001 0.006319875 0.7831 0.006319875 0.7831 0.0959782609375
7 0.63415 0.41661490624999997 0.9901166671875 0.41661490624999997 0.9901166671875 0.0176242234375 0.63415 0.0176242234375 0.63415 0.41661490624999997
1 0.1607333328125 0.3054347828125 0.4968166671875 0.3054347828125 0.4968166671875 0.0193012421875 0.1607333328125 0.0193012421875 0.1607333328125 0.3054347828125
9 0.5004333328125 0.2112267078125 0.6305333328125 0.2112267078125 0.6305333328125 0.014254657812499998 0.5004333328125 0.014254657812499998 0.5004333328125 0.2112267078125
1 0.3920166671875 0.866102484375 0.6648666671875 0.866102484375 0.6648666671875 0.5580279499999999 0.3920166671875 0.5580279499999999 0.3920166671875 0.866102484375
0 0.0161666671875 0.871164596875 0.13905 0.871164596875 0.13905 0.32065217343749997 0.0161666671875 0.32065217343749997 0.0161666671875 0.871164596875
0 0.01255 0.308866459375 0.13905 0.308866459375 0.13905 0.0159472046875 0.01255 0.0159472046875 0.01255 0.308866459375
0 0.3866 0.98944099375 0.6648666671875 0.98944099375 0.6648666671875 0.8795807453125001 0.3866 0.8795807453125001 0.3866 0.98944099375
2 0.6683333328125001 0.8771583843749999 0.9996 0.8734472046875 0.9982833328125 0.41913043437499997 0.7571666671874999 0.41909937812500003 0.7558333328125 0.547515528125 0.66435 0.5487577640625 0.6683333328125001 0.8771583843749999
9 0.762 0.5479813671875 0.9933333328125 0.5479813671875 0.9933333328125 0.4234472046875 0.762 0.4234472046875 0.762 0.5479813671875