0 0.3261 0.8829503109375001 0.0098833328125 0.8829503109375001 0.0098833328125 0.9883540375000001 0.3261 0.9883540375000001 0.3261 0.8829503109375001
3 0.6807666671875 0.3654813671875 0.51505 0.3654813671875 0.51505 0.483012421875 0.6807666671875 0.483012421875 0.6807666671875 0.3654813671875
6 0.8410833328124999 0.5546583843749999 0.6206333328125 0.5546583843749999 0.6206333328125 0.86947205 0.8410833328124999 0.86947205 0.8410833328124999 0.5546583843749999
5 0.2169 0.006319875 0.11203333281250001 0.006319875 0.11203333281250001 0.0959782609375 0.2169 0.0959782609375 0.2169 0.006319875
7 0.36585 0.0176242234375 0.0098833328125 0.0176242234375 0.0098833328125 0.41661490624999997 0.36585 0.41661490624999997 0.36585 0.0176242234375
1 0.8392666671875 0.0193012421875 0.5031833328124999 0.0193012421875 0.5031833328124999 0.3054347828125 0.8392666671875 0.3054347828125 0.8392666671875 0.0193012421875
9 0.4995666671875 0.014254657812499998 0.3694666671875 0.014254657812499998 0.3694666671875 0.2112267078125 0.4995666671875 0.2112267078125 0.4995666671875 0.014254657812499998
1 0.6079833328124999 0.5580279499999999 0.3351333328125 0.5580279499999999 0.3351333328125 0.866102484375 0.6079833328124999 0.866102484375 0.6079833328124999 0.5580279499999999
0 0.9838333328125 0.32065217343749997 0.8609500000000001 0.32065217343749997 0.8609500000000001 0.871164596875 0.9838333328125 0.871164596875 0.9838333328125 0.32065217343749997
0 0.9874499999999999 0.0159472046875 0.8609500000000001 0.0159472046875 0.8609500000000001 0.308866459375 0.9874499999999999 0.308866459375 0.9874499999999999 0.0159472046875
0 0.6134000000000001 0.8795807453125001 0.3351333328125 0.8795807453125001 0.3351333328125 0.98944099375 0.6134000000000001 0.98944099375 0.6134000000000001 0.8795807453125001
2 0.33565 0.5487577640625 0.24416666718750002 0.547515528125 0.2428333328125 0.41909937812500003 0.0017166671875000002 0.41913043437499997 0.0004 0.8734472046875 0.33166666718750004 0.8771583843749999 0.33565 0.5487577640625
9 0.238 0.4234472046875 0.0066666671875 0.4234472046875 0.0066666671875 0.5479813671875 0.238 0.5479813671875 0.238 0.4234472046875