3 0.3768655984375 0.2619409640625 0.41085810624999997 0.443011575 0.53880099375 0.4219143734375 0.5048084859374999 0.24084376093749998 0.3768655984375 0.2619409640625
6 0.8701969984375 0 0.549916578125 0.0528127875 0.5951362203125 0.293687875 0.9378385734375 0.2371778125 0.8933130234375 0 0.8701969984375 0
5 0.08103704375000001 0.8332563453124999 0.10254774062500001 0.9478390953125 0.200148775 0.9317451265625 0.17863807812500002 0.817162378125 0.08103704375000001 0.8332563453124999
7 0.0627895609375 0.6684766953125 0.12468535624999999 0.998181978125 0.5559531343749999 0.9881441093750001 0.570143396875 0.9858041999999999 0.4971259984375 0.5968565859375 0.0627895609375 0.6684766953125
1 0.27898741718750003 0.0995342109375 0.0067268765625 0.1444287390625 0.02006891875 0.43088771875000004 0.036444746875 0.518118153125 0.3479262625 0.46675626406250004 0.27898741718750003 0.0995342109375
9 0.0316929609375 0.5229757875 0.058379628125000006 0.6651297859375 0.272801021875 0.629772671875 0.24611435625000003 0.48761867187499996 0.0316929609375 0.5229757875
1 0.6013991125 0.3069050734375 0.6573672640625 0.6050351109375 0.9927334796875 0.54973474375 0.9367653265625 0.25160470468749996 0.6013991125 0.3069050734375
0 0.3993959359375 0 0.2810437640625 0.0195157359375 0.2911051078125 0.0731103078125 0.73447878125 0 0.3993959359375 0
0 0.0055979 0.12018915156250001 0.2782753234375 0.07522588125 0.2682139796875 0.021631309374999998 0.003044034375 0.06535663124999999 0.0055979 0.12018915156250001
0 1 0.326386328125 0.9833729281249999 0.2378175765625 0.9503265093750001 0.2432667828125 1 0.5078665359375 1 0.326386328125
2 1 0.55237301875 0.64716986875 0.606134603125 0.6645830375 0.706317015625 0.5250642671875 0.730824996875 0.5733290234374999 0.9877396812500001 0.5815391546875001 0.9875485890625001 1 0.9185462937500001 1 0.55237301875
9 0.5307886921875 0.7353256984375001 0.578153459375 0.9876273921875001 0.5815391578125 0.9875485890625001 0.7138071546875 0.9657381953125 0.6663550765624999 0.712971415625 0.5307886921875 0.7353256984375001