7 0.47444175624999996 0.243546415625 0.193571628125 0.3048999640625 0.26982776406250003 0.66332251875 0.55069789375 0.6019689703125 0.47444175624999996 0.243546415625
0 1 0.622560209375 0.84905821875 0.6555320828125 0.8770693140624999 0.7871910984375 1 0.7603379968749999 1 0.622560209375
9 0.7751133734375 0.013098154687499999 0.8048173406249999 0.1527140953125 0.9517961734375 0.12060789218750001 0.9270403421875001 0.004249415625 0.7751133734375 0.013098154687499999
2 1 0.34717770937500003 0.9270403421875001 0.004249415625 0.7633497765625 0.013783306249999999 0.7916793484375 0.149665115625 0.7447437421875 0.161327028125 0.8454608984374999 0.6465627359375 1 0.6102491515625 1 0.34717770937500003
9 0.8270785593750001 0.5397014421875 0.6957512765625 0.568388703125 0.7647905546875 0.892890246875 0.8961178359374999 0.8642029843750001 0.8270785593750001 0.5397014421875
1 0.7109983359375 1 0.7800181015625001 0.984923253125 0.6937468625000001 0.5794272515625 0.465383665625 0.6293111359375 0.5442495203125 1 0.7109983359375 1
3 0.6807000515625 0.274355834375 0.515256634375 0.310495459375 0.5575836609375 0.50944286875 0.723027078125 0.47330324375000005 0.6807000515625 0.274355834375
6 0.391902428125 0.2542169640625 0.5995137171875 0.208866146875 0.560522246875 0.025596664062500003 0.4606491484375 0.031413609375 0.3496581703125 0.0556585890625 0.391902428125 0.2542169640625
0 0.454156365625 0.6287102609375 0.30316549843749996 0.66169285625 0.3342422453125 0.80776119375 0.4852331125 0.7747785984375 0.454156365625 0.6287102609375
5 0.24454045624999998 0.121524475 0.170174846875 0.1377689734375 0.2083729515625 0.317309434375 0.282738559375 0.30106493749999996 0.24454045624999998 0.121524475
10 0.5689594578125 0.025105253124999997 0.607230453125 0.204988328125 0.7512947953125 0.17351877031250001 0.71787381875 0.016431978125 0.5689594578125 0.025105253124999997