7 0.61842715 0.4834918609375 0.6121226875 0.21240629218749998 0.2660544859375 0.20434491718749997 0.2723589484375 0.4754304859375 0.61842715 0.4834918609375
0 0.8656421359375001 0.94225635625 0.861256359375 0.75367238125 0.73413545625 0.7507112031250001 0.7385212328125 0.939295178125 0.8656421359375001 0.94225635625
9 0.2626387328125 0.7975582265625001 0.07813355625 0.7932603296875 0.0820661984375 0.9623600046874999 0.21604119375000003 0.9678190687500001 0.2666257828125 0.9689973953125 0.2626387328125 0.7975582265625001
2 0.06236974375 0.9615574359375 0.5101812875 0.9798043578125 0.7268683234375 0.9848519046875 0.7250986234375 0.7489437328124999 0.2571500953125 0.7403653593749999 0.2569098046875 0.785912128125 0.060591004687500005 0.78213976875 0.06236974375 0.9615574359375
9 0.9362077765624999 0.75787386875 0.9332599796875 0.6311215812500001 0.6199435796875 0.623823134375 0.622891375 0.7505754203125 0.9362077765624999 0.75787386875
1 1 0.40837531875 0.6245050859375 0.399628471875 0.629630965625 0.6200362703125 1 0.6286637109375001 1 0.40837531875
3 0.5387290890624999 0.66572208125 0.5350155156249999 0.5060421484375001 0.342925559375 0.5015675703125 0.3466391328125 0.661247503125 0.5387290890624999 0.66572208125
6 0.26840973749999997 0.5974312890625 0.2637496578125 0.3970524703125 0.02186020625 0.3914178546875 0.0265202875 0.5917966734375 0.26840973749999997 0.5974312890625
0 0.7624833578125 0.3926110734375 0.759094190625 0.246880215625 0.6180606359375 0.24359495625 0.621449803125 0.3893258125 0.7624833578125 0.3926110734375
5 0.2824173109375 0.28767230781249997 0.2807480859375 0.21589734531250002 0.1073961484375 0.2118592546875 0.1090653734375 0.28363421718750004 0.2824173109375 0.28767230781249997
10 0.2698040390625 0.74430786875 0.26657034375 0.605262240625 0.0500068328125 0.6002175703125 0.053240528125 0.7392632 0.2698040390625 0.74430786875