7 0.44930210625000006 0.6019689703125 0.7301722359375 0.66332251875 0.8064283718749999 0.3048999640625 0.52555824375 0.243546415625 0.44930210625000006 0.6019689703125
0 0 0.7603379968749999 0.1229306859375 0.7871910984375 0.15094178125 0.6555320828125 0 0.622560209375 0 0.7603379968749999
9 0.0729596578125 0.004249415625 0.0482038265625 0.12060789218750001 0.19518265937499998 0.1527140953125 0.22488662656249997 0.013098154687499999 0.0729596578125 0.004249415625
2 0 0.6102491515625 0.1545391015625 0.6465627359375 0.2552562578125 0.161327028125 0.20832065156250001 0.149665115625 0.2366502234375 0.013783306249999999 0.0729596578125 0.004249415625 0 0.34717770937500003 0 0.6102491515625
9 0.10388216406249999 0.8642029843750001 0.2352094453125 0.892890246875 0.3042487234375 0.568388703125 0.17292144062499998 0.5397014421875 0.10388216406249999 0.8642029843750001
1 0.45575047968750004 1 0.534616334375 0.6293111359375 0.3062531375 0.5794272515625 0.2199818984375 0.984923253125 0.2890016640625 1 0.45575047968750004 1
3 0.276972921875 0.47330324375000005 0.4424163390625 0.50944286875 0.484743365625 0.310495459375 0.3192999484375 0.274355834375 0.276972921875 0.47330324375000005
6 0.6503418296875 0.0556585890625 0.5393508515625001 0.031413609375 0.439477753125 0.025596664062500003 0.4004862828125 0.208866146875 0.608097571875 0.2542169640625 0.6503418296875 0.0556585890625
0 0.5147668875 0.7747785984375 0.6657577546875 0.80776119375 0.6968345015625 0.66169285625 0.5458436343749999 0.6287102609375 0.5147668875 0.7747785984375
5 0.717261440625 0.30106493749999996 0.7916270484375 0.317309434375 0.8298251531249999 0.1377689734375 0.75545954375 0.121524475 0.717261440625 0.30106493749999996
10 0.28212618125 0.016431978125 0.24870520468750001 0.17351877031250001 0.392769546875 0.204988328125 0.4310405421875 0.025105253124999997 0.28212618125 0.016431978125