7 0.7276410515625 0.4754304859375 0.7339455140625 0.20434491718749997 0.3878773125 0.21240629218749998 0.38157285 0.4834918609375 0.7276410515625 0.4754304859375
0 0.26147876718749996 0.939295178125 0.26586454375 0.7507112031250001 0.138743640625 0.75367238125 0.1343578640625 0.94225635625 0.26147876718749996 0.939295178125
9 0.7333742171875001 0.9689973953125 0.78395880625 0.9678190687500001 0.9179338015624999 0.9623600046874999 0.9218664437499999 0.7932603296875 0.7373612671875 0.7975582265625001 0.7333742171875001 0.9689973953125
2 0.9394089953125 0.78213976875 0.7430901953125 0.785912128125 0.7428499046875 0.7403653593749999 0.2749013765625 0.7489437328124999 0.2731316765625 0.9848519046875 0.4898187125 0.9798043578125 0.93763025625 0.9615574359375 0.9394089953125 0.78213976875
9 0.37710862500000003 0.7505754203125 0.3800564203125 0.623823134375 0.06674002031250001 0.6311215812500001 0.06379222343749999 0.75787386875 0.37710862500000003 0.7505754203125
1 0 0.6286637109375001 0.370369034375 0.6200362703125 0.3754949140625 0.399628471875 0 0.40837531875 0 0.6286637109375001
3 0.6533608671875 0.661247503125 0.657074440625 0.5015675703125 0.46498448437500006 0.5060421484375001 0.46127091093750006 0.66572208125 0.6533608671875 0.661247503125
6 0.9734797125 0.5917966734375 0.9781397937499999 0.3914178546875 0.7362503421875 0.3970524703125 0.7315902624999999 0.5974312890625 0.9734797125 0.5917966734375
0 0.37855019687499997 0.3893258125 0.3819393640625 0.24359495625 0.240905809375 0.246880215625 0.2375166421875 0.3926110734375 0.37855019687499997 0.3893258125
5 0.8909346265625 0.28363421718750004 0.8926038515625001 0.2118592546875 0.7192519140625 0.21589734531250002 0.7175826890625 0.28767230781249997 0.8909346265625 0.28363421718750004
10 0.946759471875 0.7392632 0.9499931671875 0.6002175703125 0.73342965625 0.605262240625 0.7301959609375 0.74430786875 0.946759471875 0.7392632