7 0.7570775859375 0.3972867140625 0.4945517234375 0.3972867140625 0.4945517234375 0.7323076921875 0.7570775859375 0.7323076921875 0.7570775859375 0.3972867140625
0 0.23824137968749998 0.1681678328125 0.05561206875 0.1681678328125 0.05561206875 0.29123076875 0.23824137968749998 0.29123076875 0.23824137968749998 0.1681678328125
9 0.182206896875 0.7489790203125 0.016181034375 0.7489790203125 0.016181034375 0.9275944062500001 0.182206896875 0.9275944062500001 0.182206896875 0.7489790203125
2 0.19336206875 0.754265734375 0.2375 0.75300699375 0.23975 0.29994405625 0.005344828125 0.3036363640625 0.0038793109375000003 0.9468531468749999 0.19258620625 0.9443356640625 0.19336206875 0.754265734375
9 0.35861206874999996 0.0956643359375 0.23586206875000001 0.0956643359375 0.23586206875000001 0.3989790203125 0.35861206874999996 0.3989790203125 0.35861206874999996 0.0956643359375
1 0.5759482765625 0.0104895109375 0.3625 0.0104895109375 0.3625 0.38951048906249996 0.5759482765625 0.38951048906249996 0.5759482765625 0.0104895109375
3 0.47081896562500003 0.47858741250000003 0.316181034375 0.47858741250000003 0.316181034375 0.6645454546875 0.47081896562500003 0.6645454546875 0.47081896562500003 0.47858741250000003
6 0.5703017234375001 0.73888111875 0.37625000000000003 0.73888111875 0.37625000000000003 0.9730489515625 0.5703017234375001 0.9730489515625 0.5703017234375001 0.73888111875
0 0.7269913796874999 0.25570629375 0.58586206875 0.25570629375 0.58586206875 0.39223776250000003 0.7269913796874999 0.39223776250000003 0.7269913796874999 0.25570629375
5 0.7462155171875 0.7183356640625 0.6767068968750001 0.7183356640625 0.6767068968750001 0.886153846875 0.7462155171875 0.886153846875 0.7462155171875 0.7183356640625
10 0.3686206890625 0.7408391609375 0.2339655171875 0.7408391609375 0.2339655171875 0.9504895109374999 0.3686206890625 0.9504895109374999 0.3686206890625 0.7408391609375