5 0.591237653125 0.3545378671875 0.6387308671875 0.09189245 0.557225540625 0.0813158484375 0.5097323281249999 0.3439612640625 0.591237653125 0.3545378671875
7 0.49704963593749996 0.86694693125 0.565436334375 0.48875704999999997 0.389235003125 0.4658921453125 0.320848303125 0.844082028125 0.49704963593749996 0.86694693125
3 0.3133905890625 0.749441975 0.3583689375 0.5007041875 0.2383918140625 0.4851352609375 0.193413465625 0.7338730499999999 0.3133905890625 0.749441975
10 0.2502959515625 0.28684947968749996 0.2926123671875 0.0528326296875 0.22560814062499998 0.0441377734375 0.18329172656249998 0.27815462343749997 0.2502959515625 0.28684947968749996
6 0.5073589703125 0.348619915625 0.5673186640625001 0.0170327859375 0.539350853125 0.013403521875 0.3054704921875 0.020208745312500002 0.25207534531250003 0.315492834375 0.5073589703125 0.348619915625
2 0 0.7864371453125 0.16211266875000002 0.8074738234375 0.251995171875 0.3003328234375 0.173765884375 0.2901813375 0.2157041640625 0.0481799109375 0.07248572187499999 0.02959505625 0 0.43045322500000005 0 0.7864371453125
9 0.169514303125 0.2983697875 0.2166741625 0.037567875 0.1236667390625 0.025498693750000002 0.0729596578125 0.026974118749999998 0.0272230421875 0.27990525 0.169514303125 0.2983697875
0 0.469371525 1 0.49496506250000005 0.8584634515625 0.3230411203125 0.8361536062500001 0.29394123125 0.9970808546875001 0.316436721875 1 0.469371525 1
1 0.7412190328125 0.8983542999999999 0.9183722703124999 0.9213427296875001 0.9874464703125 0.539350853125 0.9910326312500001 0.3852747203125 0.8375977078125001 0.365364115625 0.7412190328125 0.8983542999999999
1 0.7176512921875 1 0.8029684187499999 0.5281820140625 0.5668465203124999 0.49754146875 0.475988775 1 0.7176512921875 1
9 0.8984420406250001 0.37103990625 0.941925196875 0.130570784375 0.7597033734374999 0.10692462656249999 0.71622021875 0.3473937484375 0.8984420406250001 0.37103990625