5 0.5620628609375 0.9266796328125 0.5440647703125 0.668823634375 0.4635517453125 0.666006909375 0.481549834375 0.9238629062499999 0.5620628609375 0.9266796328125
7 0.6298747 0.540185684375 0.6039587890625 0.1688922109375 0.4299026421875 0.1628029046875 0.455818553125 0.5340963796875 0.6298747 0.540185684375
3 0.7695076249999999 0.5079258171875 0.7524625734375 0.2637238359375 0.6339461265625 0.259577571875 0.650991178125 0.503779553125 0.7695076249999999 0.5079258171875
10 0.88822916875 0.9324882015625 0.8721928875 0.7027387203125001 0.8060044124999999 0.7004231359374999 0.822040696875 0.93017261875 0.88822916875 0.9324882015625
6 0.8202144328125 1 0.7973855109375 0.67293335625 0.54520986875 0.6641110625 0.5686545796875 1 0.8202144328125 1
2 1 0.198067540625 0.7646279859375 0.18983311875 0.80112310625 0.687560975 0.8783999828125 0.690264484375 0.8967261000000001 0.9276876671875 1 0.9313006765624999 1 0.198067540625
9 1 0.6861550546874999 0.8804891890625001 0.681974003125 0.89836095 0.9380201078124999 1 0.9415759234375001 1 0.6861550546874999
0 0.6037759765625 0.17674491875 0.59361079375 0.0311098234375 0.49563658125 0.0259752125 0.42366052343750005 0.02345715 0.4339451453125 0.170803434375 0.6037759765625 0.17674491875
1 0.18877291875 0.1546325609375 0.007772089062499999 0.148300296875 0.0264325671875 0.5043634296875 0.038088346875 0.6713540734375 0.225296703125 0.6779035062500001 0.18877291875 0.1546325609375
1 0.45234842343750004 0.5257441593750001 0.41727369999999997 0.023233709375 0.18402649531249998 0.015073621875000002 0.21910121875000002 0.517584071875 0.45234842343750004 0.5257441593750001
9 0.3622109296875 0.92032509375 0.345732496875 0.684241 0.1657291578125 0.6779436343749999 0.1822075890625 0.914027728125 0.3622109296875 0.92032509375