5 0.49026767187500003 0.3439612640625 0.442774459375 0.0813158484375 0.3612691328125 0.09189245 0.408762346875 0.3545378671875 0.49026767187500003 0.3439612640625
7 0.679151696875 0.844082028125 0.610764996875 0.4658921453125 0.434563665625 0.48875704999999997 0.5029503640625 0.86694693125 0.679151696875 0.844082028125
3 0.8065865343749999 0.7338730499999999 0.7616081859375 0.4851352609375 0.6416310625 0.5007041875 0.6866094109375 0.749441975 0.8065865343749999 0.7338730499999999
10 0.8167082734375001 0.27815462343749997 0.774391859375 0.0441377734375 0.7073876328125001 0.0528326296875 0.7497040484374999 0.28684947968749996 0.8167082734375001 0.27815462343749997
6 0.7479246546875 0.315492834375 0.6945295078125 0.020208745312500002 0.46064914687499997 0.013403521875 0.43268133593749997 0.0170327859375 0.4926410296875 0.348619915625 0.7479246546875 0.315492834375
2 1 0.43045322500000005 0.9275142781250001 0.02959505625 0.7842958359375001 0.0481799109375 0.826234115625 0.2901813375 0.748004828125 0.3003328234375 0.8378873312499999 0.8074738234375 1 0.7864371453125 1 0.43045322500000005
9 0.9727769578125001 0.27990525 0.9270403421875001 0.026974118749999998 0.8763332609375001 0.025498693750000002 0.7833258375 0.037567875 0.8304856968750001 0.2983697875 0.9727769578125001 0.27990525
0 0.6835632781250001 1 0.70605876875 0.9970808546875001 0.6769588796875 0.8361536062500001 0.5050349375 0.8584634515625 0.530628475 1 0.6835632781250001 1
1 0.1624022921875 0.365364115625 0.00896736875 0.3852747203125 0.0125535296875 0.539350853125 0.0816277296875 0.9213427296875001 0.2587809671875 0.8983542999999999 0.1624022921875 0.365364115625
1 0.524011225 1 0.4331534796875 0.49754146875 0.19703158125 0.5281820140625 0.2823487078125 1 0.524011225 1
9 0.28377978125 0.3473937484375 0.2402966265625 0.10692462656249999 0.058074803125 0.130570784375 0.101557959375 0.37103990625 0.28377978125 0.3473937484375