5 0.3688 0.48159953906249997 0.1266 0.48159953906249997 0.1266 0.5574683546875 0.3688 0.5574683546875 0.3688 0.48159953906249997
7 0.8414999999999999 0.39205983906249997 0.49275 0.39205983906249997 0.49275 0.55607595 0.8414999999999999 0.55607595 0.8414999999999999 0.39205983906249997
3 0.7571 0.2580322203125 0.527725 0.2580322203125 0.527725 0.36971231250000003 0.7571 0.36971231250000003 0.7571 0.2580322203125
10 0.347675 0.1738780203125 0.13187500000000002 0.1738780203125 0.13187500000000002 0.23624856093750002 0.347675 0.23624856093750002 0.347675 0.1738780203125
6 0.37327499999999997 0.242577675 0.0115 0.242577675 0.0115 0.48020713437499996 0.37327499999999997 0.48020713437499996 0.37327499999999997 0.242577675
2 0.136675 0.1655350984375 0.359625 0.167192175 0.359625 0.24001150781249997 0.827075 0.241668584375 0.827075 0.0033256609375 0.136675 0.006639815625000001 0.136675 0.1655350984375
9 0.3675 0.009436132812500001 0.127 0.009436132812500001 0.127 0.16467203749999998 0.3675 0.16467203749999998 0.3675 0.009436132812500001
0 0.99275 0.3927502875 0.8341 0.3927502875 0.8341 0.5527848093750001 0.99275 0.5527848093750001 0.99275 0.3927502875
1 0.8412499999999999 0.7833141546875 0.34975 0.7833141546875 0.34975 0.9895742234375 0.8412499999999999 0.9895742234375 0.8412499999999999 0.7833141546875
1 0.99025 0.558803221875 0.5005 0.558803221875 0.5005 0.7785960875 0.99025 0.7785960875 0.99025 0.558803221875
9 0.34775 0.669965478125 0.126 0.669965478125 0.126 0.83958573125 0.34775 0.83958573125 0.34775 0.669965478125