3 0.682784090625 0.6096387828125 0.5080113640625 0.6096387828125 0.5080113640625 0.7996958171874999 0.682784090625 0.7996958171874999 0.682784090625 0.6096387828125
9 0.9399242421875 0.38053231875 0.7306250000000001 0.38053231875 0.7306250000000001 0.5241064640624999 0.9399242421875 0.5241064640624999 0.9399242421875 0.38053231875
1 0.41863636406250004 0.077452471875 0.0322727265625 0.077452471875 0.0322727265625 0.3847528515625 0.41863636406250004 0.3847528515625 0.41863636406250004 0.077452471875
9 0.313219696875 0.3891634984375 0.054223484375 0.3891634984375 0.054223484375 0.5391064640625001 0.313219696875 0.5391064640625001 0.313219696875 0.3891634984375
6 0.9554924249999999 0.538326996875 0.7439772734375001 0.538326996875 0.7439772734375001 0.8332699625 0.9554924249999999 0.8332699625 0.9554924249999999 0.538326996875
0 0.4515151515625 0.8807984796874999 0.06935606093749999 0.8807984796874999 0.06935606093749999 0.9605703421875 0.4515151515625 0.9605703421875 0.4515151515625 0.8807984796874999
0 0.747007575 0.827129278125 0.46914772656250003 0.827129278125 0.46914772656250003 0.9480798484375 0.747007575 0.9480798484375 0.747007575 0.827129278125
10 0.9632575750000001 0.8576045625000001 0.7596969703124999 0.8576045625000001 0.7596969703124999 0.9365019015625 0.9632575750000001 0.9365019015625 0.9632575750000001 0.8576045625000001
7 0.9268560609375 0.0482699625 0.43772727343750006 0.0482699625 0.43772727343750006 0.378650190625 0.9268560609375 0.378650190625 0.9268560609375 0.0482699625
5 0.931155303125 0.028136882812500003 0.8245454546875 0.028136882812500003 0.8245454546875 0.1338783265625 0.931155303125 0.1338783265625 0.931155303125 0.028136882812500003
2 0.45653409062500006 0.8643726234375 0.44393939375 0.525285171875 0.32255681875 0.5321863125 0.3157007578125 0.3758555140625 0.043162878125 0.393098859375 0.0637689390625 0.8816159703125 0.45653409062500006 0.8643726234375