3 0.631743378125 0.5547346484375 0.5849751999999999 0.7440277796875 0.789037346875 0.7853010953124999 0.8358055265625 0.5960079640625 0.631743378125 0.5547346484375
9 0.42530853593750007 1 0.4803381375 0.777268953125 0.3261841578125 0.7460899921874999 0.27017688125 0.972778159375 0.404766196875 1 0.42530853593750007 1
1 0.16860148749999998 0.0009808953125000001 0.0842570265625 0.3423631640625 0.41420206562499995 0.409097371875 0.5145371328125 0.0029934890624999998 0.16860148749999998 0.0009808953125000001
9 0.516452521875 0.015366303125 0.447146621875 0.29588034375 0.6081387359375 0.3284423765625 0.6774446359375 0.0479283359375 0.516452521875 0.015366303125
6 0.7738417984375 1 0.8087105921875001 0.8588693609375 0.4920335734375 0.7948187250000001 0.44133995 1 0.7738417984375 1
0 0.9803321578125 0.3811026078125 0.938002621875 0.5524304328125 0.9700499953125 0.5589122875 0.9712729625 0.5539623515625001 0.9803321578125 0.3811026078125
0 0.8013065156250001 0.8608178984375 0.8909779171875 0.87895470625 0.96533161875 0.5780098078125 0.8756602171875001 0.5598729984374999 0.8013065156250001 0.8608178984375
10 0.8610715593749999 1 0.887582309375 0.89269835625 0.8306318859375 0.8811796453125 0.8012752375 1 0.8610715593749999 1
7 0 0.903271371875 0.2716530296875 0.9582155218749999 0.40254108593750004 0.42844911406249997 0.047815470312500004 0.356702825 0 0.5502348453125 0 0.903271371875
5 0 0.9081604921875 0.007693720312500001 0.9097166124999999 0.036221903124999996 0.79424944375 0 0.786923253125 0 0.9081604921875
2 0.5236376328125 0.0042413765625 0.43219406875 0.2956775359375 0.598210084375 0.337052440625 0.5583191249999999 0.4670210109375 0.9190233234375 0.55429926875 0.9826248796874999 0.3373548890625 0.9939840249999999 0.1206094609375 0.5236376328125 0.0042413765625