3 0.317215909375 0.7996958171874999 0.4919886359375 0.7996958171874999 0.4919886359375 0.6096387828125 0.317215909375 0.6096387828125 0.317215909375 0.7996958171874999
9 0.0600757578125 0.5241064640624999 0.26937500000000003 0.5241064640624999 0.26937500000000003 0.38053231875 0.0600757578125 0.38053231875 0.0600757578125 0.5241064640624999
1 0.5813636359375 0.3847528515625 0.9677272734375 0.3847528515625 0.9677272734375 0.077452471875 0.5813636359375 0.077452471875 0.5813636359375 0.3847528515625
9 0.686780303125 0.5391064640625001 0.945776515625 0.5391064640625001 0.945776515625 0.3891634984375 0.686780303125 0.3891634984375 0.686780303125 0.5391064640625001
6 0.044507575 0.8332699625 0.2560227265625 0.8332699625 0.2560227265625 0.538326996875 0.044507575 0.538326996875 0.044507575 0.8332699625
0 0.5484848484375 0.9605703421875 0.9306439390625 0.9605703421875 0.9306439390625 0.8807984796874999 0.5484848484375 0.8807984796874999 0.5484848484375 0.9605703421875
0 0.252992425 0.9480798484375 0.5308522734375 0.9480798484375 0.5308522734375 0.827129278125 0.252992425 0.827129278125 0.252992425 0.9480798484375
10 0.036742425 0.9365019015625 0.2403030296875 0.9365019015625 0.2403030296875 0.8576045625000001 0.036742425 0.8576045625000001 0.036742425 0.9365019015625
7 0.0731439390625 0.378650190625 0.5622727265624999 0.378650190625 0.5622727265624999 0.0482699625 0.0731439390625 0.0482699625 0.0731439390625 0.378650190625
5 0.068844696875 0.1338783265625 0.1754545453125 0.1338783265625 0.1754545453125 0.028136882812500003 0.068844696875 0.028136882812500003 0.068844696875 0.1338783265625
2 0.9362310609375 0.8816159703125 0.956837121875 0.393098859375 0.6842992421874999 0.3758555140625 0.6774431812499999 0.5321863125 0.55606060625 0.525285171875 0.543465909375 0.8643726234375 0.9362310609375 0.8816159703125