7 0.8719248281249999 0.8190794921875 0.795227871875 0.45083807968749995 0.6377588281250001 0.4887977484375 0.7144557828125 0.8570391624999999 0.8719248281249999 0.8190794921875
6 0.5964934828125 0.3123177296875 0.5588533546875001 0.131597984375 0.395656615625 0.17093837812499998 0.43329674375 0.35165812343749997 0.5964934828125 0.3123177296875
0 0.7089556046875 0.0041245828125 0.7381595484375 0.144340071875 0.786121390625 0.132778334375 0.7593866234375 0.0044179828125 0.7089556046875 0.0041245828125
0 0.9123251609375 0.7314789109375 0.8659078984375 0.5086179328125 0.8186635375 0.5200067125000001 0.8650808015625 0.7428676921874999 0.9123251609375 0.7314789109375
10 0.5558878171875 0.12821299531250002 0.5399810359375 0.051840534375000004 0.3782192625 0.0908350140625 0.3941260421875 0.167207475 0.5558878171875 0.12821299531250002
9 0.78988111875 0.43957673281250004 0.7578829265625 0.2859453421875 0.68916275 0.3025111078125 0.7211609421875 0.4561424984375 0.78988111875 0.43957673281250004
9 0.555381784375 0.562491 0.5258938796875 0.42091214218750006 0.45288097499999996 0.4385127171875 0.48236887812499996 0.580091575 0.555381784375 0.562491
1 0.7542610375 0.2721735078125 0.6988571546875 0.0061654984375 0.5449633578124999 0.0432633140625 0.6003672421874999 0.3092713234375 0.7542610375 0.2721735078125
3 0.7004530015625 0.48401484687499996 0.6756235125 0.36480220937499996 0.5592576703125001 0.3928534921875 0.5840871609375 0.51206613125 0.7004530015625 0.48401484687499996
2 0.646752228125 0.544976778125 0.5584849875 0.5626739125 0.5279496515625001 0.4160660625 0.44768895937500003 0.435413796875 0.545331028125 0.9042179656249999 0.713148834375 0.8637636125 0.646752228125 0.544976778125
5 0.7800195859375 0.90582953125 0.761556359375 0.8171829234375 0.7104813734375 0.82949511875 0.7289446015625 0.9181417250000001 0.7800195859375 0.90582953125