7 0.5063577234375 0.3320459765625 0.8575934953125 0.3320459765625 0.8575934953125 0.183206896875 0.5063577234375 0.183206896875 0.5063577234375 0.3320459765625
6 0.1646666671875 0.49035632187499995 0.33704065 0.49035632187499995 0.33704065 0.3361034484375 0.1646666671875 0.3361034484375 0.1646666671875 0.49035632187499995
0 0.0785365859375 0.17711494218749999 0.21549593437499998 0.17711494218749999 0.21549593437499998 0.131781609375 0.0785365859375 0.131781609375 0.0785365859375 0.17711494218749999
0 0.57430894375 0.175080459375 0.7868780484375 0.175080459375 0.7868780484375 0.1304252875 0.57430894375 0.1304252875 0.57430894375 0.175080459375
10 0.0880975609375 0.4910344828125 0.16094308906250002 0.4910344828125 0.16094308906250002 0.33813793125 0.0880975609375 0.33813793125 0.0880975609375 0.4910344828125
9 0.3484227640625 0.25086206875 0.49495934999999996 0.25086206875 0.49495934999999996 0.1859080453125 0.3484227640625 0.1859080453125 0.3484227640625 0.25086206875
9 0.42021138281250003 0.48901149374999997 0.5552520328125 0.48901149374999997 0.5552520328125 0.42000000000000004 0.42021138281250003 0.42000000000000004 0.42021138281250003 0.48901149374999997
1 0.0813983734375 0.3320459765625 0.3351219515625 0.3320459765625 0.3351219515625 0.18658620625 0.0813983734375 0.18658620625 0.0813983734375 0.3320459765625
3 0.40203252031250003 0.38471264375 0.5157398375 0.38471264375 0.5157398375 0.2747241375 0.40203252031250003 0.2747241375 0.40203252031250003 0.38471264375
2 0.863414634375 0.4931034484375 0.863414634375 0.334482759375 0.55934959375 0.334482759375 0.5560975609375001 0.4172413796875 0.4162601625 0.4172413796875 0.4162601625 0.4931034484375 0.863414634375 0.4931034484375
5 0.8317073171875 0.33045977031249996 0.9162601625000001 0.33045977031249996 0.9162601625000001 0.2821839078125 0.8317073171875 0.2821839078125 0.8317073171875 0.33045977031249996