7 0.49364227656250004 0.183206896875 0.1424065046875 0.183206896875 0.1424065046875 0.3320459765625 0.49364227656250004 0.3320459765625 0.49364227656250004 0.183206896875
6 0.8353333328125 0.3361034484375 0.6629593500000001 0.3361034484375 0.6629593500000001 0.49035632187499995 0.8353333328125 0.49035632187499995 0.8353333328125 0.3361034484375
0 0.9214634140625 0.131781609375 0.784504065625 0.131781609375 0.784504065625 0.17711494218749999 0.9214634140625 0.17711494218749999 0.9214634140625 0.131781609375
0 0.42569105625 0.1304252875 0.21312195156249997 0.1304252875 0.21312195156249997 0.175080459375 0.42569105625 0.175080459375 0.42569105625 0.1304252875
10 0.9119024390625 0.33813793125 0.8390569109375001 0.33813793125 0.8390569109375001 0.4910344828125 0.9119024390625 0.4910344828125 0.9119024390625 0.33813793125
9 0.6515772359375 0.1859080453125 0.50504065 0.1859080453125 0.50504065 0.25086206875 0.6515772359375 0.25086206875 0.6515772359375 0.1859080453125
9 0.5797886171875 0.42000000000000004 0.4447479671875 0.42000000000000004 0.4447479671875 0.48901149374999997 0.5797886171875 0.48901149374999997 0.5797886171875 0.42000000000000004
1 0.9186016265625 0.18658620625 0.6648780484375 0.18658620625 0.6648780484375 0.3320459765625 0.9186016265625 0.3320459765625 0.9186016265625 0.18658620625
3 0.5979674796875 0.2747241375 0.48426016250000004 0.2747241375 0.48426016250000004 0.38471264375 0.5979674796875 0.38471264375 0.5979674796875 0.2747241375
2 0.5837398375 0.4931034484375 0.5837398375 0.4172413796875 0.4439024390625 0.4172413796875 0.44065040624999996 0.334482759375 0.136585365625 0.334482759375 0.136585365625 0.4931034484375 0.5837398375 0.4931034484375
5 0.1682926828125 0.2821839078125 0.0837398375 0.2821839078125 0.0837398375 0.33045977031249996 0.1682926828125 0.33045977031249996 0.1682926828125 0.2821839078125