7 0.44406676562499997 0.7998947750000001 0.8120107187500001 0.7998947765625 0.8229265046875 0.6434105609375 0.45498255312499997 0.6434105609375 0.44406676562499997 0.7998947750000001
6 0.097334925 0.639144678125 0.2779086875 0.639144678125 0.28922152031250004 0.47696858906250006 0.10864775625 0.47696858906250006 0.097334925 0.639144678125
0 0 0.8539615265625 0.135597259375 0.8539615265625 0.138921984375 0.8062996437500001 0 0.8062996421875 0 0.8539615265625
0 0.511379425 0.8553875171875 0.7340603812500001 0.8553875171875 0.7373353687499999 0.8084386265625 0.5146544140625 0.808438628125 0.511379425 0.8553875171875
10 0.01727265625 0.6370056921875 0.093583425 0.63700569375 0.1047967859375 0.47625559375000004 0.0284860171875 0.47625559375000004 0.01727265625 0.6370056921875
9 0.2788169859375 0.79705488125 0.4323242734375 0.79705488125 0.4370879703125 0.7287644875 0.2835806828125 0.7287644875 0.2788169859375 0.79705488125
9 0.37118876093750003 0.55093876875 0.5126532546875 0.5509387703125 0.5177145234375 0.47838249375 0.3762500296875 0.47838249375 0.37118876093750003 0.55093876875
1 0 0.7963418859375 0.2649331921875 0.7963418859375 0.2756011421875 0.643410559375 0.0098080109375 0.643410559375 0 0.7840141546875 0 0.7963418859375
3 0.3414906734375 0.703676740625 0.46060701406250004 0.703676740625 0.4686735171875 0.588038665625 0.34955717656249996 0.588038665625 0.3414906734375 0.703676740625
2 0.372410953125 0.47408035625 0.36684726562500003 0.5538390875 0.5133366890625 0.5538390890625 0.510673940625 0.6408486140625 0.8292032656250001 0.6408486140625 0.84083643125 0.47408035625 0.372410953125 0.47408035625
5 0.7921520703125 0.6958338000000001 0.8807270687500001 0.6958338000000001 0.8842675968749999 0.64507824375 0.7956925984375001 0.64507824375 0.7921520703125 0.6958338000000001