5 0.883689496875 0.24827039375 0.942281640625 0.23248133593750003 0.9174420390625 0.11068020781250001 0.8588498953125001 0.1264692640625 0.883689496875 0.24827039375
0 0.5391142390625 0 0.552879684375 0.0674989421875 0.8033637875 0 0.5391142390625 0
0 0.082999453125 0.101718853125 0.125601853125 0.31061996718749996 0.2530542671875 0.276274859375 0.21045186562499998 0.0673737453125 0.082999453125 0.101718853125
6 0.976199446875 0.4877321765625 0.7870196359375 0.5387112078125 0.856908340625 0.881410859375 0.95914675625 0.8538602703124999 0.976199446875 0.4877321765625
1 0.2356804109375 0.17349649843749998 0.3143002359375 0.5590092484375 0.6065764062500001 0.48024843281249996 0.5279565828125 0.0947356828125 0.2356804109375 0.17349649843749998
9 0.5527488484374999 0.620652715625 0.6011363921874999 0.8579213125 0.725189303125 0.8244922828125001 0.6768017578125 0.5872236875 0.5527488484374999 0.620652715625
9 0.4280145484375 0.6505004640625 0.4753488953125 0.88260469375 0.5891568796875 0.8519364046875 0.5418225359375 0.6198321765625 0.4280145484375 0.6505004640625
9 0 0.3425903703125 0.09124415 0.31800244843750003 0.0471861484375 0.1019637890625 0 0.1146792265625 0 0.3425903703125
10 0.69730218125 0.6438137203125 0.7511445015625 0.9078298453125001 0.8531064328125 0.8803537609375001 0.7992641109374999 0.6163376359375 0.69730218125 0.6438137203125
2 0 0.5790432828125 0.033715206250000004 0.7515755328125 0.32609579843750003 0.672786575 0.24931467343749997 0.2790044125 0.09357758125 0.3191211796875 0.0514924109375 0.09547083125 0 0.1086613890625 0 0.5790432828125
7 0.54871626875 0.0910175109375 0.6076929359375 0.380209928125 0.9407631593750001 0.2904561765625 0.88178649375 0.001263759375 0.54871626875 0.0910175109375
3 0.8500997625 0.5432484765625001 0.9751836546874999 0.509541625 0.977648553125 0.45661925625000005 0.9532931937500001 0.3371926140625 0.8156422671874999 0.374285953125 0.8500997625 0.5432484765625001
2 0.49096023281249995 0.97992155 0.4736733953125 0.8865127046874999 0.5973086171875 0.8531962328124999 0.549975796875 0.612456746875 0.0364590234375 0.7563871171875001 0.0829603953125 0.9969850125 0.46080447500000005 0.98819059375 0.49096023281249995 0.97992155