5 0.7373923734375001 0.915517240625 0.61439114375 0.915517240625 0.61439114375 0.9798850578125 0.7373923734375001 0.9798850578125 0.7373923734375001 0.915517240625
0 0.9702214015624999 0.639482759375 0.872767528125 0.639482759375 0.872767528125 0.967770115625 0.9702214015624999 0.967770115625 0.9702214015624999 0.639482759375
0 0.9612177125000001 0.1916781609375 0.7502583031250001 0.1916781609375 0.7502583031250001 0.317942528125 0.9612177125000001 0.317942528125 0.9612177125000001 0.1916781609375
6 0.3613038125 0.7691149421875 0.0152275515625 0.7691149421875 0.0152275515625 0.9627241375000001 0.3613038125 0.9627241375000001 0.3613038125 0.7691149421875
1 0.85312423125 0.3213103453125 0.4638130375 0.3213103453125 0.4638130375 0.61086206875 0.85312423125 0.61086206875 0.85312423125 0.3213103453125
9 0.3432964328125 0.5334252875 0.10369003750000001 0.5334252875 0.10369003750000001 0.6563218390625 0.3432964328125 0.6563218390625 0.3432964328125 0.5334252875
9 0.34690036874999997 0.4105747125 0.112509225 0.4105747125 0.112509225 0.5233218390625 0.34690036874999997 0.5233218390625 0.34690036874999997 0.4105747125
9 0.9702214015624999 0.0317471265625 0.7520541203125 0.0317471265625 0.7520541203125 0.158 0.9702214015624999 0.158 0.9702214015624999 0.0317471265625
10 0.28383763906250004 0.6647356328125 0.017220171875000002 0.6647356328125 0.017220171875000002 0.7657471265625 0.28383763906250004 0.7657471265625 0.28383763906250004 0.6647356328125
2 0.7486100859375 0.3139080453125 0.750381303125 0.1599770109375 0.975325953125 0.16328735625 0.9770971703125 0.0259080453125 0.35185731875 0.020942528125000002 0.35185731875 0.3105977015625 0.7486100859375 0.3139080453125
7 0.8513284140625 0.631068965625 0.5592865921875 0.631068965625 0.5592865921875 0.9610344828124999 0.8513284140625 0.9610344828124999 0.8513284140625 0.631068965625
3 0.5113161125000001 0.827482759375 0.34068880625000003 0.827482759375 0.34068880625000003 0.963850575 0.5113161125000001 0.963850575 0.5113161125000001 0.827482759375
2 0.10920049218750001 0.4082528734375 0.10920049218750001 0.5307356328124999 0.35185731875 0.5323908046875 0.346543665625 0.0225977015625 0.013554735937500001 0.019287356250000002 0.015325953125 0.4065977015625 0.10920049218750001 0.4082528734375