5 0.26260762656250003 0.9798850578125 0.38560885625 0.9798850578125 0.38560885625 0.915517240625 0.26260762656250003 0.915517240625 0.26260762656250003 0.9798850578125
0 0.029778598437499998 0.967770115625 0.127232471875 0.967770115625 0.127232471875 0.639482759375 0.029778598437499998 0.639482759375 0.029778598437499998 0.967770115625
0 0.0387822875 0.317942528125 0.249741696875 0.317942528125 0.249741696875 0.1916781609375 0.0387822875 0.1916781609375 0.0387822875 0.317942528125
6 0.6386961875 0.9627241375000001 0.9847724484375 0.9627241375000001 0.9847724484375 0.7691149421875 0.6386961875 0.7691149421875 0.6386961875 0.9627241375000001
1 0.14687576875 0.61086206875 0.5361869625 0.61086206875 0.5361869625 0.3213103453125 0.14687576875 0.3213103453125 0.14687576875 0.61086206875
9 0.6567035671875 0.6563218390625 0.8963099625 0.6563218390625 0.8963099625 0.5334252875 0.6567035671875 0.5334252875 0.6567035671875 0.6563218390625
9 0.65309963125 0.5233218390625 0.8874907750000001 0.5233218390625 0.8874907750000001 0.4105747125 0.65309963125 0.4105747125 0.65309963125 0.5233218390625
9 0.029778598437499998 0.158 0.24794587968749998 0.158 0.24794587968749998 0.0317471265625 0.029778598437499998 0.0317471265625 0.029778598437499998 0.158
10 0.7161623609375 0.7657471265625 0.9827798281250001 0.7657471265625 0.9827798281250001 0.6647356328125 0.7161623609375 0.6647356328125 0.7161623609375 0.7657471265625
2 0.64814268125 0.3105977015625 0.64814268125 0.020942528125000002 0.0229028296875 0.0259080453125 0.024674046875 0.16328735625 0.249618696875 0.1599770109375 0.2513899140625 0.3139080453125 0.64814268125 0.3105977015625
7 0.14867158593750002 0.9610344828124999 0.4407134078125 0.9610344828124999 0.4407134078125 0.631068965625 0.14867158593750002 0.631068965625 0.14867158593750002 0.9610344828124999
3 0.48868388749999997 0.963850575 0.65931119375 0.963850575 0.65931119375 0.827482759375 0.48868388749999997 0.827482759375 0.48868388749999997 0.963850575
2 0.9846740468749999 0.4065977015625 0.9864452640625 0.019287356250000002 0.6534563343750001 0.0225977015625 0.64814268125 0.5323908046875 0.8907995078125 0.5307356328124999 0.8907995078125 0.4082528734375 0.9846740468749999 0.4065977015625