5 0.004004571875 0.6883273187500001 0.0213831671875 0.6917790875 0.0394118015625 0.5590544703125 0.0032106515625 0.5518641328125 0.004004571875 0.6883273187500001
0 0.0054375953125 0.93464336875 0.28935577968750004 0.991035709375 0.30205515 0.8975444906250001 0.004878359375 0.8385187000000001 0.0054375953125 0.93464336875
0 0.7888088843750001 1 0.8075293218749999 0.86218240625 0.6700673375 0.834879459375 0.64763820625 1 0.7888088843750001 1
6 0.06535663124999999 0.0038065906250000004 0.028330126562500002 0.27639122031249996 0.23589334375 0.3176178015625 0.27684665625 0.01612448125 0.06535663124999999 0.0038065906250000004
1 0.65132350625 0.9451488124999999 0.7083859343750001 0.52506213125 0.393155634375 0.46245052031249995 0.3360932046875 0.8825372015624999 0.65132350625 0.9451488124999999
9 0.49512426718749997 0.3491515890625 0.530244046875 0.0906040390625 0.3964485484375 0.0640293359375 0.3613287703125 0.3225768859375 0.49512426718749997 0.3491515890625
9 0.6283414703125 0.3796051796875 0.6626968359375 0.1266851546875 0.53995085625 0.102305125 0.505595490625 0.355225153125 0.6283414703125 0.3796051796875
9 0.9478556125 1 0.9621345171875 0.894880428125 0.8439309765624999 0.8714026296874999 0.8264629671874999 1 0.9478556125 1
10 0.2805825078125 0.016342070312500002 0.2509142640625 0.23475608281250002 0.3608838515625 0.2565984390625 0.3926325671875 0.022868242187500002 0.2805825078125 0.016342070312500002
2 1 0.458917778125 0.7364582796875 0.4065726484375 0.6747011984375 0.8339733515625 0.8420238250000001 0.8691700718750001 0.8222517328125001 1 0.9478556125 1 1 0.6161193468749999 1 0.458917778125
7 0.0047399796875 0.8147331671875 0.31435750156250003 0.8762299578125001 0.3571628875 0.5611019015625 0.002854975 0.49072862500000003 0.0047399796875 0.8147331671875
3 0.175370840625 0.2827519125 0.0313517265625 0.254146575 0.0063424046875 0.43826216406249996 0.1503615203125 0.46686749843750003 0.175370840625 0.2827519125
2 1 0.123524475 0.6756556453125 0.059102615625 0.665709553125 0.1236169265625 0.532364546875 0.09713170156249999 0.49499570000000004 0.35861291562500003 1 0.45356736406250003 1 0.123524475