2 0.34341666718749997 0.9826297578125001 0.3418166671875 0.6002941171875 0.2525333328125 0.5986332187500001 0.25411666718750003 0.4513321796875 0.0340833328125 0.452975778125 0.0356833328125 0.9760207609375 0.34341666718749997 0.9826297578125001
2 0.9780166671874999 0.9793252593749999 0.9780166671874999 0.4513321796875 0.7548 0.45463667812499997 0.7500166671875 0.6002941171875 0.6543333328125 0.6002941171875 0.6543333328125 0.9776643593750001 0.9780166671874999 0.9793252593749999
3 0.6936833328125 0.2034602078125 0.5282 0.2034602078125 0.5282 0.4535640140625 0.6936833328125 0.4535640140625 0.6936833328125 0.2034602078125
5 0.44516666718750003 0.890155709375 0.3433 0.890155709375 0.3433 0.986833909375 0.44516666718750003 0.986833909375 0.44516666718750003 0.890155709375
9 0.2414 0.461193771875 0.0403 0.461193771875 0.0403 0.60259515625 0.2414 0.60259515625 0.2414 0.461193771875
1 0.3322166671875 0.05192041562500001 0.0401333328125 0.05192041562500001 0.0401333328125 0.4493944640625 0.3322166671875 0.4493944640625 0.3322166671875 0.05192041562500001
7 0.6517000000000001 0.45596885781249996 0.3511666671875 0.45596885781249996 0.3511666671875 0.9797058828124999 0.6517000000000001 0.9797058828124999 0.6517000000000001 0.45596885781249996
9 0.9744333328125 0.4610553640625 0.7618166671875 0.4610553640625 0.7618166671875 0.5958996546875001 0.9744333328125 0.5958996546875001 0.9744333328125 0.4610553640625
6 0.9809166671874999 0.176505190625 0.7585833328125 0.176505190625 0.7585833328125 0.4443598609375 0.9809166671874999 0.4443598609375 0.9809166671874999 0.176505190625
0 0.9744333328125 0.05363321875 0.48125 0.05363321875 0.48125 0.1632006921875 0.9744333328125 0.1632006921875 0.9744333328125 0.05363321875
9 0.47816666718749995 0.053615917187499994 0.35151666718749996 0.053615917187499994 0.35151666718749996 0.301262975 0.47816666718749995 0.301262975 0.47816666718749995 0.053615917187499994