2 0.27239236093749997 0.9519505031250001 0.3490202609375 0.593371790625 0.25527115 0.5721285515625001 0.290871490625 0.41687035000000006 0.058511042187499994 0.3705778265625 0.0070963515625000004 0.6098589078125001 0.01044589375 0.8977179578125 0.27239236093749997 0.9519505031250001
2 0.817982321875 0.5296500187500001 0.779386815625 0.6824734828125 0.678507575 0.6615877734375 0.6077387390625 0.98612555625 0.9093540109375 0.9791053828124999 0.9997679796875 0.5644772625 0.817982321875 0.5296500187500001
3 0.5793243125 0.47905475781250006 0.753793915625 0.5151763765624999 0.811405721875 0.2509752125 0.63693611875 0.21485359375000002 0.5793243125 0.47905475781250006
5 0.2838140671875 0.8998955078125 0.2724598875 0.9519644843749999 0.3798582359375 0.9741998890625 0.3912124171875 0.9221309140624999 0.2838140671875 0.8998955078125
9 0.030600234375 0.5299876218749999 0.2426206015625 0.5738836296875001 0.275192634375 0.4245120125 0.06317226718749999 0.3806160046875 0.030600234375 0.5299876218749999
1 0.1459858890625 0 0.065714540625 0.3681152359375 0.37365892500000003 0.4318710421875 0.4652177 0.0119929640625 0.40729096093750006 0 0.1459858890625 0
7 0.2807537375 0.9536816171875 0.45466824843750003 0.9896883109375001 0.6048222640625001 0.9861934375000001 0.7089767953125 0.508552671875 0.39212354843749997 0.44295240468749997 0.2807537375 0.9536816171875
9 0.792839865625 0.680407021875 0.9666417421875 0.716390396875 0.9977033390625 0.5739454703125 0.8239014609374999 0.53796209375 0.792839865625 0.680407021875
6 1 0.2602612765625 0.8860391296874999 0.2366671890625 0.8243383828124999 0.5196197640625 1 0.5559881734375 1 0.2602612765625
0 1 0.124603584375 0.621949471875 0.04633323125 0.5967104296875 0.1620765875 1 0.24557235156249999 1 0.124603584375
9 0.42812929843749997 0.279602765625 0.56165679375 0.3072478640625 0.6187026859375 0.045641926562500004 0.485175190625 0.017996828125 0.42812929843749997 0.279602765625