2 0.36683132500000004 0.8538641140625 0.6488713374999999 0.8302016828125 0.6160816312499999 0.628565709375 0.5430705312499999 0.6350215171875 0.5206022953125 0.5391846109375 0.3185637953125 0.5570493187500001 0.36683132500000004 0.8538641140625
3 0.18207865 0.225015353125 0.2025943453125 0.35117390937500004 0.43840471406250003 0.330323015625 0.41788901875000006 0.204164459375 0.18207865 0.225015353125
7 0.242276428125 0.5588258046875 0.20049777343750003 0.30191348281249997 0.00864176875 0.31887783125 0.0124514109375 0.48255563125 0.027936354687499998 0.5777782453125 0.242276428125 0.5588258046875
2 0.38107196718749997 0.9663435515625001 0.34049472187499996 0.7342391953125 0.245216034375 0.7413877578125 0.2283764578125 0.659037003125 0.10293906093750001 0.6713956125 0.12949151875 0.8240377265625 0.068991459375 0.8302411859375001 0.0886318890625 0.9510174171875001 0.38107196718749997 0.9663435515625001
10 0.3962095421875 0 0.41970532968749996 0.14448424375 0.5336853796875001 0.134405865625 0.5118285203124999 0 0.3962095421875 0
5 0.006076721875 0.20867294531249997 0.0383564875 0.20581869375 0.0194049703125 0.089278846875 0.0033308734375000005 0.0907001546875 0.006076721875 0.20867294531249997
1 0.2945383578125 0.37965545 0.3221755625 0.54960679375 0.5957252671875 0.5254189 0.5680880625 0.3554675578125 0.2945383578125 0.37965545
9 0.21102946875 0.5743959484375 0.0299895203125 0.5904039171875 0.042436203125 0.666943140625 0.22347614999999998 0.6509351734375 0.21102946875 0.5743959484375
9 0.11942160312500001 0.6761743499999999 0.1429162015625 0.8206512828125 0.2495419203125 0.811223190625 0.2260473234375 0.666746259375 0.11942160312500001 0.6761743499999999
9 0.035673503125 0.1224696109375 0.0471320515625 0.1929324515625 0.159031603125 0.1830380359375 0.147573053125 0.1125751953125 0.035673503125 0.1224696109375
9 0.32565798749999997 0.5620427265625 0.3408006296875 0.65516039375 0.5291949078125 0.6385021390625 0.51405226875 0.545384471875 0.32565798749999997 0.5620427265625
0 0.50649755 0.972916828125 0.48674518125 0.8514522421875 0.3743376015625 0.861391578125 0.3914935328125 0.9668897234375 0.50649755 0.972916828125
0 0.42694022187499997 0.19387864531250001 0.452646146875 0.351953825 0.5633361031249999 0.34216636562499997 0.5376301781249999 0.1840911859375 0.42694022187499997 0.19387864531250001
1 0.1499093609375 0 0.020659125 0.0114286015625 0.0380798359375 0.1185549625 0.183303703125 0.10571393437500001 0.166112678125 0 0.1499093609375 0
6 0.2083577453125 0 0.182085453125 0.00232305625 0.2111069140625 0.1807866875 0.40467825625 0.163670665625 0.37806240468749996 0 0.2083577453125 0