2 0.645 0.5191627359375001 0.645 0.59034198125 0.8398103453125 0.59034198125 0.838594828125 0.3155778296875 0.5518275859374999 0.3155778296875 0.5518275859374999 0.5125471703125 0.645 0.5191627359375001
3 0.3459741375 0.2362971703125 0.22408620625000003 0.2362971703125 0.22408620625000003 0.46619103749999996 0.3459741375 0.46619103749999996 0.3459741375 0.2362971703125
7 0.547094828125 0.0087617921875 0.2988793109375 0.0087617921875 0.2988793109375 0.24198113281250003 0.547094828125 0.24198113281250003 0.547094828125 0.0087617921875
2 0.6425775859375 0.0904716984375 0.6413706890624999 0.21295990625 0.7212241374999999 0.21627358437500002 0.7224396546875 0.3089622640625 0.9946896546874999 0.3122641515625 0.9946896546874999 0.0027476421875 0.7914051718749999 0.004410378125 0.7901982765625 0.09213443437499999 0.6425775859375 0.0904716984375
10 0.1673965515625 0.47726415156249996 0.0092241375 0.47726415156249996 0.0092241375 0.588384434375 0.1673965515625 0.588384434375 0.1673965515625 0.47726415156249996
5 0.1936982765625 0.005766509375 0.0811034484375 0.005766509375 0.0811034484375 0.101167453125 0.1936982765625 0.101167453125 0.1936982765625 0.005766509375
1 0.545043103125 0.3202122640625 0.380844828125 0.3202122640625 0.380844828125 0.586898584375 0.545043103125 0.586898584375 0.545043103125 0.3202122640625
9 0.6332413796874999 0.011568396875000001 0.559293103125 0.011568396875000001 0.559293103125 0.209516509375 0.6332413796874999 0.209516509375 0.6332413796874999 0.011568396875000001
9 0.7881034484375 0.1055660375 0.648517240625 0.1055660375 0.648517240625 0.209516509375 0.7881034484375 0.209516509375 0.7881034484375 0.1055660375
9 0.18216379375 0.111615565625 0.11408620625000002 0.111615565625 0.11408620625000002 0.220707546875 0.18216379375 0.220707546875 0.18216379375 0.111615565625
9 0.6471465515625 0.32161556562500004 0.557181034375 0.32161556562500004 0.557181034375 0.5052830187499999 0.6471465515625 0.5052830187499999 0.6471465515625 0.32161556562500004
0 0.9917413796875 0.32161556562500004 0.8463965515625 0.32161556562500004 0.8463965515625 0.4312028296875 0.9917413796875 0.4312028296875 0.9917413796875 0.32161556562500004
0 0.3677758625 0.47649764218749996 0.2150517234375 0.47649764218749996 0.2150517234375 0.5844103781250001 0.3677758625 0.5844103781250001 0.3677758625 0.47649764218749996
1 0.1105603453125 0.11454009375 0.007060345312500001 0.11454009375 0.007060345312500001 0.2561202828125 0.1105603453125 0.2561202828125 0.1105603453125 0.11454009375
6 0.184405171875 0.271108490625 0.011982759375 0.271108490625 0.011982759375 0.45982311249999996 0.184405171875 0.45982311249999996 0.184405171875 0.271108490625