2 0.4481724140625 0.5125471703125 0.4481724140625 0.3155778296875 0.161405171875 0.3155778296875 0.1601896546875 0.59034198125 0.355 0.59034198125 0.355 0.5191627359375001 0.4481724140625 0.5125471703125
3 0.6540258624999999 0.46619103749999996 0.77591379375 0.46619103749999996 0.77591379375 0.2362971703125 0.6540258624999999 0.2362971703125 0.6540258624999999 0.46619103749999996
7 0.452905171875 0.24198113281250003 0.7011206890625 0.24198113281250003 0.7011206890625 0.0087617921875 0.452905171875 0.0087617921875 0.452905171875 0.24198113281250003
2 0.20980172343749998 0.09213443437499999 0.208594828125 0.004410378125 0.0053103453125 0.0027476421875 0.0053103453125 0.3122641515625 0.2775603453125 0.3089622640625 0.27877586249999997 0.21627358437500002 0.3586293109375 0.21295990625 0.3574224140625 0.0904716984375 0.20980172343749998 0.09213443437499999
10 0.8326034484375 0.588384434375 0.9907758624999999 0.588384434375 0.9907758624999999 0.47726415156249996 0.8326034484375 0.47726415156249996 0.8326034484375 0.588384434375
5 0.8063017234375 0.101167453125 0.9188965515625 0.101167453125 0.9188965515625 0.005766509375 0.8063017234375 0.005766509375 0.8063017234375 0.101167453125
1 0.454956896875 0.586898584375 0.619155171875 0.586898584375 0.619155171875 0.3202122640625 0.454956896875 0.3202122640625 0.454956896875 0.586898584375
9 0.3667586203125 0.209516509375 0.440706896875 0.209516509375 0.440706896875 0.011568396875000001 0.3667586203125 0.011568396875000001 0.3667586203125 0.209516509375
9 0.21189655156249998 0.209516509375 0.351482759375 0.209516509375 0.351482759375 0.1055660375 0.21189655156249998 0.1055660375 0.21189655156249998 0.209516509375
9 0.81783620625 0.220707546875 0.88591379375 0.220707546875 0.88591379375 0.111615565625 0.81783620625 0.111615565625 0.81783620625 0.220707546875
9 0.3528534484375 0.5052830187499999 0.442818965625 0.5052830187499999 0.442818965625 0.32161556562500004 0.3528534484375 0.32161556562500004 0.3528534484375 0.5052830187499999
0 0.0082586203125 0.4312028296875 0.1536034484375 0.4312028296875 0.1536034484375 0.32161556562500004 0.0082586203125 0.32161556562500004 0.0082586203125 0.4312028296875
0 0.6322241375 0.5844103781250001 0.7849482765625 0.5844103781250001 0.7849482765625 0.47649764218749996 0.6322241375 0.47649764218749996 0.6322241375 0.5844103781250001
1 0.8894396546875001 0.2561202828125 0.9929396546874999 0.2561202828125 0.9929396546874999 0.11454009375 0.8894396546875001 0.11454009375 0.8894396546875001 0.2561202828125
6 0.815594828125 0.45982311249999996 0.9880172406250001 0.45982311249999996 0.9880172406250001 0.271108490625 0.815594828125 0.271108490625 0.815594828125 0.45982311249999996