2 0.6814362046875 0.5570493187500001 0.4793977046875 0.5391846109375 0.45692946875 0.6350215171875 0.38391836874999996 0.628565709375 0.35112866249999997 0.8302016828125 0.6331686750000001 0.8538641140625 0.6814362046875 0.5570493187500001
3 0.5821109812499999 0.204164459375 0.5615952859375 0.330323015625 0.7974056546875 0.35117390937500004 0.81792135 0.225015353125 0.5821109812499999 0.204164459375
7 0.9720636453125 0.5777782453125 0.9875485890625001 0.48255563125 0.9913582312500001 0.31887783125 0.7995022265625 0.30191348281249997 0.757723571875 0.5588258046875 0.9720636453125 0.5777782453125
2 0.9113681109374999 0.9510174171875001 0.9310085406249999 0.8302411859375001 0.8705084812500001 0.8240377265625 0.8970609390625001 0.6713956125 0.7716235421875 0.659037003125 0.7547839656249999 0.7413877578125 0.6595052781249999 0.7342391953125 0.6189280328125 0.9663435515625001 0.9113681109374999 0.9510174171875001
10 0.4881714796875 0 0.4663146203125 0.134405865625 0.5802946703125 0.14448424375 0.6037904578125 0 0.4881714796875 0
5 0.9966691265625001 0.0907001546875 0.9805950296875 0.089278846875 0.9616435125 0.20581869375 0.993923278125 0.20867294531249997 0.9966691265625001 0.0907001546875
1 0.43191193749999995 0.3554675578125 0.40427473281250004 0.5254189 0.6778244375 0.54960679375 0.7054616421875 0.37965545 0.43191193749999995 0.3554675578125
9 0.77652385 0.6509351734375 0.9575637968749999 0.666943140625 0.9700104796875 0.5904039171875 0.78897053125 0.5743959484375 0.77652385 0.6509351734375
9 0.7739526765625 0.666746259375 0.7504580796875 0.811223190625 0.8570837984375 0.8206512828125 0.880578396875 0.6761743499999999 0.7739526765625 0.666746259375
9 0.8524269468749999 0.1125751953125 0.840968396875 0.1830380359375 0.9528679484374999 0.1929324515625 0.9643264968749999 0.1224696109375 0.8524269468749999 0.1125751953125
9 0.48594773125 0.545384471875 0.47080509218750005 0.6385021390625 0.6591993703125001 0.65516039375 0.6743420125 0.5620427265625 0.48594773125 0.545384471875
0 0.6085064671875 0.9668897234375 0.6256623984374999 0.861391578125 0.51325481875 0.8514522421875 0.49350245 0.972916828125 0.6085064671875 0.9668897234375
0 0.46236982187500003 0.1840911859375 0.436663896875 0.34216636562499997 0.547353853125 0.351953825 0.573059778125 0.19387864531250001 0.46236982187500003 0.1840911859375
1 0.833887321875 0 0.8166962968749999 0.10571393437500001 0.9619201640625 0.1185549625 0.9793408749999999 0.0114286015625 0.8500906390624999 0 0.833887321875 0
6 0.6219375953124999 0 0.59532174375 0.163670665625 0.7888930859375 0.1807866875 0.8179145468750001 0.00232305625 0.7916422546875 0 0.6219375953124999 0