2 0.4397763390625 0.6614837625 0.4363137265625 0.46359451093750004 0.3425405828125 0.4651219796875 0.341289290625 0.3936103046875 0.1454660671875 0.41070084375000004 0.15151810625 0.6866416015625 0.4397763390625 0.6614837625
3 0.76657405 0.481414678125 0.644052384375 0.49210779843749997 0.6480937921875001 0.7230753484375 0.7706154578125 0.712382228125 0.76657405 0.481414678125
7 0.6953335609375 0.7132332531250001 0.44582749374999997 0.73500898125 0.44992736093749996 0.9693175343749999 0.699433428125 0.9475418046874999 0.6953335609375 0.7132332531250001
2 0 0.99908521875 0.2043981046875 0.9883731687499999 0.2040942984375 0.9068827671875 0.35251174375 0.8956026359375 0.351571640625 0.7724364859375 0.2712447578125 0.776112803125 0.268393503125 0.6830978734375 0 0.70326433125 0 0.99908521875
10 0.980405159375 0.3398009359375 0.8214103578125 0.3536772625 0.823363790625 0.465316515625 0.9823585937500001 0.4514401875 0.980405159375 0.3398009359375
5 0.9167171328125001 0.83559929375 0.803536890625 0.8454771390625 0.8052139875 0.9413236359375 0.9183942281249999 0.9314457921875 0.9167171328125001 0.83559929375
1 0.6068784203125 0.3738956828125 0.4418264265625 0.388300653125 0.446514625 0.6562324875 0.61156661875 0.6418275171875 0.6068784203125 0.3738956828125
9 0.4341365046875 0.76869536875 0.35980375000000003 0.7751827859375 0.36328356875 0.9740553843749999 0.4376163234375 0.9675679671875 0.4341365046875 0.76869536875
9 0.34444846562500003 0.776522925 0.20413650468750003 0.7887686984375 0.205963896875 0.89320465625 0.34627585625 0.88095888125 0.34444846562500003 0.776522925
9 0.8814614375 0.71839445625 0.8130298937499999 0.72436684375 0.814947671875 0.8339683203125 0.8833792125000001 0.8279959328125001 0.8814614375 0.71839445625
9 0.4310601453125 0.47136223906249997 0.3406268671875 0.4792548359375 0.343855640625 0.6637800781250001 0.4342889171875 0.65588748125 0.4310601453125 0.47136223906249997
0 0 0.6937902 0.1435696796875 0.6812601046875 0.141643196875 0.5711610328125001 0 0.5835229921875 0 0.6937902
0 0.773577275 0.3618506265625 0.6200590765625 0.37524898125 0.6219561234375 0.48366570624999994 0.775474321875 0.47026735156250005 0.773577275 0.3618506265625
1 0.9873288421874999 0.6735223828125 0.8843830953125 0.682507009375 0.8868719984375 0.8247484249999999 0.9848384234375 0.8161983718749999 0.9873288421874999 0.6735223828125
6 0.9798922328125 0.4692046921875 0.8065733421875001 0.48433115937500004 0.8098908421875001 0.6739271453125 0.9832097328125 0.658800678125 0.9798922328125 0.4692046921875