9 0.5615048 0.40413890781250006 0.7158625953125 0.429534184375 0.766396553125 0.1325551765625 0.61203875625 0.1071598984375 0.5615048 0.40413890781250006
7 0.0053497843750000005 0.919549815625 0.43167954999999997 0.98969050625 0.4973574421875 0.603713296875 0.0030391578125 0.5223869875 0.0053497843750000005 0.919549815625
1 0.9253676453124999 0.9893000687500001 0.9855927937500001 0.6353676578125 0.6889492921875 0.5865632296875 0.619814590625 0.9928555015624999 0.9253676453124999 0.9893000687500001
0 1 0.068737128125 0.8400376234375001 0.0424197734375 0.8282395625 0.1117548703125 1 0.1400132671875 1 0.068737128125
3 0.3109205796875 0.46192856562499995 0.4738833984375 0.488739559375 0.515094321875 0.2465503375 0.3521315046875 0.2197393453125 0.3109205796875 0.46192856562499995
6 0.0499379015625 0.178379096875 0.0026544171875 0.4562556671875 0.0030391578125 0.5223869875 0.2534196984375 0.5635801328125 0.311639165625 0.2214347515625 0.0499379015625 0.178379096875
10 0.31586188437499996 0.20103486718750002 0.5636844187500001 0.2418071625 0.5852763515625 0.1149152421875 0.337453815625 0.0741429453125 0.31586188437499996 0.20103486718750002
10 0.3323163953125 0.0544938140625 0.0781340828125 0.0126751921875 0.0499379015625 0.178379096875 0.3041202140625 0.22019771875 0.3323163953125 0.0544938140625
2 1 0.1697204234375 0.6062155390624999 0.1006890578125 0.551611096875 0.41250468281249997 0.7167280125 0.44148250000000006 0.6954315234374999 0.5757230734375 0.9873069109375001 0.62529409375 1 0.5506990875 1 0.1697204234375
9 0.458165321875 0.9445083796875 0.6125335609375 0.969905375 0.6586674625 0.698784696875 0.504299221875 0.673387703125 0.458165321875 0.9445083796875
5 0.0053497843750000005 0.919549815625 0.059188632812499996 0.9284074984374999 0.079188878125 0.8108696328124999 0.0046461515625 0.798605703125 0.0053497843750000005 0.919549815625