9 0.4785966640625 0.5944827593750001 0.3335426890625 0.5944827593750001 0.3335426890625 0.87328735625 0.4785966640625 0.87328735625 0.4785966640625 0.5944827593750001
7 0.9822374875 0.028850575 0.5061923453125 0.028850575 0.5061923453125 0.40258620624999997 0.9822374875 0.40258620624999997 0.9822374875 0.028850575
1 0.3337193328125 0.020770115625 0.0094504421875 0.020770115625 0.0094504421875 0.44703448281249997 0.3337193328125 0.44703448281249997 0.3337193328125 0.020770115625
0 0.28024533906250004 0.9015747125000001 0.06464180625 0.9015747125000001 0.06464180625 0.9823793109375 0.28024533906250004 0.9823793109375 0.28024533906250004 0.9015747125000001
3 0.698675171875 0.504057471875 0.5455348375 0.504057471875 0.5455348375 0.7314252875 0.698675171875 0.7314252875 0.698675171875 0.504057471875
6 0.9908635921875 0.40258620624999997 0.7354268890625 0.40258620624999997 0.7354268890625 0.723793103125 0.9908635921875 0.723793103125 0.9908635921875 0.40258620624999997
10 0.734739940625 0.743057471875 0.501854759375 0.743057471875 0.501854759375 0.8621839078125 0.734739940625 0.8621839078125 0.734739940625 0.743057471875
10 0.9960353281250001 0.723793103125 0.7424926390625 0.723793103125 0.7424926390625 0.879356321875 0.9960353281250001 0.879356321875 0.9960353281250001 0.723793103125
2 0.48492639843749996 0.8783218390625 0.48633954843750005 0.585356321875 0.33089303281250004 0.58370115 0.32947988281249996 0.4579080453125 0.0086947984375 0.45625287343750004 0.0101079484375 0.873356321875 0.48492639843749996 0.8783218390625
9 0.48900883281249996 0.0854712640625 0.34394504375 0.0854712640625 0.34394504375 0.33999999999999997 0.48900883281249996 0.33999999999999997 0.48900883281249996 0.0854712640625
5 0.9887144265625001 0.013793103125000001 0.8562315999999999 0.013793103125000001 0.8562315999999999 0.1505747125 0.9887144265625001 0.1505747125 0.9887144265625001 0.013793103125000001