9 0.3374010890625 0.9062859078125 0.490444590625 0.908068178125 0.487018603125 0.6134000796875 0.3339751015625 0.611617809375 0.3374010890625 0.9062859078125
7 0.509274328125 0.0237198328125 0.5137761953125 0.41092401250000005 0.9871539046875 0.4164367390625 0.9828443874999999 0.0457767125 0.509274328125 0.0237198328125
1 0 0.45191177031249996 0.332349609375 0.45578215312500003 0.32729424375 0.020971771875 0 0.017160262500000002 0 0.45191177031249996
0 0.28226532656250003 1 0.2815157359375 0.9355279046874999 0.054036828125000005 0.932878796875 0.054817220312500005 1 0.28226532656250003 1
3 0.5593264796875 0.7589568671875 0.7209017359375001 0.76083849375 0.718107809375 0.5205338421875 0.556532553125 0.518652215625 0.5593264796875 0.7589568671875
6 0.759583940625 0.7532236203125 0.9834918968749999 0.7558311437499999 0.98856550625 0.5378481953125 0.9871539046875 0.4164367390625 0.7556369078125 0.4137406046875 0.759583940625 0.7532236203125
10 0.514847296875 0.8966187343750001 0.760559721875 0.8994801828125001 0.7590958796875 0.7735756546875 0.5133834546875 0.7707142078125 0.514847296875 0.8966187343750001
10 0.9834918968749999 0.7558311437499999 0.767038871875 0.7533104374999999 0.7689504546875 0.9177249328125001 0.9796666625 0.92017883125 0.9834918968749999 0.7558311437499999
2 0 0.9024698734375001 0.49718483124999996 0.9134668874999999 0.495075815625 0.603849503125 0.331047015625 0.6001901890625 0.3280102671875 0.4672223125 0 0.46170742656249997 0 0.9024698734375001
9 0.3418232953125 0.342783234375 0.494877153125 0.3445656265625 0.49174947031249994 0.0755546453125 0.3386956125 0.07377225312499999 0.3418232953125 0.342783234375
5 0.8787437046875001 0.040928145312500004 0.879998753125 0.1488744125 0.9840571515625 0.150086225 0.9828443874999999 0.0457767125 0.8787437046875001 0.040928145312500004