5 0.6787282015625 1 0.6735087515625 0.8719055296875 0.581938703125 0.8697742125 0.5872449984375 1 0.6787282015625 1
0 0 0 0.016522571875 0.4054929578125 0.0594090453125 0.4064911515625 0.0428864734375 0.00099819375 0 0
1 1 0.20094542187500003 0.9927536234375 0.023106596875 0.75555555625 0.01758575 0.7770232296875 0.544440209375 1 0.5496300515625 1 0.20094542187500003
1 1 0.5599723484375 0.66835084375 0.552253128125 0.68659513125 1 1 1 1 0.5599723484375
7 0.34996376875 0.008145496875 0.367228584375 0.43185441718749995 0.657361434375 0.438607334375 0.64009661875 0.0148984140625 0.34996376875 0.008145496875
9 0.6422463765625 0.014948449999999999 0.6578430562500001 0.397718403125 0.7594372593750001 0.400083034375 0.7438405796875001 0.01731308125 0.6422463765625 0.014948449999999999
10 0.040004634375 0.9817840375 0.0828911078125 0.9827822312500001 0.0607510140625 0.4394254234375 0.017864540625 0.43842722968750003 0.040004634375 0.9817840375
2 0.29695015156250004 0.6318582390625 0.288018359375 0.4126563609375 0.3594402171875 0.4210494234375 0.3409573984375 0.007935871875 0.0563043484375 0.0013104984375 0.08193088281250001 0.6302306859375 0.29695015156250004 0.6318582390625
3 0.58311848125 1 0.5722385734375 0.7329879359375 0.437166109375 0.7298440890625 0.44817411875 1 0.58311848125 1
9 0.2966828265625 0.6217442421875 0.2887993578125 0.42827006250000005 0.0812510484375 0.423439321875 0.0891345171875 0.6169135015625 0.2966828265625 0.6217442421875
6 0.3876865328125 0.9857488875 0.37342990781249996 0.6358662578125001 0.0896376359375 0.62926091875 0.10389426093750001 0.9791435484375001 0.3876865328125 0.9857488875