5 0.1381696421875 0.558675115625 0.006785714062500001 0.558675115625 0.006785714062500001 0.6460253453125 0.1381696421875 0.6460253453125 0.1381696421875 0.558675115625
0 0.9863616078125 0.013122120312499999 0.5675446421875 0.013122120312499999 0.5675446421875 0.0777764984375 0.9863616078125 0.0777764984375 0.9863616078125 0.013122120312499999
1 0.980491071875 0.7576036859374999 0.45214285781249997 0.7576036859374999 0.45214285781249997 0.9838709671875 0.980491071875 0.9838709671875 0.980491071875 0.7576036859374999
1 0.44229910781250004 0.653536865625 0.0078125 0.653536865625 0.0078125 0.9909101375 0.44229910781250004 0.9909101375 0.44229910781250004 0.653536865625
7 0.9746205359375001 0.37070276562500004 0.5502232140625 0.37070276562500004 0.5502232140625 0.6474654375 0.9746205359375001 0.6474654375 0.9746205359375001 0.37070276562500004
9 0.9765625 0.6495161296874999 0.5891517859375 0.6495161296874999 0.5891517859375 0.746428571875 0.9765625 0.746428571875 0.9765625 0.6495161296874999
10 0.536227678125 0.013122120312499999 0.019553571875000002 0.013122120312499999 0.019553571875000002 0.0777764984375 0.536227678125 0.0777764984375 0.536227678125 0.013122120312499999
2 0.358303571875 0.295817971875 0.566741071875 0.295817971875 0.5603348218749999 0.3636866359375 0.9740178578125 0.36202765000000003 0.9740178578125 0.0905760375 0.3550892859375 0.0905760375 0.358303571875 0.295817971875
3 0 0.5547350234375 0.268147321875 0.5547350234375 0.268147321875 0.42588709687500004 0 0.42588709687500004 0 0.5547350234375
9 0.5518973218750001 0.09797235 0.3679241078125 0.09797235 0.3679241078125 0.295956221875 0.5518973218750001 0.295956221875 0.5518973218750001 0.09797235
6 0.3561830359375 0.09797235 0.0234821421875 0.09797235 0.0234821421875 0.3686866359375 0.3561830359375 0.3686866359375 0.3561830359375 0.09797235