5 0.762820146875 0.20871508125 0.7890915359374999 0.090169971875 0.69853505625 0.0651129390625 0.6722636671875 0.183658046875 0.762820146875 0.20871508125
0 0.0091712640625 0.7881765546875 0.0763421515625 0.485079528125 0.009314590624999999 0.4665329609375 0.0056224609375 0.48319306093750003 0.0091712640625 0.7881765546875
1 1 0.615326634375 0.8072930093749999 0.5620044921875 0.710226575 1 0.9186201578125001 1 1 0.6327875265625 1 0.615326634375
1 1 0.1485284734375 0.796878771875 0.09232470312499999 0.7016386546875 0.5220792796875 1 0.6046360468749999 1 0.1485284734375
7 0.5890439328125 1 0.6708699640625 0.6307741796874999 0.3839485296875 0.55138284375 0.290049821875 0.9750845359375001 0.380094665625 1 0.5890439328125 1
9 0.6979308468750001 1 0.764637609375 0.69899726875 0.6641679296875 0.671197246875 0.5913002625 1 0.6979308468750001 1
10 0.11155390937500001 0.0051957062499999995 0.016416471874999998 0.43448695312499996 0.0834440328125 0.45303351875000003 0.18196489531249999 0.0084751515625 0.11155390937500001 0.0051957062499999995
2 0.28109674375 0.9726072140625 0.3743818171875 0.5597172171875 0.302569215625 0.5468039953125 0.34983747187500003 0.333514159375 0.1377909078125 0.27134994218749997 0.0098738171875 0.8485537171875001 0.01044589375 0.8977179578125 0.28109674375 0.9726072140625
3 0.6387033609375 0.31553130625 0.694450340625 0.0639826953125 0.560872965625 0.027021753125 0.5051259859375 0.278570365625 0.6387033609375 0.31553130625
9 0.1425481015625 0.2866052375 0.100827715625 0.47486126874999995 0.30607871875 0.5316543484375 0.3477991046875 0.3433983171875 0.1425481015625 0.2866052375
6 0.20395891875 0.0094995390625 0.1452106734375 0.2745908390625 0.42586171093749997 0.352247153125 0.4987766921875 0.0232308984375 0.20395891875 0.0094995390625