3 0.70042313125 0.29129896875 0.570677009375 0.29129896875 0.570677009375 0.5039175250000001 0.70042313125 0.5039175250000001 0.70042313125 0.29129896875
2 0.9835543015624999 0.9825773203124999 0.9835543015624999 0.4562474234375 0.8082933703125 0.45028865937500007 0.8042172078125001 0.6171134015625 0.664273625 0.623072165625 0.664273625 0.9825773203124999 0.9835543015624999 0.9825773203124999
2 0.15747531718750002 0.049072165625000004 0.1601974609375 0.4145360828125 0.2838363890625 0.4145360828125 0.2838363890625 0.4681649484375 0.42513399218750003 0.4661649484375 0.423779971875 0.3112371140625 0.5433427359375 0.30925773125 0.5433427359375 0.055030928125 0.15747531718750002 0.049072165625000004
2 0.15747531718750002 0.41849484531250003 0.154767278125 0.245711340625 0.010733428125 0.245711340625 0.010733428125 0.791917525 0.27840620625 0.789917525 0.2824823703125 0.623072165625 0.42242595156249996 0.625072165625 0.4251057828125 0.4721649484375 0.285190409375 0.4721649484375 0.285190409375 0.4204948453125 0.15747531718750002 0.41849484531250003
10 0.9864315937500001 0.0621237109375 0.7741889984375 0.0621237109375 0.7741889984375 0.17849484531249998 0.9864315937500001 0.17849484531249998 0.9864315937500001 0.0621237109375
0 0.7542595203125 0.00127835 0.5501128343749999 0.00127835 0.5501128343749999 0.166371134375 0.7542595203125 0.166371134375 0.7542595203125 0.00127835
0 0.15228490781249998 0.05946391718750001 0.00619181875 0.05946391718750001 0.00619181875 0.2366804125 0.15228490781249998 0.2366804125 0.15228490781249998 0.05946391718750001
6 0.9947249640625 0.1855257734375 0.7690126937499999 0.1855257734375 0.7690126937499999 0.440309278125 0.9947249640625 0.440309278125 0.9947249640625 0.1855257734375
9 0.9747531734375 0.46705154687499995 0.8122708046874999 0.46705154687499995 0.8122708046874999 0.6171134015625 0.9747531734375 0.6171134015625 0.9747531734375 0.46705154687499995
9 0.145655853125 0.2584948453125 0.014640339062499999 0.2584948453125 0.014640339062499999 0.412371134375 0.145655853125 0.412371134375 0.145655853125 0.2584948453125
9 0.5334273625 0.068082475 0.42506347031249997 0.068082475 0.42506347031249997 0.30206185625000004 0.5334273625 0.30206185625000004 0.5334273625 0.068082475
7 0.6449929484375 0.6340206187499999 0.2847813828125 0.6340206187499999 0.2847813828125 0.9760824749999999 0.6449929484375 0.9760824749999999 0.6449929484375 0.6340206187499999
5 0.5700141046875 0.884412371875 0.4858815234375 0.884412371875 0.4858815234375 0.9914432984375001 0.5700141046875 0.9914432984375001 0.5700141046875 0.884412371875