3 0.58820280625 0.4923361984375 0.7173168171875 0.4817795125 0.6950785796875001 0.2698514640625 0.5659645671875 0.28040815 0.58820280625 0.4923361984375
2 1 0.46761890937499995 0.9940826812499999 0.41122748906249995 0.8190523640625 0.4195480390625 0.8324446218749999 0.5861626484375 0.693806071875 0.6034884546875 0.7314074984375 0.9618260671875 1 0.9398652671875001 1 0.46761890937499995
2 0.29341104375 0.42658358749999997 0.299020203125 0.48003828593750003 0.4394202359375 0.46654821718750006 0.421868571875 0.31223370156249997 0.5406418093750001 0.3005326203125 0.5140516749999999 0.047131454687500005 0.1294409234375 0.07258783125 0.17037447187500002 0.43664336718749996 0.29341104375 0.42658358749999997
2 0.16807964687500002 0.44081075781249995 0.147312996875 0.2688087296875 0.00977969375 0.2800538 0.01269685625 0.36359039375 0.061109759374999996 0.8249602296875 0.32726927968749997 0.8011877484375001 0.3138748640625 0.6345525890625 0.45334583906250003 0.6251596984375001 0.4400197171875 0.47253102656249996 0.300785996875 0.4839151265625 0.2953817078125 0.4324128296875 0.16807964687500002 0.44081075781249995
10 0.7566866375 0.1514117875 0.9678952078125 0.1341428421875 0.9557236984375 0.018149640624999998 0.7445151265625001 0.035418585937500004 0.7566866375 0.1514117875
0 0.5159009484375 0 0.5324341046875001 0.1575592234375 0.735586209375 0.140948996875 0.7207960124999999 0 0.5159009484375 0
0 0.009463557812499999 0.27100081875000004 0.14389815625 0.26000910781250003 0.1253626984375 0.0833681484375 0.0032599093750000003 0.093351578125 0.009463557812499999 0.27100081875000004
6 1 0.36077343125 0.9768835546875 0.14047615468750002 0.75227093125 0.1588410484375 0.77891929375 0.4127971078125 1 0.394720990625 1 0.36077343125
9 1 0.551800196875 0.9864544578125001 0.42271262031249995 0.8247636875 0.435932865625 0.8404589828125 0.5855073749999999 1 0.5724628984375 1 0.551800196875
9 0.1395830171875 0.28229206093750003 0.01022719375 0.2928685203125 0.010741018750000001 0.30758252656249996 0.025300053125 0.4463285859375 0.15567727343749999 0.43566861718750005 0.1395830171875 0.28229206093750003
9 0.42218615625 0.3029838109375 0.5300221109375001 0.2941668703125 0.5055496984375 0.060947370312500006 0.39771374375 0.06976431093749999 0.42218615625 0.3029838109375
7 0.35308479375 0.986229390625 0.7115414453125 0.956921071875 0.6757644515625 0.615970109375 0.3173077984375 0.6452784281249999 0.35308479375 0.986229390625
5 0.5548118171875001 0.9851779781250001 0.6385345124999999 0.9783326000000001 0.6273399140625 0.8716492718750001 0.54361721875 0.87849465 0.5548118171875001 0.9851779781250001