3 0.43403543281249996 0.28040815 0.3049214203125 0.2698514640625 0.2826831828125 0.4817795125 0.41179719375 0.4923361984375 0.43403543281249996 0.28040815
2 0 0.9398652671875001 0.26859250156250003 0.9618260671875 0.306193928125 0.6034884546875 0.16755537812500002 0.5861626484375 0.18094763593750002 0.4195480390625 0.00591731875 0.41122748906249995 0 0.46761890937499995 0 0.9398652671875001
2 0.829625528125 0.43664336718749996 0.8705590765625001 0.07258783125 0.485948325 0.047131454687500005 0.459358190625 0.3005326203125 0.5781314281250001 0.31223370156249997 0.5605797640625 0.46654821718750006 0.700979796875 0.48003828593750003 0.70658895625 0.42658358749999997 0.829625528125 0.43664336718749996
2 0.7046182921875 0.4324128296875 0.699214003125 0.4839151265625 0.5599802828125 0.47253102656249996 0.5466541609375 0.6251596984375001 0.6861251359375 0.6345525890625 0.6727307203125 0.8011877484375001 0.938890240625 0.8249602296875 0.98730314375 0.36359039375 0.99022030625 0.2800538 0.852687003125 0.2688087296875 0.831920353125 0.44081075781249995 0.7046182921875 0.4324128296875
10 0.25548487343750004 0.035418585937500004 0.044276301562499995 0.018149640624999998 0.032104792187499995 0.1341428421875 0.2433133625 0.1514117875 0.25548487343750004 0.035418585937500004
0 0.2792039875 0 0.26441379062500003 0.140948996875 0.4675658953125 0.1575592234375 0.4840990515625 0 0.2792039875 0
0 0.9967400906250001 0.093351578125 0.8746373015625 0.0833681484375 0.85610184375 0.26000910781250003 0.9905364421874999 0.27100081875000004 0.9967400906250001 0.093351578125
6 0 0.394720990625 0.22108070624999998 0.4127971078125 0.24772906875 0.1588410484375 0.0231164453125 0.14047615468750002 0 0.36077343125 0 0.394720990625
9 0 0.5724628984375 0.1595410171875 0.5855073749999999 0.1752363125 0.435932865625 0.0135455421875 0.42271262031249995 0 0.551800196875 0 0.5724628984375
9 0.8443227265625 0.43566861718750005 0.974699946875 0.4463285859375 0.9892589812500001 0.30758252656249996 0.9897728062500001 0.2928685203125 0.8604169828125 0.28229206093750003 0.8443227265625 0.43566861718750005
9 0.60228625625 0.06976431093749999 0.4944503015625 0.060947370312500006 0.4699778890625 0.2941668703125 0.57781384375 0.3029838109375 0.60228625625 0.06976431093749999
7 0.6826922015625 0.6452784281249999 0.3242355484375 0.615970109375 0.2884585546875 0.956921071875 0.64691520625 0.986229390625 0.6826922015625 0.6452784281249999
5 0.45638278125 0.87849465 0.3726600859375 0.8716492718750001 0.36146548749999996 0.9783326000000001 0.4451881828125 0.9851779781250001 0.45638278125 0.87849465