3 0.29957686875 0.5039175250000001 0.42932299062499996 0.5039175250000001 0.42932299062499996 0.29129896875 0.29957686875 0.29129896875 0.29957686875 0.5039175250000001
2 0.335726375 0.9825773203124999 0.335726375 0.623072165625 0.1957827921875 0.6171134015625 0.19170662968750002 0.45028865937500007 0.0164456984375 0.4562474234375 0.0164456984375 0.9825773203124999 0.335726375 0.9825773203124999
2 0.4566572640625 0.055030928125 0.4566572640625 0.30925773125 0.5762200281250001 0.3112371140625 0.5748660078125 0.4661649484375 0.7161636109375 0.4681649484375 0.7161636109375 0.4145360828125 0.8398025390624999 0.4145360828125 0.8425246828124999 0.049072165625000004 0.4566572640625 0.055030928125
2 0.714809590625 0.4204948453125 0.714809590625 0.4721649484375 0.5748942171875 0.4721649484375 0.5775740484375 0.625072165625 0.7175176296875 0.623072165625 0.72159379375 0.789917525 0.9892665718749999 0.791917525 0.9892665718749999 0.245711340625 0.845232721875 0.245711340625 0.8425246828124999 0.41849484531250003 0.714809590625 0.4204948453125
10 0.013568406250000001 0.17849484531249998 0.22581100156249997 0.17849484531249998 0.22581100156249997 0.0621237109375 0.013568406250000001 0.0621237109375 0.013568406250000001 0.17849484531249998
0 0.2457404796875 0.166371134375 0.44988716562500003 0.166371134375 0.44988716562500003 0.00127835 0.2457404796875 0.00127835 0.2457404796875 0.166371134375
0 0.8477150921875 0.2366804125 0.99380818125 0.2366804125 0.99380818125 0.05946391718750001 0.8477150921875 0.05946391718750001 0.8477150921875 0.2366804125
6 0.0052750359375 0.440309278125 0.23098730625 0.440309278125 0.23098730625 0.1855257734375 0.0052750359375 0.1855257734375 0.0052750359375 0.440309278125
9 0.0252468265625 0.6171134015625 0.1877291953125 0.6171134015625 0.1877291953125 0.46705154687499995 0.0252468265625 0.46705154687499995 0.0252468265625 0.6171134015625
9 0.854344146875 0.412371134375 0.9853596609374999 0.412371134375 0.9853596609374999 0.2584948453125 0.854344146875 0.2584948453125 0.854344146875 0.412371134375
9 0.4665726375 0.30206185625000004 0.5749365296875 0.30206185625000004 0.5749365296875 0.068082475 0.4665726375 0.068082475 0.4665726375 0.30206185625000004
7 0.3550070515625 0.9760824749999999 0.7152186171875 0.9760824749999999 0.7152186171875 0.6340206187499999 0.3550070515625 0.6340206187499999 0.3550070515625 0.9760824749999999
5 0.4299858953125 0.9914432984375001 0.5141184765625 0.9914432984375001 0.5141184765625 0.884412371875 0.4299858953125 0.884412371875 0.4299858953125 0.9914432984375001