3 0.26816262812499997 0.565924725 0.252965103125 0.702628659375 0.4778204328125 0.7301924343749999 0.4930179578125 0.5934885000000001 0.26816262812499997 0.565924725
2 0.9882626828125 0.7541576015625 0.6080670359375 0.7075515140624999 0.585373346875 0.8542272734375 0.40846993749999994 0.8368949421874999 0.39748761875 0.9800354562500001 0.4941336234375 0.9918827562500001 0.96274385625 0.983703134375 0.9882626828125 0.7541576015625
2 0.44657298437500004 0.1494090515625 0.060394484375 0.0991623484375 0.021498462500000003 0.5064949296875 0.29035670625 0.5394527796874999 0.3064547265625 0.41373490156250003 0.470140478125 0.435246309375 0.4888061640625 0.2866307078125 0.4320908109375 0.2796782859375 0.44657298437500004 0.1494090515625
2 0.2822087578125 0 0.268667975 0.12180130156249999 0.4510784375 0.147054140625 0.43823391875000006 0.28187740781250004 0.492877775 0.28857589687499996 0.4764890984375 0.4359944234375 0.6385104328125 0.45299370625 0.6527873109375 0.305286178125 0.829712525 0.32262118281249996 0.863180890625 0.040853362500000004 0.5299138859375 0 0.2822087578125 0
10 0.02719534375 0.93464336875 0.1051868609375 0.9442039187500001 0.1250283953125 0.7657264484375 0.021912565624999998 0.753086046875 0.02719534375 0.93464336875
0 0.0212910359375 0.731725471875 0.114541328125 0.7431565109375 0.1384535984375 0.528062178125 0.01492443125 0.5129194203125 0.0212910359375 0.731725471875
0 0.0825580640625 0 0.071992278125 0.0950407796875 0.2594080609375 0.118015046875 0.27252792187499997 0 0.0825580640625 0
6 0.1330702875 0.7611840421875 0.1126224375 0.9451154046875001 0.382069421875 0.9781454249999999 0.402517271875 0.7942140609375 0.1330702875 0.7611840421875
9 0.41035078125 0.9816122796875 0.49413361718750004 0.9918827562500001 0.570217678125 0.9905547046875001 0.5844300078125 0.8627127546875 0.4257316859375 0.8432588031250001 0.41035078125 0.9816122796875
9 0.2959122265625 0 0.28325445312499997 0.11385851250000001 0.4459867359375 0.133806965625 0.46086220312500004 0 0.2959122265625 0
9 0.049155540625 0.3835647734375 0.036462575000000004 0.497739828125 0.28390810312500003 0.528072809375 0.2966010671875 0.4138977546875 0.049155540625 0.3835647734375
7 1 0.35030437812500004 0.6640965875 0.3091278328125 0.6219040015624999 0.6886562374999999 0.983652440625 0.7330009828125 1 0.585952321875 1 0.35030437812500004
5 1 0.5650763203125 0.9053436390625 0.5534729203125 0.8954889578125 0.642117225 1 0.65492865625 1 0.5650763203125