2 1 0.5581934328125 0.9983622296875 0.5401233015625 0.6738581890625001 0.55805080625 0.6929480734375 0.74075699375 0.53887880625 0.7508285078125 0.55627649375 0.9252945734375 1 0.8947197875 1 0.5581934328125
3 0.931304159375 0.34501722031250004 0.7139470171875 0.34754640000000003 0.7172668265625 0.4901789765625 0.9346239687500001 0.487649796875 0.931304159375 0.34501722031250004
5 0.9061977421874999 0 0.9081511875 0.0839279859375 0.965817853125 0.0832569734375 0.9638800265624999 0 0.9061977421874999 0
9 0.6954877046875 0.7506164828124999 0.56167818125 0.752173496875 0.5653396265625 0.909484103125 0.69914915 0.9079270890625001 0.6954877046875 0.7506164828124999
7 0.7538049 0 0.5338469578125 0.0025594421874999998 0.5416062578124999 0.3359306546875 0.9716300671875 0.330926875 0.9639276593749999 0 0.7538049 0
1 0.533337678125 0.43294705 0.20221863125 0.43679996875000004 0.20707205156250003 0.645322696875 0.5381910984375 0.6414697781250001 0.533337678125 0.43294705
6 0.5311526375 0.66138659375 0.223533590625 0.664966065625 0.22967640625 0.9288865203125001 0.537295453125 0.9253070484375 0.5311526375 0.66138659375
0 0.15284468906249998 0.019174134375 0.0302732609375 0.0206003828125 0.045352365625 0.66846023125 0.16792379375 0.6670339828125 0.15284468906249998 0.019174134375
0 1 0.9174412609375 0.71209485 0.920791340625 0.7137514484375 0.9919655828125 1 0.9886347796875 1 0.9174412609375
9 0.4230692703125 0.327534584375 0.18075974687500002 0.3303541109375 0.182937834375 0.42393365625 0.42524735781249995 0.42111412968749995 0.4230692703125 0.327534584375
1 0.5035271828125001 0.0239596109375 0.154312896875 0.0280230875 0.1608290875 0.3079852078125 0.5100433734375 0.30392173125 0.5035271828125001 0.0239596109375