2 0.4779398140625 0.9185239859375001 0.490902778125 0.748413284375 0.3409259265625 0.7403505531250001 0.355347221875 0.562195571875 0.0395370375 0.548413284375 0.0164583328125 0.8920848703125 0.4779398140625 0.9185239859375001
3 0.3116203703125 0.3576383765625 0.1003009265625 0.3576383765625 0.1003009265625 0.496586715625 0.3116203703125 0.496586715625 0.3116203703125 0.3576383765625
5 0.11689814843749999 0.0054428046874999995 0.060833332812499995 0.0054428046874999995 0.060833332812499995 0.10309963124999999 0.11689814843749999 0.10309963124999999 0.11689814843749999 0.0054428046874999995
9 0.4687731484375 0.74998155 0.33868055625000004 0.74998155 0.33868055625000004 0.9032287828125 0.4687731484375 0.9032287828125 0.4687731484375 0.74998155
7 0.478865740625 0.019612546875 0.060787037499999995 0.019612546875 0.060787037499999995 0.34437269375 0.478865740625 0.34437269375 0.478865740625 0.019612546875
1 0.8110185187500001 0.4387638375 0.489097221875 0.4387638375 0.489097221875 0.64190036875 0.8110185187500001 0.64190036875 0.8110185187500001 0.4387638375
6 0.7954629625 0.6612177124999999 0.4963888890625 0.6612177124999999 0.4963888890625 0.9183210328125 0.7954629625 0.9183210328125 0.7954629625 0.6612177124999999
0 0.9687268515625 0.0314760140625 0.8495601859375 0.0314760140625 0.8495601859375 0.6626014765625 0.9687268515625 0.6626014765625 0.9687268515625 0.0314760140625
0 0.3263888890625 0.915904059375 0.0019444437500000002 0.915904059375 0.0019444437500000002 0.9967158671874999 0.3263888890625 0.9967158671874999 0.3263888890625 0.915904059375
9 0.8294675921874999 0.3348523984375 0.5938888890625 0.3348523984375 0.5938888890625 0.426014759375 0.8294675921874999 0.426014759375 0.8294675921874999 0.3348523984375
1 0.8483333328124999 0.040110701562500004 0.50881944375 0.040110701562500004 0.50881944375 0.312841328125 0.8483333328124999 0.312841328125 0.8483333328124999 0.040110701562500004