0 0.9998993328125 0.008651368750000001 0.9479980578125 0.00774524375 0.93868195 0.3279840734375 0.9961718812499999 0.32898776875 0.9998993328125 0.008651368750000001
9 0.18736175 0.8618977546875 0.28423873125 0.8635890921874999 0.2912851734375 0.6213693515625 0.19440819375 0.6196780140625 0.18736175 0.8618977546875
1 0 0.8595119484374999 0.18302518750000002 0.862707315625 0.1937261296875 0.494865115625 0 0.49148292656250003 0 0.8595119484374999
0 0.03005735625 0.6866565078125 0.02117690625 0.9919197421874999 0.09457738593750001 0.9932012125 0.103457834375 0.6879379796875 0.03005735625 0.6866565078125
0 0.3999453984375 0.533765575 0.386431671875 0.9982965828125 0.46682267343749995 0.9997000984375 0.4803364 0.5351690890625 0.3999453984375 0.533765575
6 0.30796269062500004 0 0.2987462828125 0.3168116859375 0.4368673421875 0.3192230875 0.4461539 0 0.30796269062500004 0
9 0.5853730328125 0.6751050609375 0.6802111109375 0.6767608015625 0.6867626953125 0.45155174374999996 0.591924615625 0.44989600156250004 0.5853730328125 0.6751050609375
9 0.699261484375 0.13931378125 0.7032132843750001 0.0034716421875 0.5661641046875 0.001078953125 0.5622123046875 0.13692109218749998 0.699261484375 0.13931378125
10 0.44039544687500004 0 0.43657908125 0.13118663125000002 0.5620356453124999 0.133376928125 0.5658844828125 0.001074071875 0.50436343125 0 0.44039544687500004 0
7 0.6919888078125 0.32239351250000003 0.6875131609375 0.44178260781249995 0.5906397375 0.4419725328125 0.5823596546875 0.69213816875 0.928972384375 0.6905983515624999 0.938446121875 0.3304808453125 0.6919888078125 0.32239351250000003
7 0.9395581375000001 0.326715728125 0.947944715625 0.0077443125 0.5665019796874999 0.001084853125 0.5626267578124999 0.13429465000000002 0.698339 0.138567328125 0.6940364484375 0.3205259296875 0.9395581375000001 0.326715728125
3 0.507765521875 0.358837340625 0.6241111046875 0.3608685734375 0.6295436234375 0.17412710781250001 0.5131980390625 0.1720958765625 0.507765521875 0.358837340625
7 0.2855775859375 0.735823690625 0.57809596875 0.7409306546875001 0.5901103156249999 0.32794046718750003 0.29759193281249996 0.322833503125 0.2855775859375 0.735823690625