3 0.6298679734375 0.5100738984375 0.4918103921875 0.5413116640625 0.5300547812499999 0.6919972578125 0.6681123625 0.6607594921875 0.6298679734375 0.5100738984375
5 0.8403781109375 0.6665420640625 0.6879890875 0.70102255 0.743044065625 0.917943059375 0.8954330890625 0.883462575 0.8403781109375 0.6665420640625
4 0.1685098578125 0.5936579265625 0.053809389062500004 0.6196107671875 0.10851439375000001 0.8351523484375001 0.22321486093749998 0.8091995093750001 0.1685098578125 0.5936579265625
2 0.1804753140625 0.148565475 0.0043852609375 0.188408703125 0.011320621875 0.48638006093749997 0.0986611296875 0.8305078328125 0.33971125468749996 0.7759663359375 0.1804753140625 0.148565475
2 1 0.47058188906250004 0.8984281015625 0.070381428125 0.6589834109375 0.1245596703125 0.7976119671874999 0.670765978125 1 0.6249724062500001 1 0.47058188906250004
9 0.2862941015625 0.558932553125 0.16442791406249999 0.586506753125 0.2195623 0.8037401296875 0.3414284875 0.77616593125 0.2862941015625 0.558932553125
9 0.41231962031249997 0.5357963390625 0.2904534328125 0.5633705390625 0.345590759375 0.780615503125 0.46745694687499995 0.7530413015625 0.41231962031249997 0.5357963390625
9 0.8690157968750001 0.43237565624999996 0.74713981875 0.459952071875 0.8022771453124999 0.6771970359374999 0.9241531234375 0.6496206203125 0.8690157968750001 0.43237565624999996
0 0.7246409875000001 0.08458477187499999 0.7042129828125 0.004096990625 0.49873182656250004 0.0029015374999999998 0.383074503125 0.029070879687500002 0.4149487484375 0.154657659375 0.7246409875000001 0.08458477187499999
6 0.6855701359374999 0.7071940390625 0.40455056562499997 0.7707792718750001 0.458393865625 0.9829256765625001 0.7394134359375 0.91934044375 0.6855701359374999 0.7071940390625
4 1 0.4586318140625 0.9861551265624999 0.404082034375 0.8714448718750001 0.43003708906250004 0.9261498749999999 0.6455786703124999 1 0.6288688828125 1 0.4586318140625
7 0.66098184375 0.102578834375 0.417200521875 0.157738309375 0.48311944999999995 0.417463540625 0.7269007703125 0.362304065625 0.66098184375 0.102578834375
1 0.3952816734375 0.08911808125000001 0.1816511984375 0.1374554390625 0.261769134375 0.45312576718750003 0.475399609375 0.40478840937499994 0.3952816734375 0.08911808125000001