3 0.48280821874999996 0.6881839078125 0.6208023484375 0.6881839078125 0.6208023484375 0.53871264375 0.48280821874999996 0.53871264375 0.48280821874999996 0.6881839078125
5 0.6299315062499999 0.9453448281249999 0.7822504890624999 0.9453448281249999 0.7822504890624999 0.7301724140625 0.6299315062499999 0.7301724140625 0.6299315062499999 0.9453448281249999
4 0.05 0.733 0.16464775 0.733 0.16464775 0.5191954015625 0.05 0.5191954015625 0.05 0.733
2 0.041800390625 0.7265517234375001 0.2827397265625 0.7265517234375001 0.2827397265625 0.104206896875 0.041800390625 0.104206896875 0.041800390625 0.7265517234375001
2 0.7408121328124999 0.725057471875 0.9801467703125001 0.725057471875 0.9801467703125001 0.18325287343750002 0.7408121328124999 0.18325287343750002 0.7408121328124999 0.725057471875
9 0.1625048921875 0.7271034484375 0.28431506875 0.7271034484375 0.28431506875 0.5116206890624999 0.1625048921875 0.5116206890624999 0.1625048921875 0.7271034484375
9 0.2871819953125 0.7321609203125 0.40899217187500003 0.7321609203125 0.40899217187500003 0.5166666671875 0.2871819953125 0.5166666671875 0.2871819953125 0.7321609203125
9 0.7436790609374999 0.732080459375 0.8654990218749999 0.732080459375 0.8654990218749999 0.51658620625 0.7436790609374999 0.51658620625 0.7436790609374999 0.732080459375
0 0.5029158515625001 0.15968965468750002 0.8124657531249999 0.15968965468750002 0.8124657531249999 0.0351149421875 0.5029158515625001 0.0351149421875 0.5029158515625001 0.15968965468750002
6 0.34527397187500003 0.9458850578125 0.6261643828125 0.9458850578125 0.6261643828125 0.7354482765625 0.34527397187500003 0.7354482765625 0.34527397187500003 0.9458850578125
4 0.8683561640624999 0.72871264375 0.9830136984375001 0.72871264375 0.9830136984375001 0.5149080453125 0.8683561640624999 0.5149080453125 0.8683561640624999 0.72871264375
7 0.504305284375 0.42068965468749997 0.747974559375 0.42068965468749997 0.747974559375 0.163057471875 0.504305284375 0.163057471875 0.504305284375 0.42068965468749997
1 0.28651663437499997 0.4071609203125 0.5000489234375001 0.4071609203125 0.5000489234375001 0.0940344828125 0.28651663437499997 0.0940344828125 0.28651663437499997 0.4071609203125