3 0.51719178125 0.53871264375 0.3791976515625 0.53871264375 0.3791976515625 0.6881839078125 0.51719178125 0.6881839078125 0.51719178125 0.53871264375
5 0.37006849375 0.7301724140625 0.2177495109375 0.7301724140625 0.2177495109375 0.9453448281249999 0.37006849375 0.9453448281249999 0.37006849375 0.7301724140625
4 0.95 0.5191954015625 0.83535225 0.5191954015625 0.83535225 0.733 0.95 0.733 0.95 0.5191954015625
2 0.958199609375 0.104206896875 0.7172602734375 0.104206896875 0.7172602734375 0.7265517234375001 0.958199609375 0.7265517234375001 0.958199609375 0.104206896875
2 0.2591878671875 0.18325287343750002 0.019853229687499998 0.18325287343750002 0.019853229687499998 0.725057471875 0.2591878671875 0.725057471875 0.2591878671875 0.18325287343750002
9 0.8374951078124999 0.5116206890624999 0.71568493125 0.5116206890624999 0.71568493125 0.7271034484375 0.8374951078124999 0.7271034484375 0.8374951078124999 0.5116206890624999
9 0.7128180046875 0.5166666671875 0.591007828125 0.5166666671875 0.591007828125 0.7321609203125 0.7128180046875 0.7321609203125 0.7128180046875 0.5166666671875
9 0.2563209390625 0.51658620625 0.134500978125 0.51658620625 0.134500978125 0.732080459375 0.2563209390625 0.732080459375 0.2563209390625 0.51658620625
0 0.4970841484375 0.0351149421875 0.187534246875 0.0351149421875 0.187534246875 0.15968965468750002 0.4970841484375 0.15968965468750002 0.4970841484375 0.0351149421875
6 0.654726028125 0.7354482765625 0.3738356171875 0.7354482765625 0.3738356171875 0.9458850578125 0.654726028125 0.9458850578125 0.654726028125 0.7354482765625
4 0.1316438359375 0.5149080453125 0.0169863015625 0.5149080453125 0.0169863015625 0.72871264375 0.1316438359375 0.72871264375 0.1316438359375 0.5149080453125
7 0.495694715625 0.163057471875 0.252025440625 0.163057471875 0.252025440625 0.42068965468749997 0.495694715625 0.42068965468749997 0.495694715625 0.163057471875
1 0.7134833656249999 0.0940344828125 0.4999510765625 0.0940344828125 0.4999510765625 0.4071609203125 0.7134833656249999 0.4071609203125 0.7134833656249999 0.0940344828125