3 0.32448933750000003 0.455122484375 0.3075007296875 0.5995215171875 0.46505645781249993 0.625247528125 0.48204506562500005 0.48084849375000005 0.32448933750000003 0.455122484375
5 0.2621172875 0.6018476140625 0.035306828125 0.564813553125 0.01725849375 0.71821999375 0.017400950000000002 0.7243405015625 0.24336513124999998 0.76123638125 0.2621172875 0.6018476140625
4 0.3298871359375 0 0.31641835625 0.114481359375 0.54178701875 0.15128 0.5559014296875 0.0313109515625 0.36414142968749996 0 0.3298871359375 0
2 0.3368147546875 0 0.30867696875 0.23916432968749998 0.9646826078125 0.346278228125 0.9943449125000001 0.09415585625 0.417699178125 0 0.3368147546875 0
2 0.2538582484375 0.7187550390624999 0.227249628125 0.9449218328125 0.4883118515625 0.9875485890625001 0.8034519546875 0.9948835562499999 0.8249674718750001 0.8120068843749999 0.2538582484375 0.7187550390624999
9 0.3228976453125 0.11325391874999999 0.30790146093750004 0.2407178328125 0.535039053125 0.2778053078125 0.5500352375 0.15034139375 0.3228976453125 0.11325391874999999
9 0.3022174953125 0.2428473671875 0.28722131093750003 0.37031128125 0.51437101875 0.407400734375 0.529367203125 0.2799368203125 0.3022174953125 0.2428473671875
9 0.2461024578125 0.7205462859375 0.23110506718749999 0.8480204359375 0.4582547734375 0.885109890625 0.47325216093750005 0.7576357375 0.2461024578125 0.7205462859375
0 1 0.5868663140625 0.879092828125 0.5671243515625 0.8409838000000001 0.89104180625 0.9681163937499999 0.9118002671875001 1 0.6407973828125 1 0.5868663140625
6 0.069781878125 0.2668508515625 0.0352011515625 0.5607786031249999 0.25701984375000003 0.596997596875 0.29160056875 0.3030698453125 0.069781878125 0.2668508515625
4 0.23430329374999997 0.8515898375000001 0.223396759375 0.944292728125 0.44876542031250005 0.9810913687499999 0.45967195624999996 0.888388478125 0.23430329374999997 0.8515898375000001
7 0.603805046875 0.523656671875 0.5738066546875 0.77863569375 0.845373409375 0.8229776484375 0.8753717999999999 0.567998628125 0.603805046875 0.523656671875
1 0.644877709375 0.29808798593749997 0.618589515625 0.5215312328125 0.9486520453124999 0.5754244953125001 0.9749402390625 0.3519812484375 0.644877709375 0.29808798593749997