3 0.517954934375 0.48084849375000005 0.5349435421875001 0.625247528125 0.6924992703124999 0.5995215171875 0.6755106625 0.455122484375 0.517954934375 0.48084849375000005
5 0.75663486875 0.76123638125 0.9825990499999999 0.7243405015625 0.98274150625 0.71821999375 0.964693171875 0.564813553125 0.7378827125 0.6018476140625 0.75663486875 0.76123638125
4 0.6358585703124999 0 0.44409857031250005 0.0313109515625 0.45821298125 0.15128 0.68358164375 0.114481359375 0.6701128640625 0 0.6358585703124999 0
2 0.582300821875 0 0.0056550875 0.09415585625 0.035317392187500005 0.346278228125 0.6913230312499999 0.23916432968749998 0.6631852453125 0 0.582300821875 0
2 0.175032528125 0.8120068843749999 0.1965480453125 0.9948835562499999 0.5116881484375 0.9875485890625001 0.7727503718750001 0.9449218328125 0.7461417515625001 0.7187550390624999 0.175032528125 0.8120068843749999
9 0.44996476249999995 0.15034139375 0.46496094687499995 0.2778053078125 0.6920985390625 0.2407178328125 0.6771023546875 0.11325391874999999 0.44996476249999995 0.15034139375
9 0.47063279687500004 0.2799368203125 0.48562898125 0.407400734375 0.7127786890625 0.37031128125 0.6977825046875 0.2428473671875 0.47063279687500004 0.2799368203125
9 0.5267478390625 0.7576357375 0.5417452265625 0.885109890625 0.7688949328125 0.8480204359375 0.7538975421874999 0.7205462859375 0.5267478390625 0.7576357375
0 0 0.6407973828125 0.03188360625 0.9118002671875001 0.1590162 0.89104180625 0.120907171875 0.5671243515625 0 0.5868663140625 0 0.6407973828125
6 0.7083994312499999 0.3030698453125 0.74298015625 0.596997596875 0.9647988484375001 0.5607786031249999 0.9302181218750001 0.2668508515625 0.7083994312499999 0.3030698453125
4 0.54032804375 0.888388478125 0.5512345796875 0.9810913687499999 0.776603240625 0.944292728125 0.76569670625 0.8515898375000001 0.54032804375 0.888388478125
7 0.1246282 0.567998628125 0.154626590625 0.8229776484375 0.42619334531249997 0.77863569375 0.396194953125 0.523656671875 0.1246282 0.567998628125
1 0.025059760937499998 0.3519812484375 0.051347954687499996 0.5754244953125001 0.381410484375 0.5215312328125 0.355122290625 0.29808798593749997 0.025059760937499998 0.3519812484375