4 0.7209051718749999 0.6563218390625 0.621155171875 0.6563218390625 0.621155171875 0.8835977015625 0.7209051718749999 0.8835977015625 0.7209051718749999 0.6563218390625
9 0.3408534484375 0.5856091953125 0.25499137968749996 0.5856091953125 0.25499137968749996 0.772482759375 0.3408534484375 0.772482759375 0.3408534484375 0.5856091953125
9 0.24874137968749999 0.584850575 0.16287931093750002 0.584850575 0.16287931093750002 0.7717241375 0.24874137968749999 0.7717241375 0.24874137968749999 0.584850575
9 0.6224741375 0.588218390625 0.5366206890624999 0.588218390625 0.5366206890624999 0.775080459375 0.6224741375 0.775080459375 0.6224741375 0.588218390625
10 0.6703965515625 0.0974022984375 0.535293103125 0.0974022984375 0.535293103125 0.21187356249999997 0.6703965515625 0.21187356249999997 0.6703965515625 0.0974022984375
0 0.92166379375 0.775850575 0.7183793109375001 0.775850575 0.7183793109375001 0.8852758625 0.92166379375 0.8852758625 0.92166379375 0.775850575
0 0.5435603453125 0.7801149421875 0.3402758625 0.7801149421875 0.3402758625 0.881149425 0.5435603453125 0.881149425 0.5435603453125 0.7801149421875
0 0.21412931093749998 0.171517240625 0.036818965625 0.171517240625 0.036818965625 0.2725517234375 0.21412931093749998 0.2725517234375 0.21412931093749998 0.171517240625
2 0.9173275859375 0.7728965515625 0.918568965625 0.499793103125 0.6256034484375 0.499793103125 0.6231206890625 0.5825517234375 0.5399482765625 0.5842068968749999 0.5387068968750001 0.7745517234375 0.6218793109375 0.776206896875 0.62063793125 0.880482759375 0.7199482765624999 0.88213793125 0.7199482765624999 0.7728965515625 0.9173275859375 0.7728965515625
2 0.10049999999999999 0.34586206875 0.10049999999999999 0.5825517234375 0.16008620625 0.5842068968749999 0.16132758593750002 0.776206896875 0.2531896546875 0.776206896875 0.2556724140625 0.5842068968749999 0.2817413796875 0.5825517234375 0.2805 0.34586206875 0.10049999999999999 0.34586206875
1 0.3472241375 0.0983218390625 0.16287931093750002 0.0983218390625 0.16287931093750002 0.339057471875 0.3472241375 0.339057471875 0.3472241375 0.0983218390625
6 0.7499396546875 0.2186091953125 0.5352586203125 0.2186091953125 0.5352586203125 0.3869655171875 0.7499396546875 0.3869655171875 0.7499396546875 0.2186091953125
3 0.5348534484374999 0.0977241375 0.3423275859375 0.0977241375 0.3423275859375 0.38298850624999997 0.5348534484374999 0.38298850624999997 0.5348534484374999 0.0977241375
7 0.5327586203125 0.5059770109375 0.34716379375 0.5059770109375 0.34716379375 0.7725287359374999 0.5327586203125 0.7725287359374999 0.5327586203125 0.5059770109375
5 0.793482759375 0.3906666671875 0.6793965515625 0.3906666671875 0.6793965515625 0.5032183906250001 0.793482759375 0.5032183906250001 0.793482759375 0.3906666671875