4 0.624977725 0.6487796328125001 0.606893184375 0.748331390625 0.8331439640625 0.784298584375 0.8512285046875 0.6847468265625001 0.624977725 0.6487796328125001
9 0.6209690265625001 0.2721530296875 0.6054023484375 0.35784445625 0.7914330546875 0.3874178453125 0.8069997328125 0.30172641875 0.6209690265625001 0.2721530296875
9 0.636913625 0.1801039671875 0.6213469453125 0.26579539531249996 0.8073776531249999 0.2953687859375 0.8229443312500001 0.20967735781250002 0.636913625 0.1801039671875
9 0.5725074343750001 0.5536355453125 0.55694231875 0.6393183687499999 0.7429615843749999 0.6688899390625 0.7585267 0.5832071171875 0.5725074343750001 0.5536355453125
10 0.08414576093750001 0.474637246875 0.059651684375 0.6094721921875 0.17360665 0.6275876671875 0.1981007265625 0.49275272187499997 0.08414576093750001 0.474637246875
0 0.72634074375 0.7647263843750001 0.6894855375 0.9676068609374999 0.7984172843749999 0.9849237937499999 0.835272490625 0.782043315625 0.72634074375 0.7647263843750001
0 0.7991355328124999 0.3880492265625 0.762280325 0.5909297046875001 0.8628591125 0.6069187625 0.8997143187500001 0.404038284375 0.7991355328124999 0.3880492265625
0 0.246279559375 0 0.2161529921875 0.165840678125 0.316731778125 0.18182973593750001 0.3488779078125 0.0048717765625 0.3182321140625 0 0.246279559375 0
2 0.757622121875 0.585205503125 0.567910746875 0.5563216843750001 0.551183990625 0.6390668671874999 0.4683485171875 0.6284478515624999 0.4152342578125 0.9208311312499999 0.6873309859375001 0.9628117875 0.72311559375 0.765824746875 0.8318642625000001 0.783112575 0.8482213875 0.6837376625 0.74419078125 0.66847455625 0.757622121875 0.585205503125
2 0.645934428125 0.11748482812500001 0.41031231406249996 0.08002786875 0.377678553125 0.25967013906249997 0.6130756078124999 0.298366009375 0.6194495828125001 0.27261079062500004 0.811033725 0.3005176328125 0.8276881968750001 0.2088381296875 0.636779234375 0.1772145515625 0.645934428125 0.11748482812500001
1 0.1525792796875 0.10310910625 0.11915780625000001 0.2870875703125 0.3588076484375 0.32518481875 0.392229121875 0.14120635625 0.1525792796875 0.10310910625
6 0.20481222968749999 0.4937842453125 0.16589084375000002 0.7080386234375 0.3334878265625 0.734681596875 0.3724092125 0.52042721875 0.20481222968749999 0.4937842453125
3 0.119450540625 0.2821061609375 0.084545859375 0.47424939843749997 0.36852359843750004 0.519393475 0.4034282796875 0.32725023593749997 0.119450540625 0.2821061609375
7 0.5249852734375 0.3515401890625 0.49133717656250003 0.53676616875 0.756686671875 0.5789489031249999 0.79033476875 0.393722925 0.5249852734375 0.3515401890625
5 0.3499616546875 0.664864409375 0.3292779765625 0.7787238828125 0.441322059375 0.7965355828125 0.4620057375 0.6826761109375 0.3499616546875 0.664864409375