4 0.27909482812499997 0.8835977015625 0.378844828125 0.8835977015625 0.378844828125 0.6563218390625 0.27909482812499997 0.6563218390625 0.27909482812499997 0.8835977015625
9 0.6591465515625 0.772482759375 0.7450086203125 0.772482759375 0.7450086203125 0.5856091953125 0.6591465515625 0.5856091953125 0.6591465515625 0.772482759375
9 0.7512586203125 0.7717241375 0.8371206890625 0.7717241375 0.8371206890625 0.584850575 0.7512586203125 0.584850575 0.7512586203125 0.7717241375
9 0.37752586250000003 0.775080459375 0.46337931093750007 0.775080459375 0.46337931093750007 0.588218390625 0.37752586250000003 0.588218390625 0.37752586250000003 0.775080459375
10 0.3296034484375 0.21187356249999997 0.464706896875 0.21187356249999997 0.464706896875 0.0974022984375 0.3296034484375 0.0974022984375 0.3296034484375 0.21187356249999997
0 0.07833620625 0.8852758625 0.28162068906250004 0.8852758625 0.28162068906250004 0.775850575 0.07833620625 0.775850575 0.07833620625 0.8852758625
0 0.4564396546875 0.881149425 0.6597241375 0.881149425 0.6597241375 0.7801149421875 0.4564396546875 0.7801149421875 0.4564396546875 0.881149425
0 0.7858706890625 0.2725517234375 0.963181034375 0.2725517234375 0.963181034375 0.171517240625 0.7858706890625 0.171517240625 0.7858706890625 0.2725517234375
2 0.2800517234375 0.7728965515625 0.2800517234375 0.88213793125 0.37936206875 0.880482759375 0.3781206890625 0.776206896875 0.46129310312499994 0.7745517234375 0.4600517234375 0.5842068968749999 0.3768793109375 0.5825517234375 0.37439655156249996 0.499793103125 0.081431034375 0.499793103125 0.0826724140625 0.7728965515625 0.2800517234375 0.7728965515625
2 0.7195 0.34586206875 0.7182586203125 0.5825517234375 0.7443275859375 0.5842068968749999 0.7468103453125 0.776206896875 0.8386724140625 0.776206896875 0.8399137937500001 0.5842068968749999 0.8995 0.5825517234375 0.8995 0.34586206875 0.7195 0.34586206875
1 0.6527758625 0.339057471875 0.8371206890625 0.339057471875 0.8371206890625 0.0983218390625 0.6527758625 0.0983218390625 0.6527758625 0.339057471875
6 0.2500603453125 0.3869655171875 0.4647413796875 0.3869655171875 0.4647413796875 0.2186091953125 0.2500603453125 0.2186091953125 0.2500603453125 0.3869655171875
3 0.46514655156250007 0.38298850624999997 0.6576724140625 0.38298850624999997 0.6576724140625 0.0977241375 0.46514655156250007 0.0977241375 0.46514655156250007 0.38298850624999997
7 0.4672413796875 0.7725287359374999 0.65283620625 0.7725287359374999 0.65283620625 0.5059770109375 0.4672413796875 0.5059770109375 0.4672413796875 0.7725287359374999
5 0.206517240625 0.5032183906250001 0.3206034484375 0.5032183906250001 0.3206034484375 0.3906666671875 0.206517240625 0.3906666671875 0.206517240625 0.5032183906250001