4 0.28711911093750003 0.3630092859375 0.2726531578125 0.25609364375 0.028108146875 0.29608068906249996 0.0425740984375 0.40299633124999995 0.28711911093750003 0.3630092859375
9 0.41630656562499996 0.7430356031249999 0.40385466875000003 0.6510055453125 0.202781853125 0.6838841890625 0.21523374999999997 0.775914246875 0.41630656562499996 0.7430356031249999
9 0.43048111406249995 0.8416311640625 0.4180292171875 0.74960110625 0.2169564 0.78247975 0.22940829687500003 0.8745098078125 0.43048111406249995 0.8416311640625
9 0.37265664374999996 0.44163422968750005 0.3602059984375 0.3496134109375 0.1591455484375 0.38249003125000003 0.1715961953125 0.47451085 0.37265664374999996 0.44163422968750005
10 0.9009590484375 0.356702715625 0.8813660656250001 0.211893975 0.75819690625 0.232034115625 0.7777898890625 0.37684285625 0.9009590484375 0.356702715625
0 0 0.101978409375 0.026668778124999997 0.2990832578125 0.14440855 0.279830909375 0.114927809375 0.061943278125 0 0.08073582500000001 0 0.101978409375
0 0.194653515625 0.6858460765625 0.1651727734375 0.467958446875 0.056461365625 0.4857345140625 0.08594210625000001 0.7036221421875 0.194653515625 0.6858460765625
0 0.893502375 0.9040250765625 0.867788459375 0.7139774640625001 0.759077053125 0.7317535281249999 0.78479096875 0.921801140625 0.893502375 0.9040250765625
2 0.17186256093750002 0.47218175156250003 0.376490371875 0.437361815625 0.366209471875 0.347923415625 0.45489630468750003 0.33070170625 0.4124098328125 0.0166907125 0.1187351359375 0.06607125 0.1473594953125 0.2776295015625 0.0298176046875 0.2968494921875 0.046000735937499995 0.4030026859375 0.1580197859375 0.383325775 0.17186256093750002 0.47218175156250003
2 0.442001015625 0.9080870953125 0.6966751109375 0.8664437812499999 0.6705711359375 0.6735132968750001 0.41571701250000004 0.7138260578125 0.41771665156250004 0.742058925 0.2114879296875 0.7785006265625001 0.22480995781250002 0.8769617015625 0.43157876249999994 0.8445116640625001 0.442001015625 0.9080870953125
1 0.953977865625 0.7560310171875 0.92724379375 0.5584435921875001 0.66821629375 0.6007987578125 0.694950365625 0.798386184375 0.953977865625 0.7560310171875
6 0.7705474640625 0.3780648875 0.739413971875 0.1479620234375 0.5582653953125 0.1775827328125 0.5893988875 0.4076855984375 0.7705474640625 0.3780648875
3 0.92859701875 0.56358673125 0.900676515625 0.357230578125 0.5937368453125 0.40742015625 0.621657346875 0.6137763109375001 0.92859701875 0.56358673125
7 0.488622421875 0.6302313578125001 0.4617070734375 0.4313041375 0.17490189218750002 0.4782014015625 0.20181724218750002 0.6771286234375 0.488622421875 0.6302313578125001
5 0.564513328125 0.253844553125 0.5479683078125 0.131562846875 0.42686454375 0.1513652640625 0.4434095625 0.27364696718750003 0.564513328125 0.253844553125