3 0.5545608109375 0.492503209375 0.44694256718750003 0.492503209375 0.44694256718750003 0.606726571875 0.5545608109375 0.606726571875 0.5545608109375 0.492503209375
9 0.6710304046875 0.471142490625 0.5724324328125 0.471142490625 0.5724324328125 0.6009114249999999 0.6710304046875 0.6009114249999999 0.6710304046875 0.471142490625
6 0.52488175625 0.34137355625 0.31550675625 0.34137355625 0.31550675625 0.4699614890625 0.52488175625 0.4699614890625 0.52488175625 0.34137355625
7 0.4047297296875 0.471142490625 0.184797296875 0.471142490625 0.184797296875 0.6581514765625001 0.4047297296875 0.6581514765625001 0.4047297296875 0.471142490625
5 0.295253378125 0.32955070625 0.2191891890625 0.32955070625 0.2191891890625 0.42560975624999997 0.295253378125 0.42560975624999997 0.295253378125 0.32955070625
9 0.8495608109375 0.47525032031250003 0.7509459453125 0.47525032031250003 0.7509459453125 0.6050192546875001 0.8495608109375 0.6050192546875001 0.8495608109375 0.47525032031250003
9 0.1818918921875 0.5338896015625 0.08329391875 0.5338896015625 0.08329391875 0.656456996875 0.1818918921875 0.656456996875 0.1818918921875 0.5338896015625
1 0.7372635140625 0.6605519890625 0.5309628375 0.6605519890625 0.5309628375 0.8429268296875 0.7372635140625 0.8429268296875 0.7372635140625 0.6605519890625
2 0.9527702703125 0.47046213124999997 0.746908784375 0.47046213124999997 0.746908784375 0.7833632859375 0.9527702703125 0.7833632859375 0.9527702703125 0.47046213124999997
2 0.0809797296875 0.8424261874999999 0.29 0.8432349171875 0.288952703125 0.65804878125 0.1818074328125 0.6588446734375 0.178665540625 0.5295378687500001 0.0767736484375 0.5295378687500001 0.0809797296875 0.8424261874999999
4 0.9479391890625 0.4723106546875 0.8539527031249999 0.4723106546875 0.8539527031249999 0.6009114249999999 0.9479391890625 0.6009114249999999 0.9479391890625 0.4723106546875
0 0.5356418921875 0.6593581515625 0.2939695953125 0.6593581515625 0.2939695953125 0.759910140625 0.5356418921875 0.759910140625 0.5356418921875 0.6593581515625
10 0.6418074328125 0.343709884375 0.5247297296875 0.343709884375 0.5247297296875 0.46880616249999996 0.6418074328125 0.46880616249999996 0.6418074328125 0.343709884375