3 0.4519706515625 0.6425453625 0.5691827375 0.6391237296875001 0.5597398421875 0.5141010296874999 0.4425277578125 0.5175226625 0.4519706515625 0.6425453625
9 0.3246374046875 0.6398834718749999 0.4320250875 0.6367486312499999 0.4212970359375 0.494710590625 0.31390935 0.49784543281250004 0.3246374046875 0.6398834718749999
6 0.4729890765625 0.49190609687500003 0.701029225 0.4852491921875 0.6903988062499999 0.3445038125 0.46235865781249996 0.3511607171875 0.4729890765625 0.49190609687500003
7 0.6194100406249999 0.69406851875 0.8589487874999999 0.6870759484375 0.843488675 0.48238605312500005 0.603949928125 0.4893786234375 0.6194100406249999 0.69406851875
5 0.71942155625 0.43606025 0.8022666375 0.433641853125 0.79432539375 0.328500825 0.7114803140625 0.3309192234375 0.71942155625 0.43606025
9 0.130531146875 0.6500559046875 0.23793722968750003 0.6469205265625 0.22720917499999999 0.5048824890625 0.1198030953125 0.50801786875 0.130531146875 0.6500559046875
9 0.8619731156249999 0.6851288875 0.9693608015624999 0.681994046875 0.959228103125 0.5478384234375 0.8518404171875 0.5509732640625 0.8619731156249999 0.6851288875
1 0.2725073296875 0.9068862359375001 0.4971990875 0.9003270765625 0.482122084375 0.7007094687500001 0.25743032499999996 0.7072686265625 0.2725073296875 0.9068862359375001
2 0.0328646515625 0.8485430703124999 0.25707806718750004 0.841997875 0.23121039843750002 0.4995132390625 0.0069969796875 0.5060584328125 0.0328646515625 0.8485430703124999
2 0.9659698765625 0.5428679453125 0.8549946296875 0.5461075140625 0.8622624968749999 0.6877396234375001 0.7454997515625 0.690275078125 0.7596685062499999 0.8930030796875 0.987255446875 0.8854722609375001 0.9659698765625 0.5428679453125
4 0.0230430375 0.64868755625 0.125408134375 0.6456993343749999 0.11477665468750001 0.5049399046875 0.01241155625 0.5079281265625 0.0230430375 0.64868755625
0 0.48523988593749995 0.809610278125 0.748456540625 0.8019265078125001 0.740143865625 0.691867753125 0.47692721093749996 0.6995515234374999 0.48523988593749995 0.809610278125
10 0.3455443171875 0.49435909218749996 0.47305914531250004 0.490636703125 0.46271738281249997 0.353713103125 0.33520255468750004 0.357435490625 0.3455443171875 0.49435909218749996