3 0.44543918906249996 0.606726571875 0.5530574328125 0.606726571875 0.5530574328125 0.492503209375 0.44543918906249996 0.492503209375 0.44543918906249996 0.606726571875
9 0.3289695953125 0.6009114249999999 0.4275675671875 0.6009114249999999 0.4275675671875 0.471142490625 0.3289695953125 0.471142490625 0.3289695953125 0.6009114249999999
6 0.47511824375 0.4699614890625 0.68449324375 0.4699614890625 0.68449324375 0.34137355625 0.47511824375 0.34137355625 0.47511824375 0.4699614890625
7 0.5952702703125 0.6581514765625001 0.815202703125 0.6581514765625001 0.815202703125 0.471142490625 0.5952702703125 0.471142490625 0.5952702703125 0.6581514765625001
5 0.704746621875 0.42560975624999997 0.7808108109375 0.42560975624999997 0.7808108109375 0.32955070625 0.704746621875 0.32955070625 0.704746621875 0.42560975624999997
9 0.1504391890625 0.6050192546875001 0.24905405468750003 0.6050192546875001 0.24905405468750003 0.47525032031250003 0.1504391890625 0.47525032031250003 0.1504391890625 0.6050192546875001
9 0.8181081078125001 0.656456996875 0.9167060812500001 0.656456996875 0.9167060812500001 0.5338896015625 0.8181081078125001 0.5338896015625 0.8181081078125001 0.656456996875
1 0.2627364859375 0.8429268296875 0.4690371625 0.8429268296875 0.4690371625 0.6605519890625 0.2627364859375 0.6605519890625 0.2627364859375 0.8429268296875
2 0.0472297296875 0.7833632859375 0.253091215625 0.7833632859375 0.253091215625 0.47046213124999997 0.0472297296875 0.47046213124999997 0.0472297296875 0.7833632859375
2 0.9232263515625 0.5295378687500001 0.8213344593749999 0.5295378687500001 0.8181925671875 0.6588446734375 0.711047296875 0.65804878125 0.71 0.8432349171875 0.9190202703124999 0.8424261874999999 0.9232263515625 0.5295378687500001
4 0.0520608109375 0.6009114249999999 0.146047296875 0.6009114249999999 0.146047296875 0.4723106546875 0.0520608109375 0.4723106546875 0.0520608109375 0.6009114249999999
0 0.4643581078125 0.759910140625 0.7060304046875 0.759910140625 0.7060304046875 0.6593581515625 0.4643581078125 0.6593581515625 0.4643581078125 0.759910140625
10 0.35819256718750003 0.46880616249999996 0.4752702703125 0.46880616249999996 0.4752702703125 0.343709884375 0.35819256718750003 0.343709884375 0.35819256718750003 0.46880616249999996