3 0.5574722421875 0.5175226625 0.4402601578125 0.5141010296874999 0.4308172625 0.6391237296875001 0.5480293484375001 0.6425453625 0.5574722421875 0.5175226625
9 0.6860906499999999 0.49784543281250004 0.5787029640625 0.494710590625 0.5679749125 0.6367486312499999 0.6753625953125 0.6398834718749999 0.6860906499999999 0.49784543281250004
6 0.5376413421875 0.3511607171875 0.30960119375 0.3445038125 0.298970775 0.4852491921875 0.5270109234375 0.49190609687500003 0.5376413421875 0.3511607171875
7 0.396050071875 0.4893786234375 0.156511325 0.48238605312500005 0.1410512125 0.6870759484375 0.380589959375 0.69406851875 0.396050071875 0.4893786234375
5 0.2885196859375 0.3309192234375 0.20567460624999997 0.328500825 0.1977333625 0.433641853125 0.28057844374999996 0.43606025 0.2885196859375 0.3309192234375
9 0.8801969046875 0.50801786875 0.772790825 0.5048824890625 0.7620627703125 0.6469205265625 0.869468853125 0.6500559046875 0.8801969046875 0.50801786875
9 0.1481595828125 0.5509732640625 0.040771896875000005 0.5478384234375 0.030639198437499997 0.681994046875 0.138026884375 0.6851288875 0.1481595828125 0.5509732640625
1 0.742569675 0.7072686265625 0.517877915625 0.7007094687500001 0.5028009124999999 0.9003270765625 0.7274926703125 0.9068862359375001 0.742569675 0.7072686265625
2 0.9930030203125 0.5060584328125 0.7687896015625 0.4995132390625 0.7429219328125 0.841997875 0.9671353484375 0.8485430703124999 0.9930030203125 0.5060584328125
2 0.012744553124999999 0.8854722609375001 0.24033149374999999 0.8930030796875 0.25450024843749997 0.690275078125 0.137737503125 0.6877396234375001 0.1450053703125 0.5461075140625 0.0340301234375 0.5428679453125 0.012744553124999999 0.8854722609375001
4 0.98758844375 0.5079281265625 0.8852233453125 0.5049399046875 0.874591865625 0.6456993343749999 0.9769569625000001 0.64868755625 0.98758844375 0.5079281265625
0 0.5230727890625 0.6995515234374999 0.259856134375 0.691867753125 0.251543459375 0.8019265078125001 0.5147601140625 0.809610278125 0.5230727890625 0.6995515234374999
10 0.6647974453125001 0.357435490625 0.5372826171875 0.353713103125 0.5269408546875 0.490636703125 0.6544556828125 0.49435909218749996 0.6647974453125001 0.357435490625