3 0.6103911421875 0.5969376703125 0.6303715875 0.47862455312499996 0.5056390703125 0.466141115625 0.485658625 0.584454234375 0.6103911421875 0.5969376703125
9 0.62733946875 0.4583413515625 0.64564520625 0.34994491875 0.50393684375 0.3357625125 0.48563110624999994 0.44415894375000003 0.62733946875 0.4583413515625
6 0.4366405234375 0.72648828125 0.47551316874999994 0.496306034375 0.3350944640625 0.4822526984375 0.29622181875 0.7124349453125001 0.4366405234375 0.72648828125
7 0.6178774140625001 0.8907545984375 0.6587101578125 0.64896574375 0.4544953546875 0.6285275890625 0.41366261406250004 0.87031644375 0.6178774140625001 0.8907545984375
5 0.3703258375 0.8275305015625 0.3844479453125 0.7439072109375 0.2795509546875 0.733408946875 0.265428846875 0.8170322375 0.3703258375 0.8275305015625
9 0.6649681296875001 0.26253648281249997 0.6832770046875 0.1541214796875 0.5415686421875 0.1399390734375 0.5232597671875 0.2483540765625 0.6649681296875001 0.26253648281249997
9 0.600088475 0.9849487234375 0.615487615625 0.8937635484375 0.481643371875 0.8803681953125 0.4634449546875 0.9881291359375 0.600088475 0.9849487234375
1 0.883922309375 0.53038189375 0.922224175 0.3035794921875 0.7230698828125 0.2836478015625 0.68476801875 0.51045020625 0.883922309375 0.53038189375
2 0.858971215625 0.2864660140625 0.8971915390625 0.0601464453125 0.555501821875 0.025949575000000003 0.517281496875 0.25226914375 0.858971215625 0.2864660140625
2 0.6371028046875 0.776237225 0.618079290625 0.8941173484375 0.4762922515625 0.8834395765625 0.45859345156250003 0.9882420562500001 0.8075913796874999 0.9801190390625001 0.8395214875000001 0.7953247828125 0.6371028046875 0.776237225
4 0.67960663125 0.1488441875 0.6970562 0.045517521875 0.556623478125 0.0314627828125 0.539173909375 0.13478945 0.67960663125 0.1488441875
0 0.7492673875 0.781854159375 0.7941363625 0.5161649781250001 0.6843330578125 0.50517568125 0.6394640828125 0.7708648640625 0.7492673875 0.781854159375
10 0.47422331875 0.4963469046875 0.49596000937499995 0.367634265625 0.3593542140625 0.35396253125 0.337617521875 0.48267517031249996 0.47422331875 0.4963469046875