5 0.3011555703125 0.139631753125 0.288696753125 0.0512367265625 0.0580391921875 0.089037503125 0.0704980109375 0.1774325296875 0.3011555703125 0.139631753125
3 0.43423659531250003 0.2449967359375 0.5959805625000001 0.218489703125 0.5676684843750001 0.017616159375000003 0.46941869062499997 0.021619531249999997 0.40425785468750003 0.0322982625 0.43423659531250003 0.2449967359375
7 0.7294990734375 0.825772628125 0.6700816656249999 0.40420749218749996 0.349870671875 0.4566845265625 0.409288078125 0.8782496609375 0.7294990734375 0.825772628125
10 0.8535773843750001 0.0059662640625 0.8825181296875 0.21130018437500003 0.9697972671875 0.19699664687500001 0.9423626328125 0.0023485421875 0.8535773843750001 0.0059662640625
1 1 0.41128434062499997 0.9966877500000001 0.38778400468749996 0.6865888109375 0.438603846875 0.7389388609374999 0.8100262359375 1 0.7672428375 1 0.41128434062499997
2 0.3990789921875 0.8634196859375001 0.298562146875 0.150254990625 0.0027576437499999998 0.19873222343750002 0.009261331250000001 0.5713281859375 0.058301521875 0.9192672078124999 0.3990789921875 0.8634196859375001
9 0.39815211562499997 0.8612813640624999 0.3631865078125 0.613201178125 0.19126934843750001 0.6413754218750001 0.22623495624999998 0.8894556078125 0.39815211562499997 0.8612813640624999
4 0.218537146875 0.897857246875 0.1823299234375 0.64096784375 0.0297565015625 0.6659719843749999 0.0659637234375 0.9228613859375001 0.218537146875 0.897857246875
6 0.6218252468750001 0.015409440625000001 0.6553561765625 0.253310615625 0.8853290046875 0.215622053125 0.8557665406250001 0.0058770625 0.6218252468750001 0.015409440625000001
0 0.6647500265625 1 0.7541668359375 0.9853461343750001 0.7293679796875 0.8093988187500001 0.40700496406250003 0.8622285312500001 0.42642313437499996 1 0.6647500265625 1
9 0.9218389640625 0.396642034375 0.8963961015624999 0.21612551249999998 0.6556998515625 0.2555714578125 0.6811427125 0.4360879796875 0.9218389640625 0.396642034375