5 0.1440818859375 0.121068965625 0.0225930515625 0.121068965625 0.0225930515625 0.3378965515625 0.1440818859375 0.3378965515625 0.1440818859375 0.121068965625
3 0.2612034734375 0.4465287359375 0.01344913125 0.4465287359375 0.01344913125 0.5985747124999999 0.2612034734375 0.5985747124999999 0.2612034734375 0.4465287359375
7 0.8406327546875 0.34159770156249997 0.4434243171875 0.34159770156249997 0.4434243171875 0.6426091953124999 0.8406327546875 0.6426091953124999 0.8406327546875 0.34159770156249997
10 0.297828784375 0.862781609375 0.0165260546875 0.862781609375 0.0165260546875 0.9658160921875 0.297828784375 0.9658160921875 0.297828784375 0.862781609375
1 0.82755583125 0.6533218390625 0.47759305156250004 0.6533218390625 0.47759305156250004 0.9731839078125001 0.82755583125 0.9731839078125001 0.82755583125 0.6533218390625
2 0.82543424375 0.0128850578125 0.1534739453125 0.0128850578125 0.1534739453125 0.33413793125 0.82543424375 0.33413793125 0.82543424375 0.0128850578125
9 0.8233250625 0.1719540234375 0.5895781640625 0.1719540234375 0.5895781640625 0.33356321875 0.8233250625 0.33356321875 0.8233250625 0.1719540234375
4 0.82990074375 0.020367815625 0.5878535984375 0.020367815625 0.5878535984375 0.163793103125 0.82990074375 0.163793103125 0.82990074375 0.020367815625
6 0.30223325 0.6486206890624999 0.0252481390625 0.6486206890624999 0.0252481390625 0.8648045984375001 0.30223325 0.8648045984375001 0.30223325 0.6486206890624999
0 0.9978039703125001 0.34157471250000004 0.8255334984375 0.34157471250000004 0.8255334984375 0.6446091953125 0.9978039703125001 0.6446091953125 0.9978039703125001 0.34157471250000004
9 0.47445409375 0.648643678125 0.30436724531250003 0.648643678125 0.30436724531250003 0.8749080453125 0.47445409375 0.8749080453125 0.47445409375 0.648643678125