5 0.9295019890624999 0.1774325296875 0.9419608078125 0.089037503125 0.711303246875 0.0512367265625 0.6988444296874999 0.139631753125 0.9295019890624999 0.1774325296875
3 0.5957421453125 0.0322982625 0.530581309375 0.021619531249999997 0.43233151562499994 0.017616159375000003 0.40401943749999997 0.218489703125 0.5657634046875 0.2449967359375 0.5957421453125 0.0322982625
7 0.590711921875 0.8782496609375 0.650129328125 0.4566845265625 0.329918334375 0.40420749218749996 0.2705009265625 0.825772628125 0.590711921875 0.8782496609375
10 0.0576373671875 0.0023485421875 0.0302027328125 0.19699664687500001 0.11748187031249999 0.21130018437500003 0.146422615625 0.0059662640625 0.0576373671875 0.0023485421875
1 0 0.7672428375 0.2610611390625 0.8100262359375 0.3134111890625 0.438603846875 0.00331225 0.38778400468749996 0 0.41128434062499997 0 0.7672428375
2 0.941698478125 0.9192672078124999 0.99073866875 0.5713281859375 0.9972423562499999 0.19873222343750002 0.7014378531250001 0.150254990625 0.6009210078125 0.8634196859375001 0.941698478125 0.9192672078124999
9 0.77376504375 0.8894556078125 0.8087306515625 0.6413754218750001 0.6368134921874999 0.613201178125 0.6018478843749999 0.8612813640624999 0.77376504375 0.8894556078125
4 0.9340362765625001 0.9228613859375001 0.9702434984374999 0.6659719843749999 0.8176700765625 0.64096784375 0.7814628531250001 0.897857246875 0.9340362765625001 0.9228613859375001
6 0.144233459375 0.0058770625 0.1146709953125 0.215622053125 0.3446438234375 0.253310615625 0.37817475312500004 0.015409440625000001 0.144233459375 0.0058770625
0 0.573576865625 1 0.5929950359375 0.8622285312500001 0.2706320203125 0.8093988187500001 0.2458331640625 0.9853461343750001 0.33524997343749996 1 0.573576865625 1
9 0.31885728750000003 0.4360879796875 0.3443001484375 0.2555714578125 0.1036038984375 0.21612551249999998 0.0781610359375 0.396642034375 0.31885728750000003 0.4360879796875