5 0.3103575984375 0.9579159468749999 0.32401102656249997 0.8360268046874999 0.1047447046875 0.79902003125 0.091091278125 0.9209091734375001 0.3103575984375 0.9579159468749999
3 0.574237296875 1 0.6007837390625 0.7630102125 0.44702765156249996 0.7370599578125 0.419183971875 0.9856306578125 0.5043227859375 1 0.574237296875 1
7 0.6657922421875 0.587704478125 0.7104322046875 0.18918722968749999 0.40603513125 0.137812475 0.36139516875 0.5363297234375 0.6657922421875 0.587704478125
10 0.9526301015625 1 0.976271715625 0.7889426796875 0.8720783687500001 0.7713574000000001 0.8464669375 1 0.9526301015625 1
1 1 0.25142721875 0.719795696875 0.20413560937500003 0.6804654015625 0.5552515234375 1 0.6091811218750001 1 0.25142721875
2 0.0719172734375 0.0969584515625 0.024310675 0.5219599406250001 0.036229185937500005 0.777855140625 0.32126565 0.8259623015625 0.39678338750000003 0.15178787968750002 0.0719172734375 0.0969584515625
9 0.3696957078125 0.388323021875 0.3959651703125 0.1538059203125 0.23253830312499998 0.1262234765625 0.2062688390625 0.36074057656249997 0.3696957078125 0.388323021875
4 0.197822315625 0.36107796875 0.22502459687499998 0.11823327343750001 0.07998615625 0.09375434375 0.052783875 0.336599040625 0.197822315625 0.36107796875
6 0.8485513546875 1 0.8746191031249999 0.767283690625 0.6560037000000001 0.7303867765625001 0.6258029406250001 1 0.8485513546875 1
0 0.729389021875 0.0383496953125 0.53935085 0.0062759156250000005 0.42089992187499997 0.0048976140625 0.4043149671875 0.1529575609375 0.7107577828125 0.20467758749999998 0.729389021875 0.0383496953125
9 0.885076015625 0.7668670578125 0.9041910937500001 0.5962197703125 0.6753818546875 0.557602384375 0.6562667765625 0.7282496734375 0.885076015625 0.7668670578125