10 0.37513793125 0.73372801875 0.5207068968749999 0.73372801875 0.5207068968749999 0.664841734375 0.37513793125 0.664841734375 0.37513793125 0.73372801875
9 0.664482759375 0.727432590625 0.7264655171875 0.727432590625 0.7264655171875 0.5855803046875 0.664482759375 0.5855803046875 0.664482759375 0.727432590625
9 0.6660344828125 0.49179366875 0.784767240625 0.49179366875 0.784767240625 0.4032825328125 0.6660344828125 0.4032825328125 0.6660344828125 0.49179366875
9 0.37411206875 0.5036459546875001 0.46706034531249996 0.5036459546875001 0.46706034531249996 0.42073857031250006 0.37411206875 0.42073857031250006 0.37411206875 0.5036459546875001
5 0.5209482765625 0.27407971875000003 0.5732844828125 0.27407971875000003 0.5732844828125 0.15656506406249998 0.5209482765625 0.15656506406249998 0.5209482765625 0.27407971875000003
1 0.7031896546875 0.40128956562500007 0.8745172406249999 0.40128956562500007 0.8745172406249999 0.20614302499999998 0.7031896546875 0.20614302499999998 0.7031896546875 0.40128956562500007
7 0.519568965625 0.3984759671875 0.69913793125 0.3984759671875 0.69913793125 0.19907385625000001 0.519568965625 0.19907385625000001 0.519568965625 0.3984759671875
1 0.7258965515625 0.72951934375 0.8766120687500001 0.72951934375 0.8766120687500001 0.49087925 0.7258965515625 0.49087925 0.7258965515625 0.72951934375
3 0.563956896875 0.594032825 0.6310344828125001 0.594032825 0.6310344828125001 0.46947245000000004 0.563956896875 0.46947245000000004 0.563956896875 0.594032825
4 0.6650258625000001 0.5794021109374999 0.7249655171875 0.5794021109374999 0.7249655171875 0.495087925 0.6650258625000001 0.495087925 0.6650258625000001 0.5794021109374999
1 0.3740517234375 0.41957795937500003 0.5206724140625 0.41957795937500003 0.5206724140625 0.1977256734375 0.3740517234375 0.1977256734375 0.3740517234375 0.41957795937500003
6 0.37411206875 0.664982415625 0.5248275859375 0.664982415625 0.5248275859375 0.50912075 0.37411206875 0.50912075 0.37411206875 0.664982415625
0 0.726931034375 0.7982414999999999 0.879706896875 0.7982414999999999 0.879706896875 0.7349941390625 0.726931034375 0.7349941390625 0.726931034375 0.7982414999999999