10 0.5528578453125 0.24961342968750003 0.40212244999999996 0.2372587015625 0.3929458640625 0.308855515625 0.543681259375 0.3212102453125 0.5528578453125 0.24961342968750003
9 0.76508046875 0.273619715625 0.7008978625 0.2683591140625 0.6820012171875 0.41579299374999995 0.7461838234375 0.42105359375000007 0.76508046875 0.273619715625
9 0.7940611015625 0.5234787203125 0.6711143640625 0.513401634375 0.6593234812500001 0.6053955015625 0.7822702203125 0.6154725890625 0.7940611015625 0.5234787203125
9 0.46665726249999995 0.48419565468750003 0.37041013125 0.47630695 0.3593657453125 0.5624765671875 0.455612878125 0.5703652734375 0.46665726249999995 0.48419565468750003
5 0.5460701015625 0.7318103 0.491876415625 0.727368421875 0.476221871875 0.8495070312499999 0.5304155578125 0.8539489093749999 0.5460701015625 0.7318103
1 0.8749400749999999 0.6251612343749999 0.6975318515625 0.6106203203125 0.6715356890625 0.8134454734375 0.8489439125 0.8279863875 0.8749400749999999 0.6251612343749999
7 0.692961515625 0.6132007500000001 0.5070194156250001 0.597960375 0.48045635468750003 0.8052085421875 0.6663984546874999 0.8204489171875 0.692961515625 0.6132007500000001
1 0.9208338984375001 0.2841940890625 0.7647692937499999 0.2714025640625 0.732979203125 0.5194326484375 0.8890438078124999 0.5322241765625 0.9208338984375001 0.2841940890625
3 0.6484918093750001 0.40416906093750005 0.579033553125 0.398476053125 0.5624404234375 0.5279376203125 0.63189868125 0.533630628125 0.6484918093750001 0.40416906093750005
4 0.7438075671875 0.42734757968750003 0.6817405765625 0.4222603796875 0.6705087859375001 0.509892153125 0.732575775 0.514979353125 0.7438075671875 0.42734757968750003
1 0.5109730984375 0.5761217140625 0.35914865156250003 0.5636777234375 0.329594925 0.794259434375 0.48141937031250004 0.806703425 0.5109730984375 0.5761217140625
6 0.5479669375 0.32141376093749996 0.39190233281250003 0.30862223437499997 0.3711394484375 0.4706167328125 0.5272040546875 0.48340825781249996 0.5479669375 0.32141376093749996
0 0.9331932875 0.21303052500000003 0.7749952125 0.2000641328125 0.7665698062499999 0.26580014687500003 0.9247678828125 0.2787665390625 0.9331932875 0.21303052500000003