10 0.5028839078125 0.6937415359375 0.3481307453125 0.6820114578124999 0.342152421875 0.755271325 0.49690558281249997 0.767001403125 0.5028839078125 0.6937415359375
9 0.728502928125 0.626028015625 0.6626095703125 0.621033390625 0.6502988625 0.7718918640625 0.7161922203125 0.776886490625 0.728502928125 0.626028015625
9 0.8063037921875 0.4368541796875 0.68007998125 0.4272865890625 0.67239850625 0.521417290625 0.7986223171875 0.53098488125 0.8063037921875 0.4368541796875
9 0.46703729374999997 0.42981739531249996 0.3682247515625 0.422327540625 0.3610296 0.510498709375 0.45984214375 0.5179885640624999 0.46703729374999997 0.42981739531249996
5 0.6028896984375 0.1574311734375 0.5472515109375 0.15321387656250002 0.5370529546875 0.278189525 0.5926911421875001 0.2824068234375 0.6028896984375 0.1574311734375
1 0.9188251062499999 0.2344304375 0.7366881671875001 0.22062470781250001 0.7197522984375 0.4281610859375 0.901889234375 0.441966815625 0.9188251062499999 0.2344304375
7 0.7329943140624999 0.21278022968750002 0.5420960328125 0.1983104015625 0.5247908421874999 0.410372534375 0.715689121875 0.4248423609375 0.7329943140624999 0.21278022968750002
1 0.8963411515624999 0.5374133421875 0.736116734375 0.525268553125 0.715406259375 0.7790598828124999 0.875630675 0.791204675 0.8963411515624999 0.5374133421875
3 0.637127453125 0.4948585671875 0.5658178265625 0.48945339531250004 0.555007803125 0.6219220984375 0.6263174296875 0.62732726875 0.637127453125 0.4948585671875
4 0.7347617078125 0.5296694125 0.67104035625 0.5248394203125 0.6637231171875 0.61450670625 0.72744446875 0.619336696875 0.7347617078125 0.5296694125
1 0.543386103125 0.196965540625 0.3875148625 0.1851507140625 0.3682613234375 0.42108838281249994 0.5241325640625 0.43290320624999995 0.543386103125 0.196965540625
6 0.5207788859375 0.5284658875 0.36055446875 0.5163210984375 0.34702795000000003 0.6820784046874999 0.5072523703125 0.6942231953125 0.5207788859375 0.5284658875
0 0.8784456296875 0.797276446875 0.7160308750000001 0.78496563125 0.7105419281249999 0.8522285640625 0.87295668125 0.864539378125 0.8784456296875 0.797276446875