10 0.6248620687499999 0.664841734375 0.479293103125 0.664841734375 0.479293103125 0.73372801875 0.6248620687499999 0.73372801875 0.6248620687499999 0.664841734375
9 0.335517240625 0.5855803046875 0.27353448281250003 0.5855803046875 0.27353448281250003 0.727432590625 0.335517240625 0.727432590625 0.335517240625 0.5855803046875
9 0.3339655171875 0.4032825328125 0.215232759375 0.4032825328125 0.215232759375 0.49179366875 0.3339655171875 0.49179366875 0.3339655171875 0.4032825328125
9 0.6258879312500001 0.42073857031250006 0.5329396546875 0.42073857031250006 0.5329396546875 0.5036459546875001 0.6258879312500001 0.5036459546875001 0.6258879312500001 0.42073857031250006
5 0.47905172343749997 0.15656506406249998 0.4267155171875 0.15656506406249998 0.4267155171875 0.27407971875000003 0.47905172343749997 0.27407971875000003 0.47905172343749997 0.15656506406249998
1 0.2968103453125 0.20614302499999998 0.125482759375 0.20614302499999998 0.125482759375 0.40128956562500007 0.2968103453125 0.40128956562500007 0.2968103453125 0.20614302499999998
7 0.480431034375 0.19907385625000001 0.30086206875 0.19907385625000001 0.30086206875 0.3984759671875 0.480431034375 0.3984759671875 0.480431034375 0.19907385625000001
1 0.2741034484375 0.49087925 0.12338793125 0.49087925 0.12338793125 0.72951934375 0.2741034484375 0.72951934375 0.2741034484375 0.49087925
3 0.436043103125 0.46947245000000004 0.36896551718750004 0.46947245000000004 0.36896551718750004 0.594032825 0.436043103125 0.594032825 0.436043103125 0.46947245000000004
4 0.3349741375 0.495087925 0.2750344828125 0.495087925 0.2750344828125 0.5794021109374999 0.3349741375 0.5794021109374999 0.3349741375 0.495087925
1 0.6259482765625 0.1977256734375 0.4793275859375 0.1977256734375 0.4793275859375 0.41957795937500003 0.6259482765625 0.41957795937500003 0.6259482765625 0.1977256734375
6 0.6258879312500001 0.50912075 0.4751724140625 0.50912075 0.4751724140625 0.664982415625 0.6258879312500001 0.664982415625 0.6258879312500001 0.50912075
0 0.273068965625 0.7349941390625 0.120293103125 0.7349941390625 0.120293103125 0.7982414999999999 0.273068965625 0.7982414999999999 0.273068965625 0.7349941390625