0 0.9574585640625 0.43835978906250006 0.9812154703125 0.045767195312499995 0.80742173125 0.0480952375 0.8125230203125 0.4359788359375 0.9574585640625 0.43835978906250006
10 0.7036648249999999 0.9788888890624999 0.808305709375 0.9788888890624999 0.808305709375 0.69526455 0.7036648249999999 0.69526455 0.7036648249999999 0.9788888890624999
9 0.30198895000000003 0.3353703703125 0.44036832343750004 0.3353703703125 0.44036832343750004 0.0517195765625 0.30198895000000003 0.0517195765625 0.30198895000000003 0.3353703703125
9 0.3087661140625 0.9764814812499999 0.4471454875 0.9764814812499999 0.4471454875 0.6928306875 0.3087661140625 0.6928306875 0.3087661140625 0.9764814812499999
2 0.44040515625000004 0.44314814843750006 0.80661141875 0.44314814843750006 0.80661141875 0.052830687499999994 0.44040515625000004 0.052830687499999994 0.44040515625000004 0.44314814843750006
1 0.0185082875 0.44314814843750006 0.30202578281250003 0.44314814843750006 0.30202578281250003 0.0407142859375 0.0185082875 0.0407142859375 0.0185082875 0.44314814843750006
7 0.016813996875 0.9764814812499999 0.3053959484375 0.9764814812499999 0.3053959484375 0.4407142859375 0.016813996875 0.4407142859375 0.016813996875 0.9764814812499999
3 0.478029465625 0.6545502640625 0.6587845296875 0.6545502640625 0.6587845296875 0.475608465625 0.478029465625 0.475608465625 0.478029465625 0.6545502640625
6 0.443775321875 0.97161375625 0.701970534375 0.97161375625 0.701970534375 0.69526455 0.443775321875 0.69526455 0.443775321875 0.97161375625
0 0.923057090625 0.6904232796875001 0.9601841625 0.4407142859375 0.80661141875 0.44314814843750006 0.808305709375 0.6928306875 0.923057090625 0.6904232796875001
5 0.0087845296875 0.9404232796875001 0.10337016562500001 0.9404232796875001 0.10337016562500001 0.8080158734375 0.0087845296875 0.8080158734375 0.0087845296875 0.9404232796875001