0 0.1874769796875 0.4359788359375 0.19257826875 0.0480952375 0.018784529687500003 0.045767195312499995 0.0425414359375 0.43835978906250006 0.1874769796875 0.4359788359375
10 0.296335175 0.69526455 0.191694290625 0.69526455 0.191694290625 0.9788888890624999 0.296335175 0.9788888890624999 0.296335175 0.69526455
9 0.6980110500000001 0.0517195765625 0.5596316765625 0.0517195765625 0.5596316765625 0.3353703703125 0.6980110500000001 0.3353703703125 0.6980110500000001 0.0517195765625
9 0.6912338859375 0.6928306875 0.5528545125 0.6928306875 0.5528545125 0.9764814812499999 0.6912338859375 0.9764814812499999 0.6912338859375 0.6928306875
2 0.55959484375 0.052830687499999994 0.19338858125 0.052830687499999994 0.19338858125 0.44314814843750006 0.55959484375 0.44314814843750006 0.55959484375 0.052830687499999994
1 0.9814917124999999 0.0407142859375 0.6979742171875001 0.0407142859375 0.6979742171875001 0.44314814843750006 0.9814917124999999 0.44314814843750006 0.9814917124999999 0.0407142859375
7 0.983186003125 0.4407142859375 0.6946040515624999 0.4407142859375 0.6946040515624999 0.9764814812499999 0.983186003125 0.9764814812499999 0.983186003125 0.4407142859375
3 0.5219705343750001 0.475608465625 0.3412154703125 0.475608465625 0.3412154703125 0.6545502640625 0.5219705343750001 0.6545502640625 0.5219705343750001 0.475608465625
6 0.556224678125 0.69526455 0.298029465625 0.69526455 0.298029465625 0.97161375625 0.556224678125 0.97161375625 0.556224678125 0.69526455
0 0.191694290625 0.6928306875 0.19338858125 0.44314814843750006 0.0398158375 0.4407142859375 0.07694290937500001 0.6904232796875001 0.191694290625 0.6928306875
5 0.9912154703124999 0.8080158734375 0.8966298343749999 0.8080158734375 0.8966298343749999 0.9404232796875001 0.9912154703124999 0.9404232796875001 0.9912154703124999 0.8080158734375