7 0.37227825000000003 0.562339915625 0.3923682171875 0.7621716078125 0.7103965718749999 0.7011578796875 0.6903066046874999 0.5013261859375 0.37227825000000003 0.562339915625
9 0.1456595 0.2072138984375 0.1533752109375 0.2839608515625 0.339731884375 0.24820833125 0.332016171875 0.1714613765625 0.1456595 0.2072138984375
5 0.3327979125 0.1591041328125 0.35976094375 0.42730109374999997 0.4792125140625 0.40438431562500005 0.45224948437499995 0.13618735312500002 0.3327979125 0.1591041328125
1 0.46480534687499997 0.1591741390625 0.4787647046875 0.2980256484375 0.6267502328125001 0.26963462968749996 0.612790875 0.1307831203125 0.46480534687499997 0.1591741390625
6 0.4811362703125 0.301017521875 0.49123691562499994 0.4014870390625 0.7606750578125 0.349795340625 0.7505744109375 0.24932582343749998 0.4811362703125 0.301017521875
0 0.693095434375 0.48012735624999997 0.7161329578125 0.7092779203124999 0.8458952484375001 0.6843830296875 0.8228577250000001 0.45523246562499997 0.693095434375 0.48012735624999997
10 0.6164618109375 0.18990834375 0.6246331015625 0.2711868625 0.821193565625 0.23347674375 0.8130222765624999 0.152198225 0.6164618109375 0.18990834375
9 0.6146867046875 0.1304367703125 0.620243559375 0.185709909375 0.7478520546875 0.1612282234375 0.7422952 0.10595508437500001 0.6146867046875 0.1304367703125
9 0.24159261718749997 0.8532542421875 0.25486689687499997 0.9852913734375001 0.408840278125 0.9557515859375 0.3955659984375 0.8237144546874999 0.24159261718749997 0.8532542421875
9 0.188273534375 0.7334578953124999 0.1953101609375 0.803450096875 0.3939022171875 0.7653502171875 0.386865590625 0.695358015625 0.188273534375 0.7334578953124999
1 0.0879346875 0.5870329062499999 0.10439287500000001 0.7507398671875001 0.39000738749999997 0.6959447328125 0.37354919999999997 0.532237771875 0.0879346875 0.5870329062499999
1 0.408559765625 0.76944056875 0.4267178078125 0.9500557109375001 0.6961559515625 0.8983640125000001 0.6779979093749999 0.7177488703125 0.408559765625 0.76944056875
1 0.058651709375000007 0.30613607656249997 0.074199596875 0.46078843125 0.35579674843750003 0.4067640265625 0.3402488609375 0.2521116734375 0.058651709375000007 0.30613607656249997
3 0.42882575625 0.4483372796875 0.4360199515625 0.5198967875 0.6768630390625 0.47369104999999995 0.6696688453124999 0.4021315421875 0.42882575625 0.4483372796875