7 0.7168103453125 0.28975609687500004 0.514568965625 0.28975609687500004 0.514568965625 0.607134146875 0.7168103453125 0.607134146875 0.7168103453125 0.28975609687500004
9 0.1964655171875 0.60807926875 0.118793103125 0.60807926875 0.118793103125 0.7940548781250001 0.1964655171875 0.7940548781250001 0.1964655171875 0.60807926875
5 0.3781034484375 0.48689024375 0.10667241406250001 0.48689024375 0.10667241406250001 0.6060975609375 0.3781034484375 0.6060975609375 0.3781034484375 0.48689024375
1 0.27241379375 0.3291768296875 0.13188793125 0.3291768296875 0.13188793125 0.47685975625 0.27241379375 0.47685975625 0.27241379375 0.3291768296875
6 0.377517240625 0.205945121875 0.27583620625 0.205945121875 0.27583620625 0.47483231718749996 0.377517240625 0.47483231718749996 0.377517240625 0.205945121875
0 0.7259655171875 0.1554420734375 0.49405172343750003 0.1554420734375 0.49405172343750003 0.284939025 0.7259655171875 0.284939025 0.7259655171875 0.1554420734375
10 0.2735517234375 0.135243903125 0.191293103125 0.135243903125 0.191293103125 0.3314024390625 0.2735517234375 0.3314024390625 0.2735517234375 0.135243903125
9 0.187844828125 0.199939025 0.131905171875 0.199939025 0.131905171875 0.3272865859375 0.187844828125 0.3272865859375 0.187844828125 0.199939025
9 0.9121551718750001 0.610060975 0.7785258625 0.610060975 0.7785258625 0.7637195125 0.9121551718750001 0.7637195125 0.9121551718750001 0.610060975
9 0.7202586203125 0.6059451218749999 0.6494224140625 0.6059451218749999 0.6494224140625 0.8041310968750001 0.7202586203125 0.8041310968750001 0.7202586203125 0.6059451218749999
1 0.6506034484375001 0.6029268296875 0.48492241406250003 0.6029268296875 0.48492241406250003 0.8879573171875 0.6506034484375001 0.8879573171875 0.6506034484375001 0.6029268296875
1 0.909905171875 0.32310975625 0.72711206875 0.32310975625 0.72711206875 0.5919969515625 0.909905171875 0.5919969515625 0.909905171875 0.32310975625
1 0.356956896875 0.6079573171875 0.20043965468749997 0.6079573171875 0.20043965468749997 0.8889786578125 0.356956896875 0.8889786578125 0.356956896875 0.6079573171875
3 0.484568965625 0.30019817031249996 0.4121465515625 0.30019817031249996 0.4121465515625 0.5405487812499999 0.484568965625 0.5405487812499999 0.484568965625 0.30019817031249996