7 0.3096933953125 0.5013261859375 0.289603428125 0.7011578796875 0.6076317828125 0.7621716078125 0.62772175 0.562339915625 0.3096933953125 0.5013261859375
9 0.667983828125 0.1714613765625 0.660268115625 0.24820833125 0.8466247890625 0.2839608515625 0.8543405 0.2072138984375 0.667983828125 0.1714613765625
5 0.547750515625 0.13618735312500002 0.5207874859375 0.40438431562500005 0.64023905625 0.42730109374999997 0.6672020875 0.1591041328125 0.547750515625 0.13618735312500002
1 0.387209125 0.1307831203125 0.3732497671875 0.26963462968749996 0.5212352953125 0.2980256484375 0.535194653125 0.1591741390625 0.387209125 0.1307831203125
6 0.24942558906249998 0.24932582343749998 0.23932494218749997 0.349795340625 0.5087630843750001 0.4014870390625 0.5188637296875 0.301017521875 0.24942558906249998 0.24932582343749998
0 0.177142275 0.45523246562499997 0.1541047515625 0.6843830296875 0.2838670421875 0.7092779203124999 0.306904565625 0.48012735624999997 0.177142275 0.45523246562499997
10 0.18697772343750002 0.152198225 0.178806434375 0.23347674375 0.3753668984375 0.2711868625 0.3835381890625 0.18990834375 0.18697772343750002 0.152198225
9 0.2577048 0.10595508437500001 0.2521479453125 0.1612282234375 0.37975644062499997 0.185709909375 0.38531329531249997 0.1304367703125 0.2577048 0.10595508437500001
9 0.6044340015625 0.8237144546874999 0.591159721875 0.9557515859375 0.7451331031249999 0.9852913734375001 0.7584073828125 0.8532542421875 0.6044340015625 0.8237144546874999
9 0.613134409375 0.695358015625 0.6060977828125 0.7653502171875 0.8046898390624999 0.803450096875 0.8117264656250001 0.7334578953124999 0.613134409375 0.695358015625
1 0.6264508 0.532237771875 0.6099926124999999 0.6959447328125 0.8956071250000001 0.7507398671875001 0.9120653125 0.5870329062499999 0.6264508 0.532237771875
1 0.32200209062499996 0.7177488703125 0.3038440484375 0.8983640125000001 0.5732821921875 0.9500557109375001 0.591440234375 0.76944056875 0.32200209062499996 0.7177488703125
1 0.6597511390624999 0.2521116734375 0.6442032515625 0.4067640265625 0.925800403125 0.46078843125 0.9413482906249999 0.30613607656249997 0.6597511390624999 0.2521116734375
3 0.33033115468749996 0.4021315421875 0.3231369609375 0.47369104999999995 0.5639800484374999 0.5198967875 0.57117424375 0.4483372796875 0.33033115468749996 0.4021315421875