7 0.2165945390625 0.4916501875 0.2178667171875 0.7095870343749999 0.5606663468749999 0.6856963921875 0.55939416875 0.467759546875 0.2165945390625 0.4916501875
9 0.5579254062500001 0.0411973234375 0.5584139953125 0.12489770468750001 0.7592860171875 0.11089838593750001 0.7587974265625 0.027198003125 0.5579254062500001 0.0411973234375
5 0.42695305 0.0372584828125 0.42866045937499997 0.329754628125 0.55741613125 0.32078129375 0.555708721875 0.02828515 0.42695305 0.0372584828125
1 0.25676560625 0.076302796875 0.25764956875 0.227734534375 0.4171617125 0.216617696875 0.4162777484375 0.0651859609375 0.25676560625 0.076302796875
6 0.12456868593749999 0.2406988234375 0.1252083015625 0.35027107968750004 0.41563301875 0.3300305890625 0.41499340625 0.220458334375 0.12456868593749999 0.2406988234375
0 0.07139306875 0.47965114375000006 0.07285189843749999 0.7295632125 0.212721390625 0.7198153234375 0.21126256250000003 0.46990325625 0.07139306875 0.47965114375000006
10 0.047672578125 0.15491656874999998 0.0481900171875 0.243559084375 0.2600606046875 0.22879324374999999 0.259543165625 0.140150728125 0.047672578125 0.15491656874999998
9 0.11717612343749999 0.08604975468750001 0.11752800625 0.1463307546875 0.2550759484375 0.1367446625 0.254724065625 0.076463665625 0.11717612343749999 0.08604975468750001
9 0.564215825 0.7519811875 0.56505640625 0.8959811500000001 0.7310227984375001 0.8844144984375 0.7301822171875 0.7404145359375 0.564215825 0.7519811875
9 0.5589581859375 0.6131681515625 0.5594037734375 0.6895017859375 0.7734641953125 0.67458333125 0.7730186078125 0.5982496953124999 0.5589581859375 0.6131681515625
1 0.5546633625 0.436128903125 0.5557055609375 0.61466804375 0.8635666296875 0.593212365625 0.8625244296875 0.41467322500000003 0.5546633625 0.436128903125
1 0.2539567640625 0.7181775546875 0.255106603125 0.9151567921874999 0.5455313234375 0.8949163 0.5443814812500001 0.6979370640625 0.2539567640625 0.7181775546875
1 0.5583072765625 0.129189446875 0.55929183125 0.29785361718750003 0.8628226250000001 0.276699728125 0.8618380703125 0.1080355578125 0.5583072765625 0.129189446875
3 0.22722872968750002 0.3804929875 0.227684296875 0.45853593125 0.48728668593749996 0.44044353125 0.48683111874999996 0.3624005875 0.22722872968750002 0.3804929875