10 0.689956896875 0.48513392812499995 0.65886206875 0.48513392812499995 0.65886206875 0.717678571875 0.689956896875 0.717678571875 0.689956896875 0.48513392812499995
9 0.978017240625 0.7224553578124999 0.9158793109375001 0.7224553578124999 0.9158793109375001 0.8162946421875 0.978017240625 0.8162946421875 0.978017240625 0.7224553578124999
9 0.973732759375 0.8275446421874999 0.9184655171875 0.8275446421874999 0.9184655171875 0.9169866078125001 0.973732759375 0.9169866078125001 0.973732759375 0.8275446421874999
1 0.606043103125 0.7210267859374999 0.45131896562499996 0.7210267859374999 0.45131896562499996 0.931584821875 0.606043103125 0.931584821875 0.606043103125 0.7210267859374999
0 0.7606896546875 0.2689955359375 0.6958534484375 0.2689955359375 0.6958534484375 0.7143303578125 0.7606896546875 0.7143303578125 0.7606896546875 0.2689955359375
0 0.8772758625 0.27084821406250004 0.7598965515625 0.27084821406250004 0.7598965515625 0.5224107140625 0.8772758625 0.5224107140625 0.8772758625 0.27084821406250004
7 0.879431034375 0.5261383921875 0.7613793109375 0.5261383921875 0.7613793109375 0.7180580359375 0.879431034375 0.7180580359375 0.879431034375 0.5261383921875
6 0.6596724140625 0.48200892812499996 0.5949396546875 0.48200892812499996 0.5949396546875 0.7033705359375 0.6596724140625 0.7033705359375 0.6596724140625 0.48200892812499996
3 0.5444396546875 0.580602678125 0.4788103453125 0.580602678125 0.4788103453125 0.67453125 0.5444396546875 0.67453125 0.5444396546875 0.580602678125
9 0.66283620625 0.8252232140625001 0.607568965625 0.8252232140625001 0.607568965625 0.914665178125 0.66283620625 0.914665178125 0.66283620625 0.8252232140625001
9 0.6619913796875 0.717991071875 0.6067241375 0.717991071875 0.6067241375 0.807366071875 0.6619913796875 0.807366071875 0.6619913796875 0.717991071875
7 0.5690517234375 0.2738392859375 0.452043103125 0.2738392859375 0.452043103125 0.5178571421875 0.5690517234375 0.5178571421875 0.5690517234375 0.2738392859375
1 0.997982759375 0.4884821421875 0.90636206875 0.4884821421875 0.90636206875 0.7165625 0.997982759375 0.7165625 0.997982759375 0.4884821421875
1 0.9167155171875001 0.7170982140625 0.7609396546875 0.7170982140625 0.7609396546875 0.9328125 0.9167155171875001 0.9328125 0.9167155171875001 0.7170982140625
0 0.451267240625 0.2639955359375 0.384767240625 0.2639955359375 0.384767240625 0.7156696421875 0.451267240625 0.7156696421875 0.451267240625 0.2639955359375