10 0.46343662500000005 0.29679927031250003 0.47141097031249996 0.33102134843750003 0.7237889156249999 0.293420928125 0.71581456875 0.25919885 0.46343662500000005 0.29679927031250003
1 1 0.4479236140625 0.969484390625 0.31696521093749996 0.7409682484375 0.35101059375 0.7806476390625 0.5212955531250001 1 0.4886154359375 1 0.4479236140625
0 0.210724596875 0.25390049531250003 0.22735200312499998 0.3252573703125 0.7106686078125 0.25325065 0.6940412015625 0.18189377499999998 0.210724596875 0.25390049531250003
0 0.1828364640625 0.125289490625 0.21293868124999998 0.2544738 0.48595648125 0.213798359375 0.4558542640625 0.0846140484375 0.1828364640625 0.125289490625
7 0.4593471703125 0.08163939375 0.4896218296875 0.21156374531250002 0.6979099421875 0.180532028125 0.667635284375 0.050607678125 0.4593471703125 0.08163939375
6 0.46781163125 0.3306347921875 0.4844125078125 0.4018778140625 0.7246536359375 0.366085590625 0.708052759375 0.29484256875 0.46781163125 0.3306347921875
3 0.6043659875 0.441514928125 0.6211967859375 0.5137446703124999 0.723136353125 0.498557246875 0.7063055515625 0.42632750625 0.6043659875 0.441514928125
9 0.8394866656250001 0.27165808281250003 0.8536600875 0.332483628125 0.950730390625 0.31802165 0.93655696875 0.2571961046875 0.8394866656250001 0.27165808281250003
9 0.72332555 0.2899263703125 0.7374989703125 0.3507519140625 0.8344965999999999 0.3363007640625 0.820323178125 0.27547521875 0.72332555 0.2899263703125
7 0.265127484375 0.46402852812499995 0.2951346359375 0.5928048687499999 0.5599643265625 0.5533493296875001 0.5299571734375 0.42457299062500004 0.265127484375 0.46402852812499995
1 0.4518554734375 0.021045506250000002 0.40458221875 0.02808849375 0.411572759375 0.0580885515625 0.610586753125 0.028438534375 0.4518554734375 0.021045506250000002
1 0.661949071875 0.030830773437499997 0.6969810109375 0.1811710953125 0.9310931671875 0.14629199375 0.9068465375000001 0.04223705625 0.661949071875 0.030830773437499997
0 0.2846503046875 0.595250409375 0.30170439375 0.6684384062500001 0.7919009499999999 0.5954066796874999 0.7748468609375 0.5222186843750001 0.2846503046875 0.595250409375