0 0.628920425 0.7891256375 0.531011771875 0.7851329203125 0.52519479375 0.8759794718749999 0.623103446875 0.879972190625 0.628920425 0.7891256375
7 0 0.6356245421875 0.1400322734375 0.6413350624999999 0.157258803125 0.372300021875 0 0.3658870046875 0 0.6356245421875
1 0.5007777484375 0.5299245375 0.3601836359375 0.5241911046875 0.34452235781249996 0.7687808421875 0.48511646875 0.774514275 0.5007777484375 0.5299245375
1 0.2441603703125 0.6456561703125 0.1035573296875 0.639922375 0.088340084375 0.8775774515625001 0.22894312499999997 0.8833112468750001 0.2441603703125 0.6456561703125
1 0.5667831375 0.0493115625 0.41740189375 0.043219790625 0.400062365625 0.3140195671875 0.549443609375 0.3201113390625 0.5667831375 0.0493115625
7 0.4041554328125 0.289527825 0.27106253125 0.2841002921875 0.2560712796875 0.518225896875 0.38916418125 0.52365343125 0.4041554328125 0.289527825
1 0.6520119921875 0.46778528125 0.501380546875 0.4616425265625 0.4807983125 0.7830852140625 0.631429759375 0.78922796875 0.6520119921875 0.46778528125
0 0 0.737212225 0.099601496875 0.7412739765625 0.10608929687499999 0.6399508671875 0 0.6356245421875 0 0.737212225
1 0.1498192265625 0.1024210796875 0.0556701078125 0.09858167500000001 0.0485106890625 0.21039377187500002 0.1426598078125 0.214233175 0.1498192265625 0.1024210796875
6 0.21007079218750002 0.21505087343749998 0.0481339515625 0.208447084375 0.0382896515625 0.36219026875 0.20022649218750002 0.368794059375 0.21007079218750002 0.21505087343749998
9 0.6641701140625 0.336913625 0.529853803125 0.3314362 0.5217999546875001 0.4572170421875 0.6561162656249999 0.4626944671875 0.6641701140625 0.336913625
9 0.6317562109375 0.15518113125 0.557690690625 0.1521607375 0.546280340625 0.330361653125 0.6203458625 0.33338204843749997 0.6317562109375 0.15518113125
9 0.27425110468749997 0.2544380796875 0.20646338437499998 0.2516736953125 0.1991909671875 0.365250525 0.266978690625 0.3680149109375 0.27425110468749997 0.2544380796875
9 0.3612522296875 0.5269385390625 0.25328838125 0.52253576875 0.246015965625 0.6361125984375 0.3539798140625 0.6405153671875 0.3612522296875 0.5269385390625
9 0.3132329546875 0.6476505828125 0.24671329375 0.6449379078125 0.2354215140625 0.821287096875 0.30194117187499997 0.8239997718750001 0.3132329546875 0.6476505828125
9 0.099191275 0.000577078125 0.09310304375 0.09565991406249999 0.1571669515625 0.0982724421875 0.163398546875 0.0009506250000000001 0.099191275 0.000577078125
10 0.222311428125 0.06317475312500001 0.1544879859375 0.060408910937500004 0.14475588749999999 0.2123997890625 0.21257933125 0.21516563125000002 0.222311428125 0.06317475312500001
3 0.23342389218749998 0.42279202656250003 0.1614747828125 0.4198579390625 0.1484188109375 0.62375935625 0.22036791875 0.62669344375 0.23342389218749998 0.42279202656250003
4 0.5293072171875 0.3280870484375 0.44143589843750003 0.32450365312499996 0.428460296875 0.5271498734375 0.5163316171875 0.5307332671875 0.5293072171875 0.3280870484375