0 0.3646046875 0.205377003125 0.45890517343750004 0.2191505140625 0.46963848593749996 0.1319845234375 0.375338 0.1182110109375 0.3646046875 0.205377003125
7 1 0.4227376453125 0.8282742078125 0.3976554078125 0.7964883328125001 0.6557907546874999 0.9718524875 0.681404409375 1 0.4528164515625 1 0.4227376453125
1 0.473718690625 0.4687367375 0.609131571875 0.48851511875 0.6380292890625 0.25383469999999997 0.5026164078125 0.2340563171875 0.473718690625 0.4687367375
1 0.7279876890625 0.3829347453125 0.8634091734375 0.40271438281250005 0.8914875765625 0.1746876734375 0.7560660921875 0.15490803749999998 0.7279876890625 0.3829347453125
1 0.38292144375000003 0.926309740625 0.5267976296875 0.9473242718750001 0.558792003125 0.6874956875 0.41491581718750004 0.6664811578125 0.38292144375000003 0.926309740625
7 0.55346076875 0.710739440625 0.6816488781250001 0.7294625734375 0.7093102828125 0.5048223390625 0.5811221734375 0.48609920625 0.55346076875 0.710739440625
1 0.3242101125 0.51344374375 0.469290428125 0.5346341484375 0.5072681453125 0.2262144015625 0.36218782968749996 0.205023996875 0.3242101125 0.51344374375
0 1 0.3237710484375 0.872937396875 0.3052123078125 0.8609663031249999 0.40243040781249995 1 0.4227376453125 1 0.3237710484375
1 0.7884686875 0.9172395874999999 0.8791481843750001 0.93048421875 0.892358528125 0.8232020796875 0.8016790296874999 0.8099574484375 0.7884686875 0.9172395874999999
6 0.7366435109375 0.8023398687500001 0.8926125921875 0.825120684375 0.910776996875 0.67760625625 0.7548079171875 0.654825440625 0.7366435109375 0.8023398687500001
9 0.30510017968750003 0.6386305765625 0.434466615625 0.657525815625 0.44932733281250004 0.5368408625 0.31996089843750003 0.5179456234375001 0.30510017968750003 0.6386305765625
9 0.3261571125 0.8174619875 0.3974931421875 0.8278813171875001 0.41854717187499996 0.6569000375 0.34721114375 0.6464807109375 0.3261571125 0.8174619875
9 0.6768996265625 0.7577924640625 0.7421892109375 0.7673286484374999 0.755608053125 0.6583532734374999 0.6903184687499999 0.6488170890625 0.6768996265625 0.7577924640625
9 0.6082546671875 0.4857529453125 0.7122397874999999 0.50094099375 0.7256586296875 0.39196561875 0.6216735109375 0.3767775703125 0.6082546671875 0.4857529453125
9 0.6614142734375 0.3740121953125 0.725482525 0.38336999375 0.746317778125 0.21416542343749997 0.682249525 0.20480762656249998 0.6614142734375 0.3740121953125
9 0.8341649203125 1 0.8428441734375 0.929515165625 0.7811411734375 0.9205028375 0.771352175 1 0.8341649203125 1
10 0.716270746875 0.947808053125 0.7815947328124999 0.9573492625 0.7995521078125 0.811516146875 0.734228121875 0.8019749390625 0.716270746875 0.947808053125
3 0.725799340625 0.599302559375 0.7950969531250001 0.60942415625 0.8191874390624999 0.4137836078125 0.7498898265625 0.4036620109375 0.725799340625 0.599302559375
4 0.43480565625 0.6608163609375 0.5194387078125 0.6731778484375 0.5433808953125 0.4787416453125 0.45874784375 0.46638015624999996 0.43480565625 0.6608163609375