0 0.5759224140625 0.8707904187500001 0.6704396546875 0.8707904187500001 0.6704396546875 0.783245509375 0.5759224140625 0.783245509375 0.5759224140625 0.8707904187500001
7 0.014836206250000001 0.66035928125 0.1906034484375 0.66035928125 0.1906034484375 0.401101796875 0.014836206250000001 0.401101796875 0.014836206250000001 0.66035928125
1 0.3953534484375 0.7748383234375 0.5310775859375 0.7748383234375 0.5310775859375 0.539137725 0.3953534484375 0.539137725 0.3953534484375 0.7748383234375
1 0.1553965515625 0.8894491015625 0.2911293109375 0.8894491015625 0.2911293109375 0.6604311375 0.1553965515625 0.6604311375 0.1553965515625 0.8894491015625
1 0.420793103125 0.3355688625 0.5650000000000001 0.3355688625 0.5650000000000001 0.074610778125 0.420793103125 0.074610778125 0.420793103125 0.3355688625
7 0.29474137968749997 0.5374850296875 0.4232241375 0.5374850296875 0.4232241375 0.3118682640625 0.29474137968749997 0.3118682640625 0.29474137968749997 0.5374850296875
1 0.5274482765624999 0.783245509375 0.67286206875 0.783245509375 0.67286206875 0.4734850296875 0.5274482765624999 0.4734850296875 0.5274482765624999 0.783245509375
0 0.003931034375 0.758 0.15783620625 0.758 0.15783620625 0.66035928125 0.003931034375 0.66035928125 0.003931034375 0.758
1 0.07591379375 0.24974850312500002 0.1668017234375 0.24974850312500002 0.1668017234375 0.142 0.07591379375 0.142 0.07591379375 0.24974850312500002
6 0.075431034375 0.3960479046875 0.2317586203125 0.3960479046875 0.2317586203125 0.247892215625 0.075431034375 0.247892215625 0.075431034375 0.3960479046875
9 0.54683620625 0.4684311375 0.6765 0.4684311375 0.6765 0.34722155625 0.54683620625 0.34722155625 0.54683620625 0.4684311375
9 0.56258620625 0.3455449109375 0.63408620625 0.3455449109375 0.63408620625 0.173820359375 0.56258620625 0.173820359375 0.56258620625 0.3455449109375
9 0.23054310312499998 0.392682634375 0.295982759375 0.392682634375 0.295982759375 0.2832335328125 0.23054310312499998 0.2832335328125 0.23054310312499998 0.392682634375
9 0.29232758593749997 0.651185628125 0.3965517234375 0.651185628125 0.3965517234375 0.5417365265625 0.29232758593749997 0.5417365265625 0.29232758593749997 0.651185628125
9 0.293543103125 0.8295808390625 0.3577586203125 0.8295808390625 0.3577586203125 0.65964071875 0.293543103125 0.65964071875 0.293543103125 0.8295808390625
9 0.1117758625 0.13772455156250002 0.1736206890625 0.13772455156250002 0.1736206890625 0.0148023953125 0.1117758625 0.0148023953125 0.1117758625 0.13772455156250002
10 0.168706896875 0.24790419218749998 0.234181034375 0.24790419218749998 0.234181034375 0.10143712499999999 0.168706896875 0.10143712499999999 0.168706896875 0.24790419218749998
3 0.197594828125 0.643137725 0.2670517234375 0.643137725 0.2670517234375 0.44664670624999997 0.197594828125 0.44664670624999997 0.197594828125 0.643137725
4 0.46127586249999997 0.5393053890624999 0.5461034484375 0.5393053890624999 0.5461034484375 0.3440239515625 0.46127586249999997 0.3440239515625 0.46127586249999997 0.5393053890624999