0 0.624662 0.1182110109375 0.5303615140625 0.1319845234375 0.5410948265625 0.2191505140625 0.6353953125 0.205377003125 0.624662 0.1182110109375
7 0 0.4528164515625 0.0281475125 0.681404409375 0.2035116671875 0.6557907546874999 0.1717257921875 0.3976554078125 0 0.4227376453125 0 0.4528164515625
1 0.49738359218749995 0.2340563171875 0.3619707109375 0.25383469999999997 0.390868428125 0.48851511875 0.5262813093750001 0.4687367375 0.49738359218749995 0.2340563171875
1 0.24393390781250002 0.15490803749999998 0.1085124234375 0.1746876734375 0.1365908265625 0.40271438281250005 0.2720123109375 0.3829347453125 0.24393390781250002 0.15490803749999998
1 0.5850841828125 0.6664811578125 0.44120799687499995 0.6874956875 0.4732023703125 0.9473242718750001 0.61707855625 0.926309740625 0.5850841828125 0.6664811578125
7 0.41887782656250006 0.48609920625 0.2906897171875 0.5048223390625 0.31835112187500003 0.7294625734375 0.44653923124999995 0.710739440625 0.41887782656250006 0.48609920625
1 0.6378121703125 0.205023996875 0.4927318546875 0.2262144015625 0.530709571875 0.5346341484375 0.6757898875 0.51344374375 0.6378121703125 0.205023996875
0 0 0.4227376453125 0.139033696875 0.40243040781249995 0.127062603125 0.3052123078125 0 0.3237710484375 0 0.4227376453125
1 0.1983209703125 0.8099574484375 0.10764147187499999 0.8232020796875 0.120851815625 0.93048421875 0.2115313125 0.9172395874999999 0.1983209703125 0.8099574484375
6 0.2451920828125 0.654825440625 0.089223003125 0.67760625625 0.1073874078125 0.825120684375 0.26335648906250003 0.8023398687500001 0.2451920828125 0.654825440625
9 0.6800391015625 0.5179456234375001 0.5506726671875 0.5368408625 0.565533384375 0.657525815625 0.6948998203125 0.6386305765625 0.6800391015625 0.5179456234375001
9 0.65278885625 0.6464807109375 0.581452828125 0.6569000375 0.6025068578125 0.8278813171875001 0.6738428875 0.8174619875 0.65278885625 0.6464807109375
9 0.30968153125 0.6488170890625 0.244391946875 0.6583532734374999 0.2578107890625 0.7673286484374999 0.32310037343750003 0.7577924640625 0.30968153125 0.6488170890625
9 0.3783264890625 0.3767775703125 0.2743413703125 0.39196561875 0.2877602125 0.50094099375 0.3917453328125 0.4857529453125 0.3783264890625 0.3767775703125
9 0.31775047500000003 0.20480762656249998 0.253682221875 0.21416542343749997 0.274517475 0.38336999375 0.33858572656249997 0.3740121953125 0.31775047500000003 0.20480762656249998
9 0.228647825 1 0.2188588265625 0.9205028375 0.1571558265625 0.929515165625 0.1658350796875 1 0.228647825 1
10 0.26577187812499997 0.8019749390625 0.2004478921875 0.811516146875 0.2184052671875 0.9573492625 0.283729253125 0.947808053125 0.26577187812499997 0.8019749390625
3 0.2501101734375 0.4036620109375 0.1808125609375 0.4137836078125 0.204903046875 0.60942415625 0.27420065937500004 0.599302559375 0.2501101734375 0.4036620109375
4 0.54125215625 0.46638015624999996 0.4566191046875 0.4787416453125 0.48056129218750004 0.6731778484375 0.56519434375 0.6608163609375 0.54125215625 0.46638015624999996