10 0.28418543125 0.25919885 0.27621108437499997 0.293420928125 0.5285890296875 0.33102134843750003 0.536563375 0.29679927031250003 0.28418543125 0.25919885
1 0 0.4886154359375 0.21935236093750002 0.5212955531250001 0.25903175156249997 0.35101059375 0.030515609375000002 0.31696521093749996 0 0.4479236140625 0 0.4886154359375
0 0.30595879843749996 0.18189377499999998 0.2893313921875 0.25325065 0.772647996875 0.3252573703125 0.789275403125 0.25390049531250003 0.30595879843749996 0.18189377499999998
0 0.5441457359374999 0.0846140484375 0.51404351875 0.213798359375 0.78706131875 0.2544738 0.8171635359374999 0.125289490625 0.5441457359374999 0.0846140484375
7 0.332364715625 0.050607678125 0.3020900578125 0.180532028125 0.5103781703125 0.21156374531250002 0.5406528296875 0.08163939375 0.332364715625 0.050607678125
6 0.291947240625 0.29484256875 0.2753463640625 0.366085590625 0.5155874921875 0.4018778140625 0.53218836875 0.3306347921875 0.291947240625 0.29484256875
3 0.29369444843750003 0.42632750625 0.276863646875 0.498557246875 0.3788032140625 0.5137446703124999 0.3956340125 0.441514928125 0.29369444843750003 0.42632750625
9 0.06344303125 0.2571961046875 0.049269609375 0.31802165 0.1463399125 0.332483628125 0.16051333437499998 0.27165808281250003 0.06344303125 0.2571961046875
9 0.179676821875 0.27547521875 0.1655034 0.3363007640625 0.2625010296875 0.3507519140625 0.27667445 0.2899263703125 0.179676821875 0.27547521875
7 0.47004282656249996 0.42457299062500004 0.44003567343750005 0.5533493296875001 0.7048653640625 0.5928048687499999 0.734872515625 0.46402852812499995 0.47004282656249996 0.42457299062500004
1 0.389413246875 0.028438534375 0.588427240625 0.0580885515625 0.59541778125 0.02808849375 0.5481445265625 0.021045506250000002 0.389413246875 0.028438534375
1 0.09315346249999999 0.04223705625 0.0689068328125 0.14629199375 0.3030189890625 0.1811710953125 0.33805092812500004 0.030830773437499997 0.09315346249999999 0.04223705625
0 0.22515313906249998 0.5222186843750001 0.20809905 0.5954066796874999 0.69829560625 0.6684384062500001 0.7153496953125 0.595250409375 0.22515313906249998 0.5222186843750001