10 0.7499079046875 0.3577178734375 0.7518737828125001 0.32431449218749997 0.4991638546875 0.28470355 0.4971979765625 0.31810693125 0.7499079046875 0.3577178734375
9 0.8733246937500001 0.098417034375 0.874282834375 0.0821367078125 0.7723062046875 0.06615241093749999 0.7713480640625 0.08243273906250001 0.8733246937500001 0.098417034375
9 0.9829117437500001 0.1127903828125 0.98370638125 0.09928826874999999 0.8865083874999999 0.0840529984375 0.885713753125 0.0975551140625 0.9829117437500001 0.1127903828125
1 0.9692419046875 0.6171055937500001 0.9790238765625 0.450894375 0.7502071406249999 0.415028565625 0.7404251671875001 0.5812397828125 0.9692419046875 0.6171055937500001
0 0.7486080187499999 0.31740984375000003 0.75270709375 0.247760046875 0.268754725 0.17190307656249998 0.2646556484375 0.241552875 0.7486080187499999 0.31740984375000003
0 0.544094853125 0.2159210265625 0.551515809375 0.0898272046875 0.2781388765625 0.046976818749999996 0.27071791875 0.173070640625 0.544094853125 0.2159210265625
7 0.7568016234375 0.24765415000000002 0.7642650921875 0.12083799218749999 0.5557029921875001 0.0881469890625 0.548239521875 0.214963146875 0.7568016234375 0.24765415000000002
6 0.730317834375 0.4239488484375 0.7344103703125 0.3544101796875 0.49385322187499997 0.316704121875 0.4897606859375 0.386242790625 0.730317834375 0.4239488484375
3 0.6916357984375 0.543787471875 0.6957850156250001 0.4732856890625 0.5937113546874999 0.457286184375 0.5895621375 0.5277879671875 0.6916357984375 0.543787471875
9 0.960733503125 0.44637319062499997 0.9642276093750001 0.38700278125 0.86702961875 0.3717675125 0.8635355109375 0.4311379203125 0.960733503125 0.44637319062499997
9 0.844076459375 0.4290037375 0.847570565625 0.36963332968749996 0.7504453468750001 0.3544094671875 0.7469512390624999 0.413779875 0.844076459375 0.4290037375
7 0.519683296875 0.5458545890625001 0.5270808171875 0.4201589765625 0.26190276562500003 0.378593721875 0.25450524531249996 0.504289334375 0.519683296875 0.5458545890625001
1 0.7659023421875 0.0651486390625 0.5262038921875 0.027577178125 0.5179938703125 0.0271469078125 0.5164839828125001 0.052802282812500004 0.7643425046875 0.09165279062500001 0.7659023421875 0.0651486390625
1 0.9901508874999999 0.2847070640625 0.999999353125 0.117366040625 0.7655792390625 0.08062193125 0.755730775 0.247962953125 0.9901508874999999 0.2847070640625
0 0.7303959421874999 0.6518199421875 0.73460020625 0.5803828281250001 0.2437588375 0.5034460453125 0.239554571875 0.574883159375 0.7303959421874999 0.6518199421875