0 0.4240775859375 0.783245509375 0.3295603453125 0.783245509375 0.3295603453125 0.8707904187500001 0.4240775859375 0.8707904187500001 0.4240775859375 0.783245509375
7 0.98516379375 0.401101796875 0.8093965515624999 0.401101796875 0.8093965515624999 0.66035928125 0.98516379375 0.66035928125 0.98516379375 0.401101796875
1 0.6046465515625 0.539137725 0.4689224140625 0.539137725 0.4689224140625 0.7748383234375 0.6046465515625 0.7748383234375 0.6046465515625 0.539137725
1 0.8446034484375 0.6604311375 0.7088706890625 0.6604311375 0.7088706890625 0.8894491015625 0.8446034484375 0.8894491015625 0.8446034484375 0.6604311375
1 0.5792068968749999 0.074610778125 0.43499999999999994 0.074610778125 0.43499999999999994 0.3355688625 0.5792068968749999 0.3355688625 0.5792068968749999 0.074610778125
7 0.7052586203125 0.3118682640625 0.5767758625 0.3118682640625 0.5767758625 0.5374850296875 0.7052586203125 0.5374850296875 0.7052586203125 0.3118682640625
1 0.4725517234375 0.4734850296875 0.32713793125 0.4734850296875 0.32713793125 0.783245509375 0.4725517234375 0.783245509375 0.4725517234375 0.4734850296875
0 0.996068965625 0.66035928125 0.84216379375 0.66035928125 0.84216379375 0.758 0.996068965625 0.758 0.996068965625 0.66035928125
1 0.9240862062499999 0.142 0.8331982765625 0.142 0.8331982765625 0.24974850312500002 0.9240862062499999 0.24974850312500002 0.9240862062499999 0.142
6 0.924568965625 0.247892215625 0.7682413796875001 0.247892215625 0.7682413796875001 0.3960479046875 0.924568965625 0.3960479046875 0.924568965625 0.247892215625
9 0.45316379375000004 0.34722155625 0.3235 0.34722155625 0.3235 0.4684311375 0.45316379375000004 0.4684311375 0.45316379375000004 0.34722155625
9 0.43741379374999995 0.173820359375 0.36591379375 0.173820359375 0.36591379375 0.3455449109375 0.43741379374999995 0.3455449109375 0.43741379374999995 0.173820359375
9 0.769456896875 0.2832335328125 0.704017240625 0.2832335328125 0.704017240625 0.392682634375 0.769456896875 0.392682634375 0.769456896875 0.2832335328125
9 0.7076724140625 0.5417365265625 0.6034482765625 0.5417365265625 0.6034482765625 0.651185628125 0.7076724140625 0.651185628125 0.7076724140625 0.5417365265625
9 0.706456896875 0.65964071875 0.6422413796875001 0.65964071875 0.6422413796875001 0.8295808390625 0.706456896875 0.8295808390625 0.706456896875 0.65964071875
9 0.8882241375 0.0148023953125 0.8263793109375 0.0148023953125 0.8263793109375 0.13772455156250002 0.8882241375 0.13772455156250002 0.8882241375 0.0148023953125
10 0.831293103125 0.10143712499999999 0.7658189656250001 0.10143712499999999 0.7658189656250001 0.24790419218749998 0.831293103125 0.24790419218749998 0.831293103125 0.10143712499999999
3 0.802405171875 0.44664670624999997 0.7329482765625001 0.44664670624999997 0.7329482765625001 0.643137725 0.802405171875 0.643137725 0.802405171875 0.44664670624999997
4 0.5387241375 0.3440239515625 0.4538965515625 0.3440239515625 0.4538965515625 0.5393053890624999 0.5387241375 0.5393053890624999 0.5387241375 0.3440239515625