3 0.5927845031250001 0.4615584421875 0.43447941874999996 0.4615584421875 0.43447941874999996 0.7352272734375 0.5927845031250001 0.7352272734375 0.5927845031250001 0.4615584421875
1 0.9985472156249999 0.3947077921875 0.643002421875 0.3947077921875 0.643002421875 0.7947077921875 0.9985472156249999 0.7947077921875 0.9985472156249999 0.3947077921875
7 0.390629540625 0.0025974031250000002 0.0019370453125 0.0025974031250000002 0.0019370453125 0.40866883125 0.390629540625 0.40866883125 0.390629540625 0.0025974031250000002
9 1 0.0048051953125 0.8192736078125 0.0048051953125 0.8192736078125 0.22298701250000003 1 0.22298701250000003 1 0.0048051953125
1 0.3883777234375 0.4128896109375 0.0026876515625 0.4128896109375 0.0026876515625 0.8027922078125 0.3883777234375 0.8027922078125 0.3883777234375 0.4128896109375
6 0.817748184375 0.00685065 0.609854721875 0.00685065 0.609854721875 0.390584415625 0.817748184375 0.390584415625 0.817748184375 0.00685065
9 0.5360290562500001 0.0169480515625 0.39290556875 0.0169480515625 0.39290556875 0.2573376625 0.5360290562500001 0.2573376625 0.5360290562500001 0.0169480515625
9 1 0.2250324671875 0.8192736078125 0.2250324671875 0.8192736078125 0.3926948046875 1 0.3926948046875 1 0.2250324671875
0 0.385375303125 1 0.385375303125 0.80681818125 0 0.80681818125 0 1 0.385375303125 1
0 0.647506053125 1 0.647506053125 0.80685065 0.385375303125 0.80685065 0.385375303125 1 0.647506053125 1
0 0.8629539953125 1 0.8629539953125 0.798766234375 0.6520338984375 0.798766234375 0.6520338984375 1 0.8629539953125 1