3 0.40721549687499997 0.7352272734375 0.56552058125 0.7352272734375 0.56552058125 0.4615584421875 0.40721549687499997 0.4615584421875 0.40721549687499997 0.7352272734375
1 0.001452784375 0.7947077921875 0.356997578125 0.7947077921875 0.356997578125 0.3947077921875 0.001452784375 0.3947077921875 0.001452784375 0.7947077921875
7 0.609370459375 0.40866883125 0.9980629546875001 0.40866883125 0.9980629546875001 0.0025974031250000002 0.609370459375 0.0025974031250000002 0.609370459375 0.40866883125
9 0 0.22298701250000003 0.1807263921875 0.22298701250000003 0.1807263921875 0.0048051953125 0 0.0048051953125 0 0.22298701250000003
1 0.6116222765625 0.8027922078125 0.9973123484374999 0.8027922078125 0.9973123484374999 0.4128896109375 0.6116222765625 0.4128896109375 0.6116222765625 0.8027922078125
6 0.18225181562499998 0.390584415625 0.390145278125 0.390584415625 0.390145278125 0.00685065 0.18225181562499998 0.00685065 0.18225181562499998 0.390584415625
9 0.46397094375 0.2573376625 0.60709443125 0.2573376625 0.60709443125 0.0169480515625 0.46397094375 0.0169480515625 0.46397094375 0.2573376625
9 0 0.3926948046875 0.1807263921875 0.3926948046875 0.1807263921875 0.2250324671875 0 0.2250324671875 0 0.3926948046875
0 1 0.80681818125 0.614624696875 0.80681818125 0.614624696875 1 1 1 1 0.80681818125
0 0.614624696875 1 0.614624696875 0.80685065 0.352493946875 0.80685065 0.352493946875 1 0.614624696875 1
0 0.3479661015625 1 0.3479661015625 0.798766234375 0.1370460046875 0.798766234375 0.1370460046875 1 0.3479661015625 1