3 0.44158511875000006 0.554673078125 0.60735481875 0.5420707265625 0.5721272015625 0.2542266640625 0.4063575015625 0.266829015625 0.44158511875000006 0.554673078125
1 0.3461151 0.20826532968749997 0.012244932812500001 0.2336472234375 0.027118949999999996 0.51746038125 0.044057140625000005 0.6558619578125 0.39760450937499997 0.628984140625 0.3461151 0.20826532968749997
7 1 0.568367278125 0.6600805046875 0.5942090609374999 0.708088528125 0.9864815421875001 1 0.964289484375 1 0.568367278125
9 0.256565359375 0.9988122453124999 0.23512605 0.8236321406249999 0.06616164375 0.8364773624999999 0.0861502375 0.9998036921875 0.256565359375 0.9988122453124999
1 1 0.27008732812499997 0.9854353437500001 0.151079853125 0.6117055515625001 0.17949200468749998 0.6618951875 0.5895903953125 1 0.5638865703125 1 0.27008732812499997
6 0.47774188906250004 0.9975254781249999 0.4328460109375 0.6306822734375 0.21514967343750002 0.6472322546875 0.2581764265625 0.9988028734375 0.47774188906250004 0.9975254781249999
9 0.527304796875 0.7649536984374999 0.555712434375 0.997071859375 0.5698681640625 0.9969895031249999 0.7057051796875 0.9866627328125 0.6771770375 0.753559925 0.527304796875 0.7649536984374999
9 0.213280665625 0.645133990625 0.044316259375 0.6579792125 0.065898346875 0.834325959375 0.234862753125 0.8214807359374999 0.213280665625 0.645133990625
0 0.59291178125 0 0.614331309375 0.1750184796875 0.98491710625 0.1468453453125 0.966945528125 0 0.59291178125 0
0 0.44561232031250003 0 0.3170628359375 0.009772748437500001 0.3398360359375 0.195852034375 0.6143271296874999 0.1749843296875 0.59291178125 0 0.44561232031250003 0
0 0.336135340625 0.2047156515625 0.3123214875 0.0101332015625 0.09145580156250001 0.026924128125000002 0.11526965468749999 0.2215065765625 0.336135340625 0.2047156515625