3 0.4968354875 0.461839309375 0.5493859671875 0.623695425 0.8238628796875 0.553850553125 0.7713124 0.3919944359375 0.4968354875 0.461839309375
1 1 0.897432928125 0.900189221875 0.5900145125 0.49900811093749997 0.6921012171875 0.5989748500000001 1 0.6628824953125 1 1 0.914215265625 1 0.897432928125
7 0.030976543750000002 0.5318467140625 0.42923343125 0.430504121875 0.30277630625 0.04101463125 0.0067758296875 0.11633650625 0.030976543750000002 0.5318467140625
9 0.412517846875 1 0.38529473125 0.916152465625 0.16646866875 0.9718361218749999 0.17561274843750002 1 0.412517846875 1
1 0.8237730609374999 0.327614903125 0.7214938625 0.012593721875 0.43417374999999997 0.007578531249999999 0.3070095484375 0.039937417187500004 0.43271916875 0.42712458125 0.8237730609374999 0.327614903125
6 0.0990021015625 0.7571976046875 0.1680137890625 0.9697544453125 0.552880634375 0.8718191578125 0.4838689484375 0.6592623171875001 0.0990021015625 0.7571976046875
9 0.0371115328125 0.532804915625 0.0846223734375 0.6791388859375 0.32572180156249997 0.617787428125 0.278210959375 0.4714534578125 0.0371115328125 0.532804915625
9 0.5967891203125 1 0.5555036328125 0.8728401921875 0.38734622343749997 0.91563043125 0.4147388328125 1 0.5967891203125 1
0 0.7258902390624999 0.0126704609375 0.8268142468749999 0.3235176375 0.9717213859375 0.28664378749999997 0.88366349375 0.015424403125 0.7258902390624999 0.0126704609375
0 1 0.373742265625 0.9717213859375 0.28664378749999997 0.8268468109375 0.3235093515625 0.9138629453125 0.5915201062500001 1 0.569601209375 1 0.373742265625
0 1 0.5746130953125 0.9072577078125 0.5982127984375001 0.9772741078125 0.8138641640625 1 0.8080812125 1 0.5746130953125