5 0.2889046234375 0.89651820625 0.4233589078125 0.891821053125 0.4207188515625 0.827003090625 0.28626456562499997 0.8317002453125 0.2889046234375 0.89651820625
7 0.5352346828125001 0.8949007609375 0.7450749984375 0.8875699953125 0.738772671875 0.7328369875 0.5289323578125 0.7401677515625 0.5352346828125001 0.8949007609375
2 0.2684855390625 0.462487609375 0.45529949687500004 0.45596127031250006 0.44637194375 0.23677437656250003 0.259557984375 0.243300715625 0.2684855390625 0.462487609375
1 0.4592790796875 0.47905914374999997 0.6377928390625 0.47282277187500005 0.6298731640625 0.278381025 0.451359403125 0.284617396875 0.4592790796875 0.47905914374999997
3 0.528813265625 0.7409011015625 0.736169471875 0.733657121875 0.7313302734375 0.6148464406249999 0.5239740687500001 0.6220904218750001 0.528813265625 0.7409011015625
6 0.2820996234375 0.8197776296875 0.47568166562499997 0.8130148484375 0.470911175 0.6958910625 0.277329134375 0.7026538421875 0.2820996234375 0.8197776296875
0 0.7389215890624999 0.889000284375 0.841841071875 0.8854047968750001 0.8302892796875 0.6017882921875 0.7273697984374999 0.60538378125 0.7389215890624999 0.889000284375
1 0.5319306765625 0.47987534531250003 0.5343715312499999 0.5398025296875 0.823009571875 0.530581846875 0.8160792859375 0.3344648546875 0.627077234375 0.3410311734375 0.6357919578125 0.4745333546875 0.5319306765625 0.47987534531250003
9 0.53553589375 0.613373728125 0.6837494671875 0.6081958937499999 0.680786634375 0.5354531734375 0.532573059375 0.540631009375 0.53553589375 0.613373728125
10 0.280348740625 0.702548353125 0.46940880937499996 0.6959435468749999 0.4663456328125 0.6207372359375001 0.2772855625 0.6273420421875 0.280348740625 0.702548353125
9 0.27125069062499996 0.5497602968749999 0.3951735421875 0.54543105625 0.3916580796875 0.4591203765625 0.2677352296875 0.4634496171875 0.27125069062499996 0.5497602968749999
9 0.317886253125 0.6209773109375 0.46462721093750003 0.6158509203125 0.46166437812499994 0.5431082015625 0.31492341874999996 0.548234590625 0.317886253125 0.6209773109375