5 0.4415796890625 0.1562140390625 0.31409026875 0.1562140390625 0.31409026875 0.21767548906249998 0.4415796890625 0.21767548906249998 0.4415796890625 0.1562140390625
7 0.746361071875 0.1495972375 0.547390690625 0.1495972375 0.547390690625 0.29631760625000003 0.746361071875 0.29631760625000003 0.746361071875 0.1495972375
2 0.4886318765625 0.567859609375 0.3114950640625 0.567859609375 0.3114950640625 0.775696203125 0.4886318765625 0.775696203125 0.4886318765625 0.567859609375
1 0.660775740625 0.5458573078125 0.49150916718750004 0.5458573078125 0.49150916718750004 0.7302301499999999 0.660775740625 0.7302301499999999 0.660775740625 0.5458573078125
3 0.7438645984375001 0.2956271578125 0.547249646875 0.2956271578125 0.547249646875 0.40828538593749997 0.7438645984375001 0.40828538593749997 0.7438645984375001 0.2956271578125
6 0.49416079062499996 0.22910241718750002 0.3106064875 0.22910241718750002 0.3106064875 0.3401611046875 0.49416079062499996 0.3401611046875 0.49416079062499996 0.22910241718750002
0 0.8380677015625 0.14844649062499998 0.7404795484375 0.14844649062499998 0.7404795484375 0.41737629531250003 0.8380677015625 0.41737629531250003 0.8380677015625 0.14844649062499998
1 0.8349224265625 0.670966628125 0.8339210156249999 0.4850402765625 0.5602679828125 0.48585730781249997 0.5602679828125 0.5426812421875 0.6588152328125 0.544303796875 0.6557122703125 0.67100115 0.8349224265625 0.670966628125
9 0.6990691109375 0.41615650156250006 0.5585331453125 0.41615650156250006 0.5585331453125 0.4851323359375 0.6990691109375 0.4851323359375 0.6990691109375 0.41615650156250006
10 0.4927362484375 0.3401611046875 0.313469675 0.3401611046875 0.313469675 0.4114729578125 0.4927362484375 0.4114729578125 0.4927362484375 0.3401611046875
9 0.42825105781249995 0.4851323359375 0.31074753125 0.4851323359375 0.31074753125 0.5669735328125001 0.42825105781249995 0.5669735328125001 0.42825105781249995 0.4851323359375
9 0.4912976015625 0.41615650156250006 0.35215796875 0.41615650156250006 0.35215796875 0.4851323359375 0.4912976015625 0.4851323359375 0.4912976015625 0.41615650156250006