5 0.5584203109375 0.21767548906249998 0.68590973125 0.21767548906249998 0.68590973125 0.1562140390625 0.5584203109375 0.1562140390625 0.5584203109375 0.21767548906249998
7 0.253638928125 0.29631760625000003 0.452609309375 0.29631760625000003 0.452609309375 0.1495972375 0.253638928125 0.1495972375 0.253638928125 0.29631760625000003
2 0.5113681234375 0.775696203125 0.6885049359375001 0.775696203125 0.6885049359375001 0.567859609375 0.5113681234375 0.567859609375 0.5113681234375 0.775696203125
1 0.339224259375 0.7302301499999999 0.5084908328125 0.7302301499999999 0.5084908328125 0.5458573078125 0.339224259375 0.5458573078125 0.339224259375 0.7302301499999999
3 0.25613540156250003 0.40828538593749997 0.452750353125 0.40828538593749997 0.452750353125 0.2956271578125 0.25613540156250003 0.2956271578125 0.25613540156250003 0.40828538593749997
6 0.505839209375 0.3401611046875 0.6893935124999999 0.3401611046875 0.6893935124999999 0.22910241718750002 0.505839209375 0.22910241718750002 0.505839209375 0.3401611046875
0 0.1619322984375 0.41737629531250003 0.2595204515625 0.41737629531250003 0.2595204515625 0.14844649062499998 0.1619322984375 0.14844649062499998 0.1619322984375 0.41737629531250003
1 0.3442877296875 0.67100115 0.3411847671875 0.544303796875 0.4397320171875 0.5426812421875 0.4397320171875 0.48585730781249997 0.166078984375 0.4850402765625 0.1650775734375 0.670966628125 0.3442877296875 0.67100115
9 0.3009308890625 0.4851323359375 0.4414668546875 0.4851323359375 0.4414668546875 0.41615650156250006 0.3009308890625 0.41615650156250006 0.3009308890625 0.4851323359375
10 0.5072637515625 0.4114729578125 0.686530325 0.4114729578125 0.686530325 0.3401611046875 0.5072637515625 0.3401611046875 0.5072637515625 0.4114729578125
9 0.5717489421875 0.5669735328125001 0.68925246875 0.5669735328125001 0.68925246875 0.4851323359375 0.5717489421875 0.4851323359375 0.5717489421875 0.5669735328125001
9 0.5087023984375 0.4851323359375 0.64784203125 0.4851323359375 0.64784203125 0.41615650156250006 0.5087023984375 0.41615650156250006 0.5087023984375 0.4851323359375