5 0.1114351734375 0.382191603125 0.1297843328125 0.5114211125 0.19263760624999998 0.498952234375 0.1742884453125 0.3697227265625 0.1114351734375 0.382191603125
7 0.13824674374999998 0.6200186859375 0.16688393906250001 0.8217047875000001 0.3169268609375 0.791939165625 0.28828966562499997 0.5902530640625 0.13824674374999998 0.6200186859375
2 0.5320291312500001 0.29604914843749996 0.5575238890625 0.475603678125 0.7700670421875 0.433439215625 0.7445722828125 0.253884684375 0.5320291312500001 0.29604914843749996
1 0.5354374546875 0.4829839171875 0.5597994734375 0.6545607875 0.7483475265624999 0.617156490625 0.7239855093750001 0.4455796203125 0.5354374546875 0.4829839171875
3 0.28756328125 0.59025016875 0.3158614671875 0.7895486921875 0.43107089375 0.7666933625000001 0.4027727078125 0.567394840625 0.28756328125 0.59025016875
6 0.1854727328125 0.36387318125 0.2118911390625 0.549932790625 0.325464803125 0.5274019671875 0.2990463953125 0.34134235468749996 0.1854727328125 0.36387318125
0 0.164860621875 0.8159764453125 0.17890618593750002 0.9148965656250001 0.45392603437499995 0.8603379312499999 0.439880471875 0.7614178109374999 0.164860621875 0.8159764453125
1 0.5420857125 0.5533255515625 0.48397497187500005 0.564853603125 0.522525478125 0.84240744375 0.7128063515624999 0.805703059375 0.6870484890624999 0.6240398828125 0.5579286156250001 0.6528886875000001 0.5420857125 0.5533255515625
9 0.41244606875 0.5772355078125 0.4326729796875 0.71968963125 0.5032108046875 0.7056962875 0.48298389375 0.5632421640625 0.41244606875 0.5772355078125
10 0.2994584859375 0.344244621875 0.3252597734375 0.52595798125 0.3981865171875 0.511490721875 0.3723852296875 0.3297773640625 0.2994584859375 0.344244621875
9 0.44732087031249995 0.312074553125 0.46423279375000004 0.43118187187499996 0.547927321875 0.414578490625 0.5310153984375 0.2954711734375 0.44732087031249995 0.312074553125
9 0.3827431234375 0.3680435421875 0.4027690625 0.509082275 0.4733068875 0.49508893125000003 0.4532809484375 0.3540501984375 0.3827431234375 0.3680435421875