1 0.6288002640625 0.31448301875 0.59552534375 0.144986003125 0.38231052499999996 0.196319671875 0.41558544375000006 0.3658166875 0.6288002640625 0.31448301875
9 0.6285045828125 0.6744767234375 0.6039012796875001 0.5491515031249999 0.50473054375 0.57302788125 0.5293338484375 0.6983531000000001 0.6285045828125 0.6744767234375
5 0.9327008546875 0.560200615625 0.899424290625 0.3906952203125 0.8137050265625 0.4113330171875 0.846981590625 0.5808384140625 0.9327008546875 0.560200615625
10 0.7689232734375 0.18177726249999998 0.753019553125 0.1007663046875 0.614182784375 0.134192690625 0.630086503125 0.215203646875 0.7689232734375 0.18177726249999998
6 0.79359544375 0.3339412046875 0.763716128125 0.1817408296875 0.608358425 0.21914479999999997 0.63823774375 0.3713451765625 0.79359544375 0.3339412046875
1 0.2717559484375 0.391449475 0.2394434453125 0.2268548484375 0.037806821875 0.275400946875 0.070119325 0.4399955734375 0.2717559484375 0.391449475
9 0.40640273281250006 0.310192078125 0.381369496875 0.1915262234375 0.31502300625 0.20621849375 0.32297404375 0.24671978437500003 0.2835498453125 0.2575016734375 0.2992117265625 0.3372807515625 0.40640273281250006 0.310192078125
9 0.34878616875 0.44875672499999997 0.33382018750000003 0.372522453125 0.1685770109375 0.4123064546875 0.18354299062499999 0.4885407265625 0.34878616875 0.44875672499999997
2 0.736094171875 0.8435025578124999 0.8785959015625 0.7143050515625 0.830414771875 0.4942825421875 0.5052148140625 0.573508071875 0.5298016671875 0.698749490625 0.6207119328124999 0.6768619046875 0.6423096968750001 0.7804962140625 0.736094171875 0.8435025578124999
7 0.8201957375 0.49977946093750003 0.787643040625 0.3339613328125 0.562850028125 0.388082571875 0.5954027234375 0.5539007 0.8201957375 0.49977946093750003
3 0.5601658953124999 0.540742115625 0.5293011296875 0.383522025 0.408497453125 0.41260675625000004 0.4393622203125 0.5698268468750001 0.5601658953124999 0.540742115625