1 0.36458620625 0.3335977015625 0.1902241375 0.3335977015625 0.1902241375 0.550770115625 0.36458620625 0.550770115625 0.36458620625 0.3335977015625
9 0.7181293109375 0.4026206890625 0.589206896875 0.4026206890625 0.589206896875 0.503632184375 0.7181293109375 0.503632184375 0.7181293109375 0.4026206890625
5 0.677818965625 0.084942528125 0.5034482765625 0.084942528125 0.5034482765625 0.1722528734375 0.677818965625 0.1722528734375 0.677818965625 0.084942528125
10 0.2673706890625 0.1719770109375 0.1840344828125 0.1719770109375 0.1840344828125 0.31339080468749997 0.2673706890625 0.31339080468749997 0.2673706890625 0.1719770109375
6 0.42267241406249995 0.1770344828125 0.2661034484375 0.1770344828125 0.2661034484375 0.33527586249999997 0.42267241406249995 0.33527586249999997 0.42267241406249995 0.1770344828125
1 0.35575 0.6955517234374999 0.186431034375 0.6955517234374999 0.186431034375 0.900931034375 0.35575 0.900931034375 0.35575 0.6955517234374999
9 0.3077758625 0.549080459375 0.185293103125 0.550770115625 0.1840344828125 0.6181034484375 0.22569827656250002 0.6181034484375 0.22696551718750002 0.658505746875 0.3090344828125 0.658505746875 0.3077758625 0.549080459375
9 0.4302586203125 0.6315747125 0.35183620625 0.6315747125 0.35183620625 0.7998850578125001 0.4302586203125 0.7998850578125001 0.4302586203125 0.6315747125
2 0.5888793109375 0.1718390796875 0.589793103125 0.5032528734375 0.7186293109374999 0.5032528734375 0.7186293109374999 0.41065517187499995 0.8255344828125001 0.40943678125 0.9096034484375 0.3302528734375 0.8163965515625 0.16698850625 0.5888793109375 0.1718390796875
7 0.59186206875 0.18282758593749998 0.4212844828125 0.18282758593749998 0.4212844828125 0.41179310312500006 0.59186206875 0.41179310312500006 0.59186206875 0.18282758593749998
3 0.5706034484375 0.44355172343750005 0.40887068906249996 0.44355172343750005 0.40887068906249996 0.5665977015625 0.5706034484375 0.5665977015625 0.5706034484375 0.44355172343750005