1 0.811689734375 0.3868427484375 0.632675590625 0.4225892765625 0.6733295218750001 0.6447335265625 0.8523436656250001 0.6089870000000001 0.811689734375 0.3868427484375
9 0.41088595781250004 0.516856571875 0.278523821875 0.5432873703125 0.29743282656250003 0.646611371875 0.42979496250000004 0.6201805734375 0.41088595781250004 0.516856571875
5 0.5609657343750001 0.8382406640625 0.381942740625 0.873988959375 0.3982869375 0.9632981453125 0.5773099312500001 0.9275498484375 0.5609657343750001 0.8382406640625
10 0.8624811250000001 0.6283875421875 0.7769214625 0.645472565625 0.8033936390624999 0.790123815625 0.8889533015625 0.7730387921874999 0.8624811250000001 0.6283875421875
6 0.7741257078125 0.6228266828125 0.613379396875 0.6549253890625 0.643001640625 0.8167894671875 0.80374795 0.784690759375 0.7741257078125 0.6228266828125
1 0.75003511875 0.0278877859375 0.576198628125 0.06260041093749999 0.61464493125 0.27268157187500003 0.78848141875 0.2379689453125 0.75003511875 0.0278877859375
9 0.7538003343749999 0.2841731390625 0.669541725 0.3009983625 0.6913179625 0.41267074375 0.81675233125 0.3858318203125 0.8054399640625001 0.316698959375 0.762664559375 0.3252405875 0.7538003343749999 0.2841731390625
9 0.5991323046875 0.1651573046875 0.5186175390625001 0.1812349359375 0.5501246562500001 0.35339849375 0.6306394234375 0.33732086250000004 0.5991323046875 0.1651573046875
2 0.29541545937499997 0.638495459375 0.185886078125 0.661658715625 0.1143970625 0.75989066875 0.2406532984375 0.9077840828125 0.4733328140625 0.8561784203125 0.410355115625 0.5173647453125 0.2780814875 0.5437778718749999 0.29541545937499997 0.638495459375
7 0.6004805921874999 0.57637185625 0.425351903125 0.6113425171875 0.46821346249999996 0.8455498562500001 0.6433421515625 0.8105791953124999 0.6004805921874999 0.57637185625
3 0.584246703125 0.4154782484375 0.41819882656249996 0.4486356015625 0.4412326109375 0.5744985312499999 0.6072804875 0.5413411765625 0.584246703125 0.4154782484375