1 0.63541379375 0.550770115625 0.8097758625000001 0.550770115625 0.8097758625000001 0.3335977015625 0.63541379375 0.3335977015625 0.63541379375 0.550770115625
9 0.2818706890625 0.503632184375 0.41079310312499995 0.503632184375 0.41079310312499995 0.4026206890625 0.2818706890625 0.4026206890625 0.2818706890625 0.503632184375
5 0.322181034375 0.1722528734375 0.4965517234375 0.1722528734375 0.4965517234375 0.084942528125 0.322181034375 0.084942528125 0.322181034375 0.1722528734375
10 0.7326293109375001 0.31339080468749997 0.8159655171875 0.31339080468749997 0.8159655171875 0.1719770109375 0.7326293109375001 0.1719770109375 0.7326293109375001 0.31339080468749997
6 0.5773275859375 0.33527586249999997 0.7338965515625 0.33527586249999997 0.7338965515625 0.1770344828125 0.5773275859375 0.1770344828125 0.5773275859375 0.33527586249999997
1 0.64425 0.900931034375 0.8135689656249999 0.900931034375 0.8135689656249999 0.6955517234374999 0.64425 0.6955517234374999 0.64425 0.900931034375
9 0.6909655171875 0.658505746875 0.7730344828125 0.658505746875 0.7743017234375 0.6181034484375 0.8159655171875 0.6181034484375 0.814706896875 0.550770115625 0.6922241375 0.549080459375 0.6909655171875 0.658505746875
9 0.5697413796874999 0.7998850578125001 0.64816379375 0.7998850578125001 0.64816379375 0.6315747125 0.5697413796874999 0.6315747125 0.5697413796874999 0.7998850578125001
2 0.1836034484375 0.16698850625 0.09039655156250001 0.3302528734375 0.1744655171875 0.40943678125 0.28137068906249996 0.41065517187499995 0.28137068906249996 0.5032528734375 0.410206896875 0.5032528734375 0.4111206890625 0.1718390796875 0.1836034484375 0.16698850625
7 0.40813793125000003 0.41179310312500006 0.5787155171875 0.41179310312500006 0.5787155171875 0.18282758593749998 0.40813793125000003 0.18282758593749998 0.40813793125000003 0.41179310312500006
3 0.42939655156249995 0.5665977015625 0.5911293109375 0.5665977015625 0.5911293109375 0.44355172343750005 0.42939655156249995 0.44355172343750005 0.42939655156249995 0.5665977015625