1 0.147656334375 0.6089870000000001 0.326670478125 0.6447335265625 0.367324409375 0.4225892765625 0.188310265625 0.3868427484375 0.147656334375 0.6089870000000001
9 0.5702050375 0.6201805734375 0.7025671734375 0.646611371875 0.721476178125 0.5432873703125 0.5891140421875 0.516856571875 0.5702050375 0.6201805734375
5 0.42269006875 0.9275498484375 0.6017130625 0.9632981453125 0.618057259375 0.873988959375 0.439034265625 0.8382406640625 0.42269006875 0.9275498484375
10 0.1110466984375 0.7730387921874999 0.1966063609375 0.790123815625 0.2230785375 0.645472565625 0.13751887499999998 0.6283875421875 0.1110466984375 0.7730387921874999
6 0.19625204999999998 0.784690759375 0.356998359375 0.8167894671875 0.386620603125 0.6549253890625 0.22587429218750002 0.6228266828125 0.19625204999999998 0.784690759375
1 0.21151858125 0.2379689453125 0.38535506875 0.27268157187500003 0.42380137187500005 0.06260041093749999 0.24996488125 0.0278877859375 0.21151858125 0.2379689453125
9 0.23733544062499998 0.3252405875 0.1945600359375 0.316698959375 0.18324766875 0.3858318203125 0.3086820375 0.41267074375 0.33045827499999997 0.3009983625 0.246199665625 0.2841731390625 0.23733544062499998 0.3252405875
9 0.3693605765625 0.33732086250000004 0.44987534374999993 0.35339849375 0.4813824609375 0.1812349359375 0.4008676953125 0.1651573046875 0.3693605765625 0.33732086250000004
2 0.7219185125 0.5437778718749999 0.589644884375 0.5173647453125 0.5266671859375001 0.8561784203125 0.7593467015625001 0.9077840828125 0.8856029375000001 0.75989066875 0.814113921875 0.661658715625 0.704584540625 0.638495459375 0.7219185125 0.5437778718749999
7 0.3566578484375 0.8105791953124999 0.5317865375 0.8455498562500001 0.5746480968750001 0.6113425171875 0.3995194078125 0.57637185625 0.3566578484375 0.8105791953124999
3 0.3927195125 0.5413411765625 0.5587673890625 0.5744985312499999 0.5818011734375 0.4486356015625 0.415753296875 0.4154782484375 0.3927195125 0.5413411765625