6 0.9980344828125001 0.554500665625 0.7428620687499999 0.554500665625 0.7428620687499999 0.8092410125 0.9980344828125001 0.8092410125 0.9980344828125001 0.554500665625
1 0.74691379375 0.0413715046875 0.52575 0.0413715046875 0.52575 0.4294540609375 0.74691379375 0.4294540609375 0.74691379375 0.0413715046875
9 0.5258793109375001 0.0433821578125 0.41326724062500003 0.0433821578125 0.41326724062500003 0.3203595203125 0.5258793109375001 0.3203595203125 0.5258793109375001 0.0433821578125
3 0.6753793109374999 0.5338881484375 0.5970086203125 0.5338881484375 0.5970086203125 0.7023169109375 0.6753793109374999 0.7023169109375 0.6753793109374999 0.5338881484375
0 0.75083620625 0.791065246875 0.53241379375 0.791065246875 0.53241379375 0.972876165625 0.75083620625 0.972876165625 0.75083620625 0.791065246875
9 0.5311120687499999 0.546418109375 0.41326724062500003 0.546418109375 0.41326724062500003 0.8132889484374999 0.5311120687499999 0.8132889484374999 0.5311120687499999 0.546418109375
2 0.414706896875 0.4231824234375 0.117681034375 0.4231824234375 0.117681034375 0.8152996 0.414706896875 0.8152996 0.414706896875 0.4231824234375
7 0.99541379375 0.0433821578125 0.7480948281249999 0.0433821578125 0.7480948281249999 0.56278295625 0.99541379375 0.56278295625 0.99541379375 0.0433821578125
0 0.9967241375 0.7949001328125 0.7480948281249999 0.7949001328125 0.7480948281249999 0.9769241015624999 0.9967241375 0.9769241015624999 0.9967241375 0.7949001328125
1 0.416017240625 0.045406125000000006 0.120293103125 0.045406125000000006 0.120293103125 0.425406125 0.416017240625 0.425406125 0.416017240625 0.045406125000000006
0 0.1165 0.03732356875 0.022206896875 0.03732356875 0.022206896875 0.425406125 0.1165 0.425406125 0.1165 0.03732356875