6 1 0.38113351562500003 0.9554810421875001 0.10792605 0.7357583640625001 0.12861483125 0.780892090625 0.40559506093750003 1 0.3849641625 1 0.38113351562500003
1 0.6376043499999999 0.9855746109375 0.8761766109375 0.9631109765625 0.8074179203125 0.541147215625 0.5688456609375 0.56361085 0.6376043499999999 0.9855746109375
9 0.515911496875 0.9948133078125 0.6373876015625 0.9833752859375 0.5883140203125 0.6822166578125 0.46683791562500004 0.6936546781249999 0.515911496875 0.9948133078125
3 0.627210109375 0.4428214875 0.711749590625 0.4348613671875 0.68190815625 0.25172808125 0.597368671875 0.2596882015625 0.627210109375 0.4428214875
0 0.486611484375 0.014158948437499999 0.51196536875 0.169752675 0.747580465625 0.147567484375 0.7269813171874999 0.0211529953125 0.486611484375 0.014158948437499999
9 0.42678589218749996 0.4478602453125 0.5539066390625 0.4358907328125 0.5066236875000001 0.1457209703125 0.3795029390625 0.1576904828125 0.42678589218749996 0.4478602453125
2 0.1297675390625 0.611877640625 0.45017320156249996 0.5817086875 0.380699675 0.1553580671875 0.060294015624999996 0.18552701875 0.1297675390625 0.611877640625
7 1 0.381133509375 0.9991473515625 0.375900909375 0.785069315625 0.3960582015625 0.8770943687500001 0.9608048281249999 1 0.9492322046874999 1 0.381133509375
0 0.7239644796875 0.021065215625 0.7439438578125 0.1436762375 0.95802189375 0.1235189453125 0.9423626328125 0.0274199515625 0.7239644796875 0.021065215625
1 0.43709633124999997 1 0.5185193609375001 0.9923333203125001 0.451192703125 0.57915775625 0.132191228125 0.60919449375 0.195872703125 1 0.43709633124999997 1
0 0.191718253125 1 0.1280995578125 0.6095797609375 0.03590679375 0.6182605031249999 0.09811096875 1 0.191718253125 1