6 0.99167896875 0.47671156562499994 0.74953229375 0.51495809375 0.787792728125 0.78644466875 0.9868212765625 0.7550085515625 0.99167896875 0.47671156562499994
1 0.47047662343749996 0 0.44021298125 0.004780075 0.4985005953125 0.4183745671875 0.7350852984375 0.381006540625 0.681390284375 0 0.47047662343749996 0
9 0.44065329531249997 0.00690105625 0.3201892140625 0.025928090625 0.3617895109375 0.321113509375 0.48225359062499995 0.30208647499999997 0.44065329531249997 0.00690105625
3 0.6742483453125 0.5043924890625 0.590413165625 0.51763406875 0.61571013125 0.697135071875 0.699545309375 0.6838934921875001 0.6742483453125 0.5043924890625
0 0.5599408046875001 0.8026315828125 0.5863217234375 0.9898240671874999 0.8199739015624999 0.9529192249999999 0.7935929828125 0.765726740625 0.5599408046875001 0.8026315828125
9 0.5218038218750001 0.54212166875 0.3957421203125 0.562032834375 0.4358244796875 0.846447340625 0.5618861796875 0.8265361765625 0.5218038218750001 0.54212166875
2 0.3787729140625 0.4304525828125 0.0610365671875 0.4806383328125 0.11993015468749998 0.8985326734375001 0.4376665046875 0.8483469250000001 0.3787729140625 0.4304525828125
7 0.6826817890625 0 0.7563738609375 0.5229007171875 0.9915210328124999 0.4857597453125 0.9919593390625 0.46064914218749997 0.9270403421875001 0 0.6826817890625 0
0 0.9870947453125 0.7393415265625001 0.791236434375 0.7702769125 0.817041378125 0.9533824109375001 0.98381845 0.9270403421875001 0.9870947453125 0.7393415265625001
1 0.3234349484375 0.02762046875 0.0070910890625 0.07758627812499999 0.064164753125 0.4825668796875 0.3805086125 0.4326010703125 0.3234349484375 0.02762046875
0 0 0.49270155937500004 0.0601071703125 0.483207765625 0.002213540625 0.07240888437500001 0 0.072758509375 0 0.49270155937500004