3 0.472463715625 0.7612419859374999 0.496379434375 0.6456806875 0.29278380312499996 0.6012665078125 0.26886808281249996 0.7168278078125 0.472463715625 0.7612419859374999
1 0.45195134687499994 0.5598638765625 0.4866152828125 0.392366946875 0.0681929828125 0.3010885484375 0.033529046875 0.4685854765625 0.45195134687499994 0.5598638765625
1 0.8145585421874999 1 0.8227963671875 0.9601946390625 0.45211542812500005 0.8793309703125001 0.42714264999999996 1 0.8145585421874999 1
6 0 0.703395515625 0.20171654062500002 0.747399775 0.23435441875000002 0.5896928046875 0.0000341515625 0.5385760765625001 0 0.5387410984375001 0 0.703395515625
10 0 0.75342043125 0.1759097734375 0.7917949703125 0.186489465625 0.7406736625 0 0.699991175 0 0.75342043125
9 0.715370528125 0.6184727390625 0.7333784734375 0.5314579390625 0.46721802500000004 0.47339530781250005 0.44921007968750004 0.5604101078125 0.715370528125 0.6184727390625
9 0.443247825 0.8773965109375 0.46035509062499996 0.7947338109375 0.1964824453125 0.7371702625000001 0.1793751796875 0.8198329624999999 0.443247825 0.8773965109375
1 0.9000711953125 0.9770520640625 0.9288835328125 0.8378301968749999 0.587736059375 0.7634092234375001 0.5589237234375 0.902631090625 0.9000711953125 0.9770520640625
0 0.862520503125 0.82448795 0.9378478609374999 0.8409205359374999 0.9722852218750001 0.6745184171874999 0.896957865625 0.65808583125 0.862520503125 0.82448795
5 0 0.5361193921875 0.24344229999999997 0.58922608125 0.2575423125 0.5210944984375 0 0.4649119046875 0 0.5361193921875
7 0.8527466031250001 0.8269327328125 0.8874161578124999 0.659408659375 0.5993230453125 0.5965614390625 0.564653490625 0.7640855125 0.8527466031250001 0.8269327328125