3 0.55414684375 0.4039531421875 0.5684617703125 0.287795015625 0.3628030875 0.25778094218750003 0.348488159375 0.3739390671875 0.55414684375 0.4039531421875
1 0.46427126718749995 0.6367560906249999 0.48501961875 0.46839410781249996 0.062357406250000004 0.406710278125 0.04160905625 0.575072259375 0.46427126718749995 0.6367560906249999
1 0.9613746359374999 0.2251771390625 0.9819380515624999 0.05831579218750001 0.6075009703124999 0.0036699953124999995 0.5869375515625 0.1705313421875 0.9613746359374999 0.2251771390625
6 0.28984023125 0.3642318875 0.30937587031249997 0.205710425 0.07268121093749999 0.171166921875 0.0531455734375 0.329688384375 0.28984023125 0.3642318875
10 0.29291006875000003 0.20664038125 0.29924261875 0.15525505312500001 0.08319404531249999 0.1237246640625 0.0768614953125 0.1751099921875 0.29291006875000003 0.20664038125
9 0.7406937499999999 0.5936245062500001 0.7514725359375001 0.5061603125 0.48261505937500004 0.46692292812499997 0.47183627499999997 0.5543871218749999 0.7406937499999999 0.5936245062500001
9 0.5677404140625 0.2523137015625 0.5779800921875 0.1692240796875 0.311433603125 0.13032396562499998 0.3011939234375 0.2134135859375 0.5677404140625 0.2523137015625
1 1 0.2308141703125 0.694828146875 0.186277025 0.6775823140624999 0.32621791875 1 0.373271940625 1 0.2308141703125
0 1 0.37216094375000003 0.9555126453125 0.36566840625 0.9348999140625001 0.5329299234375 1 0.5424307078124999 1 0.37216094375000003
5 0.298240015625 0.367855665625 0.0323046953125 0.329044746875 0.0238650296875 0.397528203125 0.2898003515625 0.436339121875 0.298240015625 0.367855665625
7 0.9263459453125 0.5283485515625 0.9470976562500001 0.359959284375 0.6560852703125 0.3174885890625 0.635333559375 0.485877853125 0.9263459453125 0.5283485515625