3 0.396344828125 0.483543165625 0.28624137968749996 0.483543165625 0.28624137968749996 0.6772122296875 0.396344828125 0.6772122296875 0.396344828125 0.483543165625
1 0.6253275859375 0.540143884375 0.46574137968749996 0.540143884375 0.46574137968749996 0.9381654671874999 0.6253275859375 0.9381654671874999 0.6253275859375 0.540143884375
1 0.17454310312500002 0.12721222968749998 0.0118534484375 0.12721222968749998 0.0118534484375 0.47982014375000004 0.17454310312500002 0.47982014375000004 0.17454310312500002 0.12721222968749998
6 0.3952758625 0.7325719421875 0.24501724062500002 0.7325719421875 0.24501724062500002 0.9554676265625 0.3952758625 0.9554676265625 0.3952758625 0.7325719421875
10 0.2481206890625 0.7476978421875 0.19941379374999998 0.7476978421875 0.19941379374999998 0.9511510796874999 0.2481206890625 0.9511510796874999 0.2481206890625 0.7476978421875
9 0.5476034484375 0.28935251875 0.4646982765625 0.28935251875 0.4646982765625 0.542535971875 0.5476034484375 0.542535971875 0.5476034484375 0.28935251875
9 0.2533017234375 0.4882553953125 0.17454310312500002 0.4882553953125 0.17454310312500002 0.739262590625 0.2533017234375 0.739262590625 0.2533017234375 0.4882553953125
1 0.30718965468750004 0.0537050359375 0.17454310312500002 0.0537050359375 0.17454310312500002 0.378219425 0.30718965468750004 0.378219425 0.30718965468750004 0.0537050359375
0 0.4646982765625 0.0104316546875 0.306155171875 0.0104316546875 0.306155171875 0.11661870468749999 0.4646982765625 0.11661870468749999 0.4646982765625 0.0104316546875
5 0.46242241406250006 0.7243884890625 0.3975086203125 0.7243884890625 0.3975086203125 0.9896402875 0.46242241406250006 0.9896402875 0.46242241406250006 0.7243884890625
7 0.46159482812499997 0.12505395625 0.301982759375 0.12505395625 0.301982759375 0.39910071875 0.46159482812499997 0.39910071875 0.46159482812499997 0.12505395625