5 0.410514403125 0.6918411546875001 0.305524690625 0.6918411546875001 0.305524690625 0.8269314078125 0.410514403125 0.8269314078125 0.410514403125 0.6918411546875001
2 0.88148148125 0.274296028125 0.7774897125 0.274296028125 0.779495884375 0.490090253125 0.630504115625 0.490090253125 0.6315020578125 0.8111371843749999 0.8804835390625 0.8111371843749999 0.88148148125 0.274296028125
7 0.47736625468750005 0.2444404328125 0.295061728125 0.2444404328125 0.295061728125 0.5987364625 0.47736625468750005 0.5987364625 0.47736625468750005 0.2444404328125
0 0.45651234531249996 0.09359205781249999 0.35152263437500003 0.09359205781249999 0.35152263437500003 0.23570397187499997 0.45651234531249996 0.23570397187499997 0.45651234531249996 0.09359205781249999
0 0.981995884375 0.61895306875 0.881975309375 0.61895306875 0.881975309375 0.76104693125 0.981995884375 0.76104693125 0.981995884375 0.61895306875
7 0.586430040625 0.634169675 0.45394032968750003 0.634169675 0.45394032968750003 0.770126353125 0.586430040625 0.770126353125 0.586430040625 0.634169675
10 0.6006069953125001 0.0412996390625 0.4759876546875 0.0412996390625 0.4759876546875 0.175703971875 0.6006069953125001 0.175703971875 0.6006069953125001 0.0412996390625
9 0.8806584359375 0.2761732859375 0.777674896875 0.2761732859375 0.777674896875 0.48303249062500003 0.8806584359375 0.48303249062500003 0.8806584359375 0.2761732859375
9 0.91965020625 0.1158844765625 0.7817901234375 0.1158844765625 0.7817901234375 0.2732851984375 0.91965020625 0.2732851984375 0.91965020625 0.1158844765625
9 0.333930040625 0.020324909375 0.21761316874999997 0.020324909375 0.21761316874999997 0.23895306875000003 0.333930040625 0.23895306875000003 0.333930040625 0.020324909375
1 0.2183127578125 0.016841154687500002 0.026388889062499997 0.016841154687500002 0.026388889062499997 0.3537906140625 0.2183127578125 0.3537906140625 0.2183127578125 0.016841154687500002
6 0.608919753125 0.1870758125 0.48263374531250003 0.1870758125 0.48263374531250003 0.484711190625 0.608919753125 0.484711190625 0.608919753125 0.1870758125
1 0.7805761312499999 0.1079061375 0.6040226343749999 0.1079061375 0.6040226343749999 0.48855595625000003 0.7805761312499999 0.48855595625000003 0.7805761312499999 0.1079061375