5 0.3641017609375 0.6940894671875 0.354545484375 0.5847716515625 0.21368222499999998 0.5938059421874999 0.22323850156249997 0.70312375625 0.3641017609375 0.6940894671875
2 0.544894396875 0.3422207796875 0.5313330078125 0.1870869625 0.756531678125 0.17474439375 0.7470662359375 0.0664656578125 0.1873743125 0.10340650468749998 0.2100368734375 0.3626520203125 0.544894396875 0.3422207796875
7 0.8315742484375 0.6750634062499999 0.8149806953125 0.48524354374999995 0.4455440265625 0.508937428125 0.46213758125000004 0.6987572921874999 0.8315742484375 0.6750634062499999
0 0.9837299109375 0.6061868234375 0.974173634375 0.49686900781250004 0.82598865 0.506372878125 0.835544925 0.6156906921874999 0.9837299109375 0.6061868234375
0 0.268390578125 0 0.2310677046875 0.0023937093749999997 0.2394693609375 0.098503403125 0.3876355234375 0.08900074218750001 0.37985531250000004 0 0.268390578125 0
7 0.4107288484375 0.5356986953125 0.39866949375 0.3977472171875 0.2569027828125 0.40683945 0.26896213750000003 0.5447909281250001 0.4107288484375 0.5356986953125
10 1 0.344336634375 0.875437065625 0.35232549999999996 0.8867800515625 0.482082159375 1 0.47482077812499995 1 0.344336634375
9 0.7545573421875 0.17467711875 0.7451836703125 0.06744817656249999 0.529484453125 0.0812820828125 0.538858125 0.188511025 0.7545573421875 0.17467711875
9 0.92132143125 0.159672778125 0.9087732578125 0.016129540625 0.7446461046875 0.0266558640625 0.757194278125 0.1701991015625 0.92132143125 0.159672778125
9 1 0.6235638703124999 0.8337582781249999 0.6342258109375 0.8443455640625 0.755337740625 1 0.7453548156250001 1 0.6235638703124999
1 1 0.7446223046875 0.724536825 0.76228918125 0.7420059421875 0.962124934375 1 0.9455784421875 1 0.7446223046875
6 0.8743173078125 0.47592259375 0.8628226203124999 0.344430559375 0.5524679609375001 0.36433520937499997 0.56396265 0.49582724218749996 0.8743173078125 0.47592259375
1 0.94582130625 0.3442350109375 0.9297512187500001 0.1604032578125 0.5328345453125001 0.18585957656250002 0.548904634375 0.36969133125 0.94582130625 0.3442350109375