5 0.300673228125 0.3044280328125 0.40632366875 0.29271624687500003 0.39362612812500003 0.1568677578125 0.2879756875 0.16857954375 0.300673228125 0.3044280328125
2 0.64666100625 0.4710593 0.7965904203124999 0.454439009375 0.8148547703125001 0.6716682359374999 0.9195009875 0.6600677734375 0.8680374484375 0.1203247546875 0.6174890625 0.148099071875 0.64666100625 0.4710593
7 0.332196959375 0.755507090625 0.5156487750000001 0.7351707015625 0.48234742500000005 0.37888607812499997 0.2988956078125 0.3992224671875 0.332196959375 0.755507090625
0 0.403191878125 0.900903834375 0.50884231875 0.8891920499999999 0.49548479375000004 0.7462824890624999 0.38983435312500003 0.7579942749999999 0.403191878125 0.900903834375
0 0.88760256875 0.313421153125 0.9882526015625 0.3022636828125 0.974896771875 0.1593722765625 0.8742467390625001 0.1705297453125 0.88760256875 0.313421153125
7 0.4554436 0.3458671859375 0.5887671046875 0.331087728125 0.5759881265625 0.194367953125 0.4426646234375 0.2091474109375 0.4554436 0.3458671859375
10 0.5333553125 0.9396054703125 0.658758915625 0.9257039640625001 0.64612585 0.790545246875 0.5207222453125 0.8044467515625 0.5333553125 0.9396054703125
9 0.8148646734374999 0.669759784375 0.9184963125 0.6582717921875 0.89905299375 0.4502515265625 0.795421353125 0.4617395203125 0.8148646734374999 0.669759784375
9 0.834071825 0.8304892031250001 0.9727994953125 0.8151106718750001 0.958004928125 0.6568264890625 0.81927725625 0.672205021875 0.834071825 0.8304892031250001
9 0.2753262875 0.9895200515625 0.3923751734375 0.9765447015625 0.3718256546875 0.7566894265624999 0.2547767703125 0.7696647765625 0.2753262875 0.9895200515625
1 0.2760543953125 0.9897000390624999 0.244686834375 0.6541046296874999 0.0515551390625 0.6755140734375 0.081661946875 0.997620925 0.2760543953125 0.9897000390624999
6 0.5263412875 0.7922697000000001 0.653422046875 0.7781822765624999 0.6254464015625001 0.47887632656249995 0.49836564218749996 0.4929637515625 0.5263412875 0.7922697000000001
1 0.6559355046875 0.8583425984374999 0.8336001 0.838647746875 0.7978216781249999 0.4558614125 0.6201570828125 0.47555626406249996 0.6559355046875 0.8583425984374999