5 0.7767614984375 0.70312375625 0.786317775 0.5938059421874999 0.645454515625 0.5847716515625 0.6358982390625 0.6940894671875 0.7767614984375 0.70312375625
2 0.7899631265625 0.3626520203125 0.8126256875 0.10340650468749998 0.2529337640625 0.0664656578125 0.243468321875 0.17474439375 0.46866699218749996 0.1870869625 0.455105603125 0.3422207796875 0.7899631265625 0.3626520203125
7 0.53786241875 0.6987572921874999 0.5544559734375001 0.508937428125 0.1850193046875 0.48524354374999995 0.1684257515625 0.6750634062499999 0.53786241875 0.6987572921874999
0 0.164455075 0.6156906921874999 0.17401135 0.506372878125 0.025826365624999997 0.49686900781250004 0.0162700890625 0.6061868234375 0.164455075 0.6156906921874999
0 0.6201446875000001 0 0.6123644765625 0.08900074218750001 0.7605306390625 0.098503403125 0.7689322953125 0.0023937093749999997 0.731609421875 0 0.6201446875000001 0
7 0.7310378625 0.5447909281250001 0.7430972171875 0.40683945 0.60133050625 0.3977472171875 0.5892711515625 0.5356986953125 0.7310378625 0.5447909281250001
10 0 0.47482077812499995 0.11321994843750001 0.482082159375 0.12456293437499999 0.35232549999999996 0 0.344336634375 0 0.47482077812499995
9 0.46114187500000003 0.188511025 0.470515546875 0.0812820828125 0.2548163296875 0.06744817656249999 0.24544265781250002 0.17467711875 0.46114187500000003 0.188511025
9 0.242805721875 0.1701991015625 0.25535389531249997 0.0266558640625 0.0912267421875 0.016129540625 0.07867856875 0.159672778125 0.242805721875 0.1701991015625
9 0 0.7453548156250001 0.1556544359375 0.755337740625 0.166241721875 0.6342258109375 0 0.6235638703124999 0 0.7453548156250001
1 0 0.9455784421875 0.2579940578125 0.962124934375 0.275463175 0.76228918125 0 0.7446223046875 0 0.9455784421875
6 0.43603735 0.49582724218749996 0.4475320390625 0.36433520937499997 0.1371773796875 0.344430559375 0.1256826921875 0.47592259375 0.43603735 0.49582724218749996
1 0.45109536562499997 0.36969133125 0.4671654546875 0.18585957656250002 0.07024878125 0.1604032578125 0.05417869374999999 0.3442350109375 0.45109536562499997 0.36969133125