2 0.9817591328124999 0.0689142296875 0.521830465625 0.015183715625 0.26539527500000004 0.007722214062500001 0.239157784375 0.24399678125 0.9530555125 0.327396871875 0.9817591328124999 0.0689142296875
4 0.275680790625 0.0080214921875 0.26443556875 0.10928726562499999 0.495110928125 0.1362355875 0.508596090625 0.014798634375 0.275680790625 0.0080214921875
9 0.437313059375 0.7828936375 0.1914370453125 0.7541695203125001 0.1779041828125 0.8760360296874999 0.423780196875 0.9047601468750001 0.437313059375 0.7828936375
9 0.5087093859375 0.139953446875 0.2628333734375 0.11122932968749999 0.2493005109375 0.23309584062500002 0.4951765234375 0.2618199578125 0.5087093859375 0.139953446875
9 0.49237686875 0.2763854671875 0.24650085625 0.24766135 0.2329679921875 0.36952785781249997 0.4788440078125 0.398251975 0.49237686875 0.2763854671875
1 0.78332179375 1 0.8030169765625 0.8226403828125 0.4253202984375 0.7785165046875 0.40072530625 1 0.78332179375 1
7 0.8589386171875001 0.556025865625 0.5735697140625 0.5226880484375 0.5438011296874999 0.7907609296875 0.82917003125 0.824098746875 0.8589386171875001 0.556025865625
5 0 0.771220275 0.0618800703125 0.7784493265625 0.07888500468750001 0.6253160078125 0 0.616100378125 0 0.771220275
4 0.40920507187500005 1 0.41969309375 0.9055529609375 0.16874539375 0.8762363531249999 0.15731725937500002 0.9791492999999999 0.3357975015625 1 0.40920507187500005 1
0 0.7928074656249999 0.8982817437499999 0.9472778265624999 0.916327525 0.9860329531250001 0.567328784375 0.8315625921875001 0.549283003125 0.7928074656249999 0.8982817437499999
1 0.95169734375 0.327141421875 0.6038832796875 0.28650853593750003 0.5778228390625 0.5211887515625 0.9256369015624999 0.5618216375 0.95169734375 0.327141421875
6 0 0.604099215625 0.20426967812500002 0.6279627296875 0.239523553125 0.3104935453125 0.010461915625 0.28373374375 0 0.3779456765625 0 0.604099215625
3 0.43365941875 0.47643709687499997 0.26890159687500004 0.45718949843749995 0.2501990859375 0.625609875 0.41495690625000003 0.644857475 0.43365941875 0.47643709687499997