2 0.2342638890625 0.26286536250000003 0.9224305562499999 0.26286536250000003 0.9224305562499999 0.00497123125 0.2342638890625 0.00497123125 0.2342638890625 0.26286536250000003
4 0.2440833328125 0.13192174843749999 0.46644444375000005 0.13192174843749999 0.46644444375000005 0.006409665625 0.2440833328125 0.006409665625 0.2440833328125 0.13192174843749999
9 0.2427638890625 0.8708630609375 0.479777778125 0.8708630609375 0.479777778125 0.7534407359374999 0.2427638890625 0.7534407359374999 0.2427638890625 0.8708630609375
9 0.2427638890625 0.25136939062499997 0.479777778125 0.25136939062499997 0.479777778125 0.133947065625 0.2427638890625 0.133947065625 0.2427638890625 0.25136939062499997
9 0.2416388890625 0.382957421875 0.478652778125 0.382957421875 0.478652778125 0.2655350984375 0.2416388890625 0.2655350984375 0.2416388890625 0.382957421875
1 0.46790277812500003 0.9975949359375 0.8319861109375 0.9975949359375 0.8319861109375 0.750609896875 0.46790277812500003 0.750609896875 0.46790277812500003 0.9975949359375
7 0.58194444375 0.749090909375 0.8570277781250001 0.749090909375 0.8570277781250001 0.49079401562499997 0.58194444375 0.49079401562499997 0.58194444375 0.749090909375
5 0.0182916671875 0.79093210625 0.12204166718750001 0.79093210625 0.12204166718750001 0.6433831984375 0.0182916671875 0.6433831984375 0.0182916671875 0.79093210625
4 0.23406944375 0.9998158796875 0.47597222187500005 0.9998158796875 0.47597222187500005 0.8720713468750001 0.23406944375 0.8720713468750001 0.23406944375 0.9998158796875
0 0.8302638890624999 0.8236939015625 0.9939861109375 0.8236939015625 0.9939861109375 0.487422325 0.8302638890624999 0.487422325 0.8302638890624999 0.8236939015625
1 0.5858333328125 0.48889528125000004 0.9211111109375001 0.48889528125000004 0.9211111109375001 0.262773303125 0.5858333328125 0.262773303125 0.5858333328125 0.48889528125000004
6 0 0.6319677796875001 0.2416388890625 0.6319677796875001 0.2416388890625 0.32607595 0 0.32607595 0 0.6319677796875001
3 0.285097221875 0.62462600625 0.4439166671875 0.62462600625 0.4439166671875 0.4623475265625 0.285097221875 0.4623475265625 0.285097221875 0.62462600625