2 0.7657361109374999 0.00497123125 0.07756944375 0.00497123125 0.07756944375 0.26286536250000003 0.7657361109374999 0.26286536250000003 0.7657361109374999 0.00497123125
4 0.7559166671875001 0.006409665625 0.53355555625 0.006409665625 0.53355555625 0.13192174843749999 0.7559166671875001 0.13192174843749999 0.7559166671875001 0.006409665625
9 0.7572361109375 0.7534407359374999 0.520222221875 0.7534407359374999 0.520222221875 0.8708630609375 0.7572361109375 0.8708630609375 0.7572361109375 0.7534407359374999
9 0.7572361109375 0.133947065625 0.520222221875 0.133947065625 0.520222221875 0.25136939062499997 0.7572361109375 0.25136939062499997 0.7572361109375 0.133947065625
9 0.7583611109375 0.2655350984375 0.5213472218749999 0.2655350984375 0.5213472218749999 0.382957421875 0.7583611109375 0.382957421875 0.7583611109375 0.2655350984375
1 0.532097221875 0.750609896875 0.1680138890625 0.750609896875 0.1680138890625 0.9975949359375 0.532097221875 0.9975949359375 0.532097221875 0.750609896875
7 0.41805555625 0.49079401562499997 0.142972221875 0.49079401562499997 0.142972221875 0.749090909375 0.41805555625 0.749090909375 0.41805555625 0.49079401562499997
5 0.9817083328124999 0.6433831984375 0.8779583328125 0.6433831984375 0.8779583328125 0.79093210625 0.9817083328124999 0.79093210625 0.9817083328124999 0.6433831984375
4 0.7659305562500001 0.8720713468750001 0.524027778125 0.8720713468750001 0.524027778125 0.9998158796875 0.7659305562500001 0.9998158796875 0.7659305562500001 0.8720713468750001
0 0.16973611093750002 0.487422325 0.0060138890625 0.487422325 0.0060138890625 0.8236939015625 0.16973611093750002 0.8236939015625 0.16973611093750002 0.487422325
1 0.4141666671875 0.262773303125 0.0788888890625 0.262773303125 0.0788888890625 0.48889528125000004 0.4141666671875 0.48889528125000004 0.4141666671875 0.262773303125
6 1 0.32607595 0.7583611109375 0.32607595 0.7583611109375 0.6319677796875001 1 0.6319677796875001 1 0.32607595
3 0.714902778125 0.4623475265625 0.5560833328125 0.4623475265625 0.5560833328125 0.62462600625 0.714902778125 0.62462600625 0.714902778125 0.4623475265625