2 0.0469444875 0.327396871875 0.760842215625 0.24399678125 0.734604725 0.007722214062500001 0.478169534375 0.015183715625 0.018240867187500003 0.0689142296875 0.0469444875 0.327396871875
4 0.49140390937499995 0.014798634375 0.504889071875 0.1362355875 0.73556443125 0.10928726562499999 0.724319209375 0.0080214921875 0.49140390937499995 0.014798634375
9 0.576219803125 0.9047601468750001 0.8220958171875001 0.8760360296874999 0.8085629546875 0.7541695203125001 0.562686940625 0.7828936375 0.576219803125 0.9047601468750001
9 0.5048234765624999 0.2618199578125 0.7506994890625001 0.23309584062500002 0.7371666265625 0.11122932968749999 0.4912906140625 0.139953446875 0.5048234765624999 0.2618199578125
9 0.5211559921875 0.398251975 0.7670320078125 0.36952785781249997 0.75349914375 0.24766135 0.50762313125 0.2763854671875 0.5211559921875 0.398251975
1 0.59927469375 1 0.5746797015625 0.7785165046875 0.19698302343750002 0.8226403828125 0.21667820624999998 1 0.59927469375 1
7 0.17082996875 0.824098746875 0.45619887031250006 0.7907609296875 0.42643028593750004 0.5226880484375 0.1410613828125 0.556025865625 0.17082996875 0.824098746875
5 1 0.616100378125 0.9211149953125 0.6253160078125 0.9381199296875 0.7784493265625 1 0.771220275 1 0.616100378125
4 0.6642024984375 1 0.842682740625 0.9791492999999999 0.8312546062499999 0.8762363531249999 0.5803069062499999 0.9055529609375 0.590794928125 1 0.6642024984375 1
0 0.1684374078125 0.549283003125 0.013967046875 0.567328784375 0.0527221734375 0.916327525 0.207192534375 0.8982817437499999 0.1684374078125 0.549283003125
1 0.0743630984375 0.5618216375 0.42217716093749996 0.5211887515625 0.3961167203125 0.28650853593750003 0.04830265625 0.327141421875 0.0743630984375 0.5618216375
6 1 0.3779456765625 0.9895380843750001 0.28373374375 0.760476446875 0.3104935453125 0.795730321875 0.6279627296875 1 0.604099215625 1 0.3779456765625
3 0.58504309375 0.644857475 0.7498009140625 0.625609875 0.7310984031250001 0.45718949843749995 0.56634058125 0.47643709687499997 0.58504309375 0.644857475