7 0.47968566562500004 1 0.5349428234375 0.589217134375 0.3161760328125 0.56104295 0.26018478125 0.9772830828125001 0.43657699218749996 1 0.47968566562500004 1
0 0 0.7356029171875 0.07562591874999999 0.74534250625 0.10383933593750001 0.5356033734375 0 0.5222302796875 0 0.7356029171875
7 0.5319214296875 0.8639350203125 0.6361765296875 0.8773616578125001 0.6651239203125 0.6621661453125001 0.5608688203125001 0.6487395078125 0.5319214296875 0.8639350203125
6 0.706894690625 0.6727852921874999 0.87496649375 0.694430653125 0.9166606828124999 0.384475175 0.7485888796875 0.3628298125 0.706894690625 0.6727852921874999
10 0.980466725 0.6357132187500001 0.993826128125 0.5363991390625 0.9955404578125 0.3890699421875 0.9107328546875 0.37814787656250004 0.8778635046875 0.6224993203125 0.980466725 0.6357132187500001
1 0.0498354421875 0.8866039625000001 0.26593309375 0.9144343984375001 0.3135162265625 0.5607004015625 0.097418575 0.5328699640625 0.0498354421875 0.8866039625000001
9 0.23212152968750002 0.45962658437500004 0.34416939687500003 0.474056825 0.3802250203125 0.206018575 0.2681771515625 0.191588334375 0.23212152968750002 0.45962658437500004
9 0.34356880156249997 0.468428571875 0.5169695515625 0.490760228125 0.5373390484375 0.33933295937499997 0.36393829843750003 0.31700130312499997 0.34356880156249997 0.468428571875
1 0.9314640671875001 1 0.971928271875 0.6991882453125 0.7025878203125 0.6645008609375 0.6616155984375001 0.9690892015625 0.901631634375 1 0.9314640671875001 1
2 0 0.5185028421875 0.22337991875 0.5489623781249999 0.2344987375 0.4557176796875 0.34541038749999997 0.4719599703125 0.3816634203125 0.20231300000000002 0.036207401562500005 0.1596461421875 0 0.42881272187499997 0 0.5185028421875
5 0.5171901140624999 0.46702868437499995 0.6826114421875 0.4883327015625 0.6999798765625 0.35921539375 0.5345585484375001 0.337911378125 0.5171901140624999 0.46702868437499995