7 0.5634230078125 1 0.73981521875 0.9772830828125001 0.6838239671874999 0.56104295 0.4650571765625 0.589217134375 0.520314334375 1 0.5634230078125 1
0 1 0.5222302796875 0.8961606640625 0.5356033734375 0.9243740812500001 0.74534250625 1 0.7356029171875 1 0.5222302796875
7 0.4391311796875 0.6487395078125 0.3348760796875 0.6621661453125001 0.3638234703125 0.8773616578125001 0.4680785703125 0.8639350203125 0.4391311796875 0.6487395078125
6 0.2514111203125 0.3628298125 0.0833393171875 0.384475175 0.12503350625 0.694430653125 0.293105309375 0.6727852921874999 0.2514111203125 0.3628298125
10 0.1221364953125 0.6224993203125 0.08926714531249999 0.37814787656250004 0.0044595421875 0.3890699421875 0.006173871875 0.5363991390625 0.019533275 0.6357132187500001 0.1221364953125 0.6224993203125
1 0.9025814249999999 0.5328699640625 0.6864837734375 0.5607004015625 0.73406690625 0.9144343984375001 0.9501645578125 0.8866039625000001 0.9025814249999999 0.5328699640625
9 0.7318228484375 0.191588334375 0.6197749796875 0.206018575 0.655830603125 0.474056825 0.7678784703125 0.45962658437500004 0.7318228484375 0.191588334375
9 0.6360617015625001 0.31700130312499997 0.4626609515625 0.33933295937499997 0.4830304484375 0.490760228125 0.6564311984375 0.468428571875 0.6360617015625001 0.31700130312499997
1 0.098368365625 1 0.3383844015625 0.9690892015625 0.2974121796875 0.6645008609375 0.028071728125 0.6991882453125 0.0685359328125 1 0.098368365625 1
2 1 0.42881272187499997 0.9637925984375 0.1596461421875 0.6183365796875 0.20231300000000002 0.6545896124999999 0.4719599703125 0.7655012625000001 0.4557176796875 0.77662008125 0.5489623781249999 1 0.5185028421875 1 0.42881272187499997
5 0.46544145156249994 0.337911378125 0.3000201234375 0.35921539375 0.3173885578125 0.4883327015625 0.4828098859375 0.46702868437499995 0.46544145156249994 0.337911378125