7 0.535482759375 0.011260306250000001 0.333405171875 0.011260306250000001 0.333405171875 0.422261484375 0.535482759375 0.422261484375 0.535482759375 0.011260306250000001
0 0.1375 0.22674911718750002 0.005655171875 0.22674911718750002 0.005655171875 0.42053003593750005 0.1375 0.42053003593750005 0.1375 0.22674911718750002
7 0.662594828125 0.1724146046875 0.566293103125 0.1724146046875 0.566293103125 0.3712367484375 0.662594828125 0.3712367484375 0.662594828125 0.1724146046875
6 0.857068965625 0.366478209375 0.701818965625 0.366478209375 0.701818965625 0.6528504125000001 0.857068965625 0.6528504125000001 0.857068965625 0.366478209375
10 0.964267240625 0.43214369843749995 0.85091379375 0.43214369843749995 0.85091379375 0.657903415625 0.964267240625 0.657903415625 0.964267240625 0.43214369843749995
1 0.3309482765625 0.09544169687500001 0.13133620625 0.09544169687500001 0.13133620625 0.422261484375 0.3309482765625 0.422261484375 0.3309482765625 0.09544169687500001
9 0.3481982765625 0.504534746875 0.2446982765625 0.504534746875 0.2446982765625 0.752179034375 0.3481982765625 0.752179034375 0.3481982765625 0.504534746875
9 0.5071379312500001 0.509575971875 0.3469655171875 0.509575971875 0.3469655171875 0.64948174375 0.5071379312500001 0.64948174375 0.5071379312500001 0.509575971875
1 0.9581379312499999 0.09208480625 0.6968965515625001 0.09208480625 0.6968965515625001 0.3734982328125 0.9581379312499999 0.3734982328125 0.9581379312499999 0.09208480625
2 0.3490517234375 0.755712603125 0.349068965625 0.5065842171875 0.2463793109375 0.5083627796875 0.2476724140625 0.42237927031250005 0.01008620625 0.42414605468750005 0.008793103125 0.75394581875 0.3490517234375 0.755712603125
5 0.6572413796875 0.5311542984375001 0.5044396546875001 0.5311542984375001 0.5044396546875001 0.6504475859375 0.6572413796875 0.6504475859375 0.6572413796875 0.5311542984375001