3 0.5287159546875 0.5759922656249999 0.49825767499999996 0.40837797499999995 0.28074038125 0.44424881406249994 0.31119866093750004 0.6118631031249999 0.5287159546875 0.5759922656249999
5 0.8747680796875 0.585588815625 0.993752953125 0.5659669875 0.9947421859375 0.48095250468749995 0.9870973921875 0.43888261249999994 0.852153009375 0.4611363296875 0.8747680796875 0.585588815625
7 0.690831040625 0.6123120453124999 0.9937950375 0.5623501656250001 0.9947421859375 0.48095250468749995 0.95755588125 0.2763133671875 0.6393113500000001 0.32879516249999996 0.690831040625 0.6123120453124999
0 0.27613445937500003 0.6865330421875 0.22057305624999998 0.380774309375 0.0511772796875 0.4087094140625 0.10673868281250001 0.7144681484375 0.27613445937500003 0.6865330421875
1 0.525696878125 0.015296217187499999 0.5841145984375 0.3367734890625 0.9573575406250001 0.2752218890625 0.9121681921875 0.026541384374999998 0.525696878125 0.015296217187499999
1 0 0.4380089296875 0.39184205625 0.37339014531250003 0.341203871875 0.094724265625 0 0.15099229218750002 0 0.4380089296875
9 0.6068787484375 0.33629207031249997 0.5559474640625 0.056013231249999997 0.320710878125 0.0948061625 0.3716421640625 0.37508500312500004 0.6068787484375 0.33629207031249997
9 0.7752171078125001 0.9088330515624999 0.7187874187500001 0.5982960796875 0.45726470625 0.641423865625 0.51369439375 0.9519608375 0.7752171078125001 0.9088330515624999
2 0.212542865625 1 0.5125712984375 0.9505222265625 0.45672120156249996 0.6431747875 0.0238617890625 0.71455775625 0.07573135 1 0.212542865625 1
10 0.9900607859375 0.88327095625 0.7538677875 0.9222216109374999 0.7640800484375 0.9784204843750001 0.9893859624999999 0.9412652203125 0.9900607859375 0.88327095625
6 0.9939044015625 0.5529514421874999 0.7044858828125 0.6006795328125001 0.7640978109375001 0.9287286265624999 0.98996525625 0.8914807625 0.9939044015625 0.5529514421874999