3 0.5976248609375 0.4791384609375 0.44422863437500004 0.4791384609375 0.44422863437500004 0.6791384609375 0.5976248609375 0.6791384609375 0.5976248609375 0.4791384609375
5 0.38499445 0 0.38499445 0.17176923125000002 0.498890121875 0.17176923125000002 0.498890121875 0 0.38499445 0
7 0.3882019984375 0 0.3882019984375 0.3403076921875 0.64766925625 0.3403076921875 0.64766925625 0 0.3882019984375 0
0 0.6628412875 0.722553846875 0.3830188671875 0.722553846875 0.3830188671875 0.8783076921875 0.6628412875 0.8783076921875 0.6628412875 0.722553846875
1 0.999911209375 0.000784615625 0.648668146875 0.000784615625 0.648668146875 0.39087692343749997 0.999911209375 0.39087692343749997 0.999911209375 0.000784615625
1 0.8993340734374999 0.5684615390625 0.6443063265625 0.5684615390625 0.6443063265625 0.9928923078125 0.8993340734374999 0.9928923078125 0.8993340734374999 0.5684615390625
9 0.9022641515625001 0.3704769234375 0.645760265625 0.3704769234375 0.645760265625 0.58676923125 0.9022641515625001 0.58676923125 0.9022641515625001 0.3704769234375
9 0.396559378125 0.31307692343750004 0.11236404062500001 0.31307692343750004 0.11236404062500001 0.5535384609375 0.396559378125 0.5535384609375 0.396559378125 0.31307692343750004
2 0.395083240625 1 0.395083240625 0.5543076921875 0.11380688125 0.5543076921875 0.11380688125 1 0.395083240625 1
10 0.1035960046875 0.0048153843750000005 0.0059489453125000005 0.0048153843750000005 0.0059489453125000005 0.3343076921875 0.1035960046875 0.3343076921875 0.1035960046875 0.0048153843750000005
6 0.39653718125 0.0028 0.0963152046875 0.0028 0.0963152046875 0.32623076875 0.39653718125 0.32623076875 0.39653718125 0.0028