3 0.4023751390625 0.6791384609375 0.555771365625 0.6791384609375 0.555771365625 0.4791384609375 0.4023751390625 0.4791384609375 0.4023751390625 0.6791384609375
5 0.5011098781250001 0 0.5011098781250001 0.17176923125000002 0.61500555 0.17176923125000002 0.61500555 0 0.5011098781250001 0
7 0.35233074375 0 0.35233074375 0.3403076921875 0.6117980015625 0.3403076921875 0.6117980015625 0 0.35233074375 0
0 0.3371587125 0.8783076921875 0.6169811328125 0.8783076921875 0.6169811328125 0.722553846875 0.3371587125 0.722553846875 0.3371587125 0.8783076921875
1 0.000088790625 0.39087692343749997 0.351331853125 0.39087692343749997 0.351331853125 0.000784615625 0.000088790625 0.000784615625 0.000088790625 0.39087692343749997
1 0.1006659265625 0.9928923078125 0.35569367343749997 0.9928923078125 0.35569367343749997 0.5684615390625 0.1006659265625 0.5684615390625 0.1006659265625 0.9928923078125
9 0.0977358484375 0.58676923125 0.354239734375 0.58676923125 0.354239734375 0.3704769234375 0.0977358484375 0.3704769234375 0.0977358484375 0.58676923125
9 0.603440621875 0.5535384609375 0.887635959375 0.5535384609375 0.887635959375 0.31307692343750004 0.603440621875 0.31307692343750004 0.603440621875 0.5535384609375
2 0.88619311875 1 0.88619311875 0.5543076921875 0.604916759375 0.5543076921875 0.604916759375 1 0.88619311875 1
10 0.8964039953125 0.3343076921875 0.9940510546875 0.3343076921875 0.9940510546875 0.0048153843750000005 0.8964039953125 0.0048153843750000005 0.8964039953125 0.3343076921875
6 0.60346281875 0.32623076875 0.9036847953124999 0.32623076875 0.9036847953124999 0.0028 0.60346281875 0.0028 0.60346281875 0.32623076875