3 0.28675977656249996 0.4581255765625 0.2730213640625 0.6151242921875 0.4782160421875 0.634276128125 0.4919544546875 0.4772774109375 0.28675977656249996 0.4581255765625
5 0.9723285140625 0.5785152328125001 0.9733387203125 0.5669708796874999 0.9788608515625 0.4616023546875 0.8126122171875 0.446085546875 0.8024115374999999 0.5626560406250001 0.9723285140625 0.5785152328125001
7 0.9590036156249999 0.7307884265625 0.9733387203125 0.5669708984375 0.9786882421875 0.46489593124999995 0.6394089671875001 0.4332293171875 0.6161706625 0.6987901296875 0.9590036156249999 0.7307884265625
0 0.0878994921875 0.376406025 0.06283814531250001 0.662800034375 0.222637446875 0.6777148937499999 0.24769879218750002 0.39132088593750003 0.0878994921875 0.376406025
1 0.935445846875 1 0.9589141546875 0.7318107734375 0.5641985140625 0.694970009375 0.5375063984375 1 0.935445846875 1
1 0 0.9009587218749999 0.3595513796875 0.9345174328124999 0.3823920765625 0.6735003953125 0 0.6378098484375 0 0.9009587218749999
9 0.363478653125 0.6732353515625 0.34050575312500003 0.9357631921875 0.56241590625 0.9564751656249999 0.5853888046875 0.693947325 0.363478653125 0.6732353515625
9 0.44534436250000003 0.1304945421875 0.4198913703125 0.4213641671875 0.6665985109375 0.444390565625 0.692051503125 0.153520940625 0.44534436250000003 0.1304945421875
2 0 0.3806504828125 0.41923436406250003 0.41977970156250005 0.4444259265625 0.13189760781249998 0.009255367187499999 0.0912809828125 0 0.1970487171875 0 0.3806504828125
10 0.9991009125 0.0753989796875 0.67953758125 0.0455725515625 0.6710545765625 0.1425139484375 0.9940038671875 0.17265640468750001 0.9991009125 0.0753989796875
6 0.994395671875 0.165180325 0.679993365625 0.1358356 0.6531050031250001 0.44310824687499994 0.978239696875 0.473454678125 0.994395671875 0.165180325