9 0.72145783125 0.530557528125 0.64893896875 0.5136894437499999 0.6210129453125 0.6186938109375 0.69353180625 0.6355618953125 0.72145783125 0.530557528125
1 0.6517912046875 0.5035635359375 0.5733738578125 0.4853234484375 0.540942775 0.6072672390625 0.619360121875 0.625507328125 0.6517912046875 0.5035635359375
3 0.5081535749999999 0.705509871875 0.3339358515625 0.6649863546875 0.306878821875 0.7667232187499999 0.4810965484375 0.8072467375000001 0.5081535749999999 0.705509871875
7 0.5735646812499999 0.48515478593749994 0.376902725 0.4394106765625 0.3328964625 0.604878184375 0.5295584203125 0.6506222937499999 0.5735646812499999 0.48515478593749994
9 0.3122254625 0.070281290625 0.21312593125 0.04723046875 0.1676294203125 0.2183014546875 0.26672894999999996 0.24135227656249997 0.3122254625 0.070281290625
6 0.6904787359375 0.63701265625 0.5487026734375 0.6040351562499999 0.4820377234375 0.8547013734375 0.6238137859374999 0.887678875 0.6904787359375 0.63701265625
7 0.6114525765625001 0.2477909953125 0.3854856515625 0.195230471875 0.331432578125 0.39847489999999997 0.5573995046875 0.451035425 0.6114525765625001 0.2477909953125
1 0.3606790796875 0.5131863765625 0.0991213 0.45234732343750006 0.036061921875 0.68945626875 0.2976197015625 0.7502953234375 0.3606790796875 0.5131863765625
1 0.37056843437500003 0.2636947203125 0.1621844890625 0.21522404375 0.09686877187500001 0.4608170359375 0.305252715625 0.509287709375 0.37056843437500003 0.2636947203125
9 0.9640073203125 0.1787301515625 0.8678695281250001 0.1563682390625 0.7926480171875 0.4392079 0.888785809375 0.46156981249999995 0.9640073203125 0.1787301515625
9 0.2875967140625 0.7407811984375 0.037860896875 0.6826919640625 0.0090353859375 0.7910784859375 0.258771203125 0.8491677187500001 0.2875967140625 0.7407811984375
0 0.6459051031249999 0.1011321140625 0.4242245765625 0.04956861875 0.38593539374999997 0.19353939375 0.607615921875 0.2451028890625 0.6459051031249999 0.1011321140625
0 0.5026733546875 0.8519533031250001 0.2824799453125 0.800735715625 0.2518516484375 0.9159008703125 0.4720450578125 0.9671184578125 0.5026733546875 0.8519533031250001
10 0.78926498125 0.54094259375 0.7123222578124999 0.52304550625 0.615913253125 0.8855520531250001 0.6928559765625 0.903449140625 0.78926498125 0.54094259375
2 0.9621137718749999 0.181409334375 0.8702438015625 0.158168353125 0.861325159375 0.1917032546875 0.638605134375 0.1380109734375 0.5814066359375001 0.3777310265625 0.889354415625 0.45499106874999995 0.9621137718749999 0.181409334375
5 0.8665554359375 0.460933840625 0.6803033046875 0.4176110859375 0.6582430031250001 0.50055980625 0.8444951359375 0.5438825609375 0.8665554359375 0.460933840625