9 0.33377500000000004 0.45511395937500004 0.2612375 0.45511395937500004 0.2612375 0.5594871796875001 0.33377500000000004 0.5594871796875001 0.33377500000000004 0.45511395937500004
1 0.41206250000000005 0.4450142453125 0.333625 0.4450142453125 0.333625 0.566225071875 0.41206250000000005 0.566225071875 0.41206250000000005 0.4450142453125
3 0.5926 0.6653276359375 0.4183375 0.6653276359375 0.4183375 0.7664529921875001 0.5926 0.7664529921875001 0.5926 0.6653276359375
7 0.6086375 0.4448148140625 0.411925 0.4448148140625 0.411925 0.60928775 0.6086375 0.60928775 0.6086375 0.4448148140625
9 0.8611625 0.11336182343750001 0.7620375 0.11336182343750001 0.7620375 0.2834045578125 0.8611625 0.2834045578125 0.8611625 0.11336182343750001
6 0.4055625 0.561509971875 0.26375000000000004 0.561509971875 0.26375000000000004 0.810669515625 0.4055625 0.810669515625 0.4055625 0.561509971875
7 0.661725 0.21437321874999998 0.43570000000000003 0.21437321874999998 0.43570000000000003 0.4163960109375 0.661725 0.4163960109375 0.661725 0.21437321874999998
1 0.8670625 0.5174074078124999 0.6054375000000001 0.5174074078124999 0.6054375000000001 0.7530911687499999 0.8670625 0.7530911687499999 0.8670625 0.5174074078124999
1 0.8670625 0.2817094015625 0.658625 0.2817094015625 0.658625 0.5258262109375 0.8670625 0.5258262109375 0.8670625 0.2817094015625
9 0.2170625 0.07296296249999999 0.12090000000000001 0.07296296249999999 0.12090000000000001 0.3541025640625 0.2170625 0.3541025640625 0.2170625 0.07296296249999999
9 0.8670625 0.746367521875 0.6172625 0.746367521875 0.6172625 0.8541025640625 0.8670625 0.8541025640625 0.8670625 0.746367521875
0 0.661725 0.0695868953125 0.4399875 0.0695868953125 0.4399875 0.21269230781249998 0.661725 0.21269230781249998 0.661725 0.0695868953125
0 0.6070625 0.8036039890625 0.3868125 0.8036039890625 0.3868125 0.9180769234374999 0.6070625 0.9180769234374999 0.6070625 0.8036039890625
10 0.271725 0.450071225 0.1947625 0.450071225 0.1947625 0.8103988609374999 0.271725 0.8103988609374999 0.271725 0.450071225
2 0.437625 0.10569800625 0.21437499999999998 0.10746438750000001 0.21437499999999998 0.0741310546875 0.1220125 0.075883190625 0.1220125 0.3478205125 0.43145 0.3425498578125 0.437625 0.10569800625
5 0.3283 0.358347578125 0.142 0.358347578125 0.142 0.44079772031250003 0.3283 0.44079772031250003 0.3283 0.358347578125