9 0.5123656203125 0.21142948281249999 0.5100718125 0.2903587296875 0.6234755859375001 0.2910192984375 0.6257693953125 0.2120900515625 0.5123656203125 0.21142948281249999
1 0.4991029953125 0.2901315921875 0.4966226140625 0.3754807234375 0.6283208140625 0.37624785625 0.6308011953125 0.290898725 0.4991029953125 0.2901315921875
3 0.735799478125 0.3837029984375 0.73028888125 0.5733208890625 0.8401637828125 0.5739609 0.8456743796874999 0.3843430109375 0.735799478125 0.3837029984375
7 0.49641027656250003 0.3753298453125 0.4901897578125 0.58937595 0.66889318125 0.590416884375 0.6751137 0.3763707796875 0.49641027656250003 0.3753298453125
9 0.12520799375 0.7541952765625 0.12207342343750001 0.8620548171875001 0.30682855625 0.8631310015625001 0.30996312656249997 0.7552714609375 0.12520799375 0.7541952765625
6 0.6278877515625 0.21483674531250002 0.6234033015625 0.36914525781249996 0.8941205703125 0.3707221671875 0.8986050203125 0.2164136546875 0.6278877515625 0.21483674531250002
7 0.24527864375 0.39974136875 0.23813119375 0.6456828890625 0.45763335468750005 0.646961471875 0.46478080468750005 0.40101995312499994 0.24527864375 0.39974136875
1 0.5691643828124999 0.586353409375 0.560891175 0.8710318718750001 0.8169667109375001 0.8725234921875 0.82523991875 0.58784503125 0.5691643828124999 0.586353409375
1 0.311391453125 0.642735890625 0.3048001609375 0.8695401609375001 0.5700383875 0.8710851546875 0.576629678125 0.644280884375 0.311391453125 0.642735890625
9 0.10158805 0.05630734375 0.0985471609375 0.160943340625 0.40401145781250003 0.162722646875 0.4070523453125 0.0580866515625 0.10158805 0.05630734375
9 0.8175605953125 0.6006694546875 0.8096613218750001 0.8724809406249999 0.9267177906249999 0.873162784375 0.9346170624999999 0.6013512984375 0.8175605953125 0.6006694546875
0 0.08782957031250001 0.40349033125 0.0808177015625 0.64476655 0.23630484687500003 0.64567225 0.243316715625 0.40439603125 0.08782957031250001 0.40349033125
0 1 0.3509332703125 0.8870366421875 0.3502752671875 0.8800718109375 0.5899329109375 1 0.590631484375 1 0.3509332703125
10 0.5089886765625 0.139065028125 0.506554940625 0.2228091890625 0.898058759375 0.22508966875 0.900492496875 0.14134550937499998 0.5089886765625 0.139065028125
2 0.1047257609375 0.0575363546875 0.099901303125 0.1580264203125 0.136118696875 0.15823738437499998 0.1271397859375 0.4011482 0.384679746875 0.39592809375 0.40019158125 0.05925742187500001 0.1047257609375 0.0575363546875
5 0.4109974140625 0.0810727734375 0.4051061625 0.283788865625 0.4946900375 0.28431068593750003 0.5005812890625 0.08159459375 0.4109974140625 0.0810727734375