7 0.7924166140625 0.2745167609375 0.8174984796875 0.0362189890625 0.5447040125 0.0043793515625 0.519622146875 0.24267712343749998 0.7924166140625 0.2745167609375
3 1 0.33414741875 0.8175176359374999 0.3128487015625 0.79870843125 0.49155116562499995 0.992458109375 0.514164965625 1 0.4425109796875 1 0.33414741875
1 0.6465385953125 0.9163394640625 0.6892151078125 0.5108785171875 0.3412064015625 0.47026013125 0.298529890625 0.875721078125 0.6465385953125 0.9163394640625
1 0.0576373671875 0.0054825046875 0.026729871875 0.29912840625000003 0.3659346609375 0.3387192296875 0.4012196546875 0.0034836015625 0.0576373671875 0.0054825046875
2 0.3563862625 0.4699406890625 0.012969985937500001 0.4298583140625 0.008193734375000001 0.47523651874999995 0.0145322578125 0.8383703578125001 0.3139293828125 0.8733149671874999 0.3563862625 0.4699406890625
9 0.2597818 0.313486615625 0.028065228125 0.28644145 0.01076269375 0.45082935312499994 0.2424792671875 0.4778745203125 0.2597818 0.313486615625
10 0.9598529921875001 1 0.9667502671875001 0.9344703765625001 0.634487028125 0.895689746875 0.623507925 1 0.9598529921875001 1
0 0.016449001562500003 0.9481804625000001 0.300439759375 0.9813268921875 0.31251287968749997 0.8666226140625 0.014418096875 0.8318300093750001 0.016449001562500003 0.9481804625000001
6 1 0.549264571875 0.6803397015625 0.5119549140624999 0.6389765828125 0.9049375718749999 0.965843190625 0.9430883265625001 1 0.6185713609375 1 0.549264571875
5 1 0.05751994218749999 0.9502979593750001 0.051718890625 0.9375659453124999 0.17268318124999998 1 0.17997027031249999 1 0.05751994218749999
9 0.498445215625 0.3583888953125 0.5358154421875 0.0033419093749999995 0.5305813046875001 0.0027309984375 0.38392049687499996 0.0035842453125 0.348418840625 0.3408783296875 0.498445215625 0.3583888953125