7 0.27403904687499997 0.2380135453125 0.0183657984375 0.23652668437500002 0.019903765625 0.5007733484375 0.2755770140625 0.50226020625 0.27403904687499997 0.2380135453125
3 0.4802404 0.023661140625 0.30673915625000003 0.02265215 0.3078314828125 0.2103308296875 0.48133272656250004 0.211339821875 0.4802404 0.023661140625
1 0.9063852671875001 0.3166368671875 0.5127254515625 0.314347553125 0.5146874625 0.6514516734375 0.9083472796875001 0.6537409890625 0.9063852671875001 0.3166368671875
1 0.0393886421875 0.9957635281250001 0.38777695 0.9977895671875 0.3856962203125 0.640287815625 0.0248186015625 0.6381891453125 0.0393886421875 0.9957635281250001
2 0.9063310953125001 1 0.9042313078124999 0.639223953125 0.5125974296875 0.63694641875 0.514710471875 1 0.9063310953125001 1
9 0.5350704484375 1 0.5335878390625 0.7452645078125 0.373984525 0.7443363390625 0.3754725359375 1 0.5350704484375 1
10 1 0.017151546875 0.886182690625 0.016489646875 0.88800820625 0.330141621875 1 0.33079290625 1 0.017151546875
0 1 0.6418103375 0.8979829765625 0.6412170609375 0.9000711625 1 1 1 1 0.6418103375
6 0.8963449015625 0.324962746875 0.8945498109375001 0.016538306250000002 0.5130050984375 0.014319445312500002 0.5148001890625 0.3227438859375 0.8963449015625 0.324962746875
5 0.039841496875 0.027937759375 0.040307593749999995 0.1080203296875 0.1593719109375 0.10871274687500002 0.158881625 0.0244740453125 0.039841496875 0.027937759375
9 0.3889783 0.5115294515625 0.019953878124999998 0.509383403125 0.02001781875 0.5203694890625 0.0254928390625 0.6547361109375001 0.3898241234375 0.6568548671875 0.3889783 0.5115294515625