7 0.0018 0.767139959375 0.2604 0.767139959375 0.2604 0.5056795125 0.0018 0.5056795125 0.0018 0.767139959375
3 0.29392 0.9804259640625 0.4652 0.9804259640625 0.4652 0.794726165625 0.29392 0.794726165625 0.29392 0.9804259640625
1 0.49560000000000004 0.69298174375 0.88422 0.69298174375 0.88422 0.3594320484375 0.49560000000000004 0.3594320484375 0.49560000000000004 0.69298174375
1 0.0056 0.3697363078125 0.36832 0.3697363078125 0.36832 0.016004056250000002 0.0056 0.016004056250000002 0.0056 0.3697363078125
2 0.49362000000000006 0.37377281875 0.88024 0.37377281875 0.88024 0.007931034375 0.49362000000000006 0.007931034375 0.49362000000000006 0.37377281875
9 0.35616 0.2667139953125 0.51372 0.2667139953125 0.51372 0.0099391484375 0.35616 0.0099391484375 0.35616 0.2667139953125
10 0.992 1 0.992 0.679513184375 0.866 0.679513184375 0.866 1 0.992 1
0 0.8740600000000001 0.37176470625 0.99956 0.37176470625 0.99956 0.008133875 0.8740600000000001 0.008133875 0.8740600000000001 0.37176470625
6 0.8742599999999999 1 0.8742599999999999 0.6846855984375 0.4976 0.6846855984375 0.4976 1 0.8742599999999999 1
5 0.14794000000000002 1 0.14794000000000002 0.8944219062500001 0.0304 0.8944219062500001 0.0304 1 0.14794000000000002 1
9 0.0018 0.49716024374999995 0.37229999999999996 0.49716024374999995 0.37229999999999996 0.35336714062499996 0.0018 0.35336714062499996 0.0018 0.49716024374999995