7 0.480377853125 0.24267712343749998 0.4552959875 0.0043793515625 0.1825015203125 0.0362189890625 0.20758338593749998 0.2745167609375 0.480377853125 0.24267712343749998
3 0 0.4425109796875 0.007541890625 0.514164965625 0.20129156875 0.49155116562499995 0.1824823640625 0.3128487015625 0 0.33414741875 0 0.4425109796875
1 0.701470109375 0.875721078125 0.6587935984375 0.47026013125 0.3107848921875 0.5108785171875 0.3534614046875 0.9163394640625 0.701470109375 0.875721078125
1 0.5987803453125 0.0034836015625 0.6340653390625001 0.3387192296875 0.973270128125 0.29912840625000003 0.9423626328125 0.0054825046875 0.5987803453125 0.0034836015625
2 0.6860706171875 0.8733149671874999 0.9854677421875 0.8383703578125001 0.991806265625 0.47523651874999995 0.9870300140625 0.4298583140625 0.6436137375000001 0.4699406890625 0.6860706171875 0.8733149671874999
9 0.7575207328125 0.4778745203125 0.9892373062500001 0.45082935312499994 0.9719347718750001 0.28644145 0.7402181999999999 0.313486615625 0.7575207328125 0.4778745203125
10 0.376492075 1 0.365512971875 0.895689746875 0.0332497328125 0.9344703765625001 0.0401470078125 1 0.376492075 1
0 0.985581903125 0.8318300093750001 0.6874871203125 0.8666226140625 0.699560240625 0.9813268921875 0.9835509984374999 0.9481804625000001 0.985581903125 0.8318300093750001
6 0 0.6185713609375 0.034156809375 0.9430883265625001 0.36102341718750003 0.9049375718749999 0.3196602984375 0.5119549140624999 0 0.549264571875 0 0.6185713609375
5 0 0.17997027031249999 0.0624340546875 0.17268318124999998 0.049702040625 0.051718890625 0 0.05751994218749999 0 0.17997027031249999
9 0.6515811593749999 0.3408783296875 0.616079503125 0.0035842453125 0.46941869531249997 0.0027309984375 0.4641845578125 0.0033419093749999995 0.501554784375 0.3583888953125 0.6515811593749999 0.3408783296875