7 0.7244229859375 0.50226020625 0.9800962343749999 0.5007733484375 0.9816342015625 0.23652668437500002 0.725960953125 0.2380135453125 0.7244229859375 0.50226020625
3 0.5186672734375 0.211339821875 0.6921685171874999 0.2103308296875 0.69326084375 0.02265215 0.5197596 0.023661140625 0.5186672734375 0.211339821875
1 0.0916527203125 0.6537409890625 0.48531253750000003 0.6514516734375 0.48727454843749995 0.314347553125 0.0936147328125 0.3166368671875 0.0916527203125 0.6537409890625
1 0.9751813984375 0.6381891453125 0.6143037796875 0.640287815625 0.61222305 0.9977895671875 0.9606113578125001 0.9957635281250001 0.9751813984375 0.6381891453125
2 0.48528952812500004 1 0.48740257031249995 0.63694641875 0.0957686921875 0.639223953125 0.0936689046875 1 0.48528952812500004 1
9 0.6245274640625 1 0.626015475 0.7443363390625 0.4664121609375 0.7452645078125 0.4649295515625 1 0.6245274640625 1
10 0 0.33079290625 0.11199179374999998 0.330141621875 0.11381730937500001 0.016489646875 0 0.017151546875 0 0.33079290625
0 0.0999288375 1 0.1020170234375 0.6412170609375 0 0.6418103375 0 1 0.0999288375 1
6 0.4851998109375 0.3227438859375 0.4869949015625 0.014319445312500002 0.1054501890625 0.016538306250000002 0.10365509843750001 0.324962746875 0.4851998109375 0.3227438859375
5 0.841118375 0.0244740453125 0.8406280890625 0.10871274687500002 0.95969240625 0.1080203296875 0.960158503125 0.027937759375 0.841118375 0.0244740453125
9 0.6101758765625 0.6568548671875 0.9745071609375 0.6547361109375001 0.9799821812499999 0.5203694890625 0.980046121875 0.509383403125 0.6110217 0.5115294515625 0.6101758765625 0.6568548671875