7 0.9982 0.5056795125 0.7396 0.5056795125 0.7396 0.767139959375 0.9982 0.767139959375 0.9982 0.5056795125
3 0.70608 0.794726165625 0.5347999999999999 0.794726165625 0.5347999999999999 0.9804259640625 0.70608 0.9804259640625 0.70608 0.794726165625
1 0.5044 0.3594320484375 0.11578 0.3594320484375 0.11578 0.69298174375 0.5044 0.69298174375 0.5044 0.3594320484375
1 0.9944000000000001 0.016004056250000002 0.63168 0.016004056250000002 0.63168 0.3697363078125 0.9944000000000001 0.3697363078125 0.9944000000000001 0.016004056250000002
2 0.5063799999999999 0.007931034375 0.11976 0.007931034375 0.11976 0.37377281875 0.5063799999999999 0.37377281875 0.5063799999999999 0.007931034375
9 0.64384 0.0099391484375 0.48628 0.0099391484375 0.48628 0.2667139953125 0.64384 0.2667139953125 0.64384 0.0099391484375
10 0.134 1 0.134 0.679513184375 0.008 0.679513184375 0.008 1 0.134 1
0 0.12594 0.008133875 0.00044 0.008133875 0.00044 0.37176470625 0.12594 0.37176470625 0.12594 0.008133875
6 0.5024 1 0.5024 0.6846855984375 0.12574000000000002 0.6846855984375 0.12574000000000002 1 0.5024 1
5 0.9696 1 0.9696 0.8944219062500001 0.85206 0.8944219062500001 0.85206 1 0.9696 1
9 0.9982 0.35336714062499996 0.6277 0.35336714062499996 0.6277 0.49716024374999995 0.9982 0.49716024374999995 0.9982 0.35336714062499996