7 0.21200752656250002 0.095244746875 0.14008405 0.35587382968750003 0.48567488281250004 0.4283958640625 0.5575983609375 0.16776678125 0.21200752656250002 0.095244746875
2 0.7828554390625 0.9806947750000001 0.8203216828125001 0.8449283578125 0.663850365625 0.813547615625 0.6702862765625001 0.7902258046874999 0.3929881109375 0.7291160953125 0.3125954421875 0.7108100859375 0.2466345703125 0.9567270515624999 0.4029818265625 0.98953643125 0.7828554390625 0.9806947750000001
5 0.7991254453125001 0.10326577968749999 0.7351457906250001 0.3351088296875 0.8427961609375 0.3576991953125 0.9067758140625 0.125856146875 0.7991254453125001 0.10326577968749999
1 0.3191595125 0 0.28365485625 0.12865820781249998 0.6431398515625 0.20409592187499997 0.6950438015625 0.0160115984375 0.6187433812500001 0 0.3191595125 0
6 0.093555371875 0.3344058828125 0.0395036390625 0.5302731296875 0.34733808593750004 0.5948720078124999 0.40138981874999996 0.3990047609375 0.093555371875 0.3344058828125
1 0 0.7659594125 0.2816268875 0.8250586515625 0.3465762671875 0.589701603125 0 0.5169727765625 0 0.7659594125
0 0.13103529375 0.776742625 0.090016590625 0.9253820875000001 0.2429111453125 0.9574669203124999 0.2839298484375 0.8088274578125001 0.13103529375 0.776742625
0 0.108272409375 0.0751398328125 0.0367829515625 0.33419615468749997 0.1607489703125 0.36021035156250003 0.23223842656250002 0.10115403125 0.108272409375 0.0751398328125
10 0 0.5320138984375 0.0596208765625 0.5445253046875 0.1167231578125 0.33760378750000003 0.014385953125 0.31612838593750003 0 0.368258759375 0 0.5320138984375
9 0.7917041828125 0.9804888187499999 0.8300459874999999 0.8415496296875 0.656498265625 0.8051307421875 0.60691938125 0.98478973125 0.7917041828125 0.9804888187499999
9 0.425051246875 0.6061695312500001 0.3901782796875 0.7325386875000001 0.6815207562500001 0.793676734375 0.7163937234375 0.6673075796875 0.425051246875 0.6061695312500001
3 0.468779859375 0.3982765375 0.4274561015625 0.5480214265625001 0.57547241875 0.5790825640625 0.6167961765625 0.42933767500000003 0.468779859375 0.3982765375