7 0.24652137968750001 0.5703194125 0.48836323125 0.5064658734374999 0.39066466875 0.17725368749999998 0.148822815625 0.2411072265625 0.24652137968750001 0.5703194125
2 1 0.3867399921875 0.970855996875 0.2885342390625 0.7425075234375 0.34697763125000003 0.7665996546875 0.423584503125 0.8477673078124999 0.6877899734375 0.8694079859375 0.6820761828124999 0.9122592453125 0.8311072359375 1 0.8079410328125001 1 0.3867399921875
5 0.2357081703125 0.9010009562500001 0.45083900625 0.84419993125 0.42040623593750004 0.7416514546874999 0.20527540000000002 0.7984524796875 0.2357081703125 0.9010009562500001
1 0.28817926250000003 0.65211751875 0.18655281875000002 0.3096696578125 0.01597875625 0.3547063515625 0.026147265625 0.5730283328125 0.06695234375 0.71052809375 0.28817926250000003 0.65211751875
6 0.45340697343749997 0.42597748593749996 0.63515529375 0.37799045 0.548130465625 0.08474525468750001 0.36638214375 0.132732290625 0.45340697343749997 0.42597748593749996
1 0.630175584375 0.377180028125 0.848567115625 0.31951808125 0.754592853125 0.0028555703125000003 0.6107917703125 0.0045288484375 0.5262130125 0.0268601890625 0.630175584375 0.377180028125
0 0.83332495625 0.32142932968750004 0.9745856156249999 0.2841322578125 0.931362309375 0.1384838609375 0.79010165 0.1757809328125 0.83332495625 0.32142932968750004
0 0.15612418125 0.26040744843749997 0.3965066421875 0.19693923124999999 0.3614614359375 0.0788483578125 0.121078975 0.14231657343749998 0.15612418125 0.26040744843749997
10 0.371349590625 0.1547739515625 0.56335534375 0.10407864375 0.5340773828125001 0.0054215 0.43860771875 0.006532390625 0.335440384375 0.033771678124999996 0.371349590625 0.1547739515625
9 1 0.6382015375 0.8607932593750001 0.6749563125 0.90985521875 0.8402790578125 1 0.8164781171875 1 0.6382015375
9 0.7347230140625001 0.729470659375 0.8519829546875 0.6985105 0.7696204078125 0.42097567031249994 0.6523604671875 0.45193582968749996 0.7347230140625001 0.729470659375
3 0.5001630234375 0.6309236640625 0.639113678125 0.5942365046875 0.59726945 0.4532351484375 0.458318796875 0.489922309375 0.5001630234375 0.6309236640625