7 0.4675453765625 0.1504597703125 0.21689714843750002 0.1504597703125 0.21689714843750002 0.48839080468749996 0.4675453765625 0.48839080468749996 0.4675453765625 0.1504597703125
2 0.9934312875 0.402206896875 0.757294728125 0.40044827656250004 0.7585998265625 0.47942528749999996 0.761253240625 0.7513218390625 0.7836819359375 0.7513218390625 0.78235955 0.9039540234375 0.9934312875 0.9039540234375 0.9934312875 0.402206896875
5 0.335151253125 0.6951839078125001 0.1121866890625 0.6951839078125001 0.1121866890625 0.8004482765625 0.335151253125 0.8004482765625 0.335151253125 0.6951839078125001
1 0 0.5767241375000001 0.2336041484375 0.5767241375000001 0.2336041484375 0.225206896875 0 0.225206896875 0 0.5767241375000001
6 0.64527225625 0.1019770109375 0.45690579062500003 0.1019770109375 0.45690579062500003 0.40298850625 0.64527225625 0.40298850625 0.64527225625 0.1019770109375
1 0.8670613656249999 0.041367815625 0.640717371875 0.041367815625 0.640717371875 0.4009655171875 0.8670613656249999 0.4009655171875 0.8670613656249999 0.041367815625
0 1 0.2494482765625 0.851866896875 0.2494482765625 0.851866896875 0.3989540234375 1 0.3989540234375 1 0.2494482765625
0 0.4675453765625 0.0494482765625 0.2184096796875 0.0494482765625 0.2184096796875 0.1706666671875 0.4675453765625 0.1706666671875 0.4675453765625 0.0494482765625
10 0.4553932578125 0 0.4553932578125 0.124206896875 0.654390665625 0.124206896875 0.654390665625 0 0.4553932578125 0
9 1 0.7423793109375 0.7774330171875 0.7423793109375 0.7774330171875 0.912080459375 1 0.912080459375 1 0.7423793109375
9 0.762247190625 0.47770115 0.640717371875 0.47770115 0.640717371875 0.7625862062500001 0.762247190625 0.7625862062500001 0.762247190625 0.47770115
3 0.5873984437499999 0.46509195468750003 0.443388071875 0.46509195468750003 0.443388071875 0.6098275859375 0.5873984437499999 0.6098275859375 0.5873984437499999 0.46509195468750003