7 0.8511771843749999 0.2411072265625 0.60933533125 0.17725368749999998 0.5116367687500001 0.5064658734374999 0.7534786203125 0.5703194125 0.8511771843749999 0.2411072265625
2 0 0.8079410328125001 0.0877407546875 0.8311072359375 0.1305920140625 0.6820761828124999 0.1522326921875 0.6877899734375 0.23340034531249998 0.423584503125 0.2574924765625 0.34697763125000003 0.029144003125 0.2885342390625 0 0.3867399921875 0 0.8079410328125001
5 0.7947246 0.7984524796875 0.5795937640625 0.7416514546874999 0.5491609937499999 0.84419993125 0.7642918296875 0.9010009562500001 0.7947246 0.7984524796875
1 0.93304765625 0.71052809375 0.9738527343750001 0.5730283328125 0.98402124375 0.3547063515625 0.8134471812499999 0.3096696578125 0.7118207375 0.65211751875 0.93304765625 0.71052809375
6 0.63361785625 0.132732290625 0.451869534375 0.08474525468750001 0.36484470625 0.37799045 0.5465930265625001 0.42597748593749996 0.63361785625 0.132732290625
1 0.47378698750000003 0.0268601890625 0.3892082296875 0.0045288484375 0.245407146875 0.0028555703125000003 0.151432884375 0.31951808125 0.369824415625 0.377180028125 0.47378698750000003 0.0268601890625
0 0.20989835 0.1757809328125 0.068637690625 0.1384838609375 0.025414384374999998 0.2841322578125 0.16667504375 0.32142932968750004 0.20989835 0.1757809328125
0 0.878921025 0.14231657343749998 0.6385385640625 0.0788483578125 0.6034933578125 0.19693923124999999 0.84387581875 0.26040744843749997 0.878921025 0.14231657343749998
10 0.664559615625 0.033771678124999996 0.5613922812500001 0.006532390625 0.4659226171875 0.0054215 0.43664465625000004 0.10407864375 0.6286504093749999 0.1547739515625 0.664559615625 0.033771678124999996
9 0 0.8164781171875 0.09014478125 0.8402790578125 0.139206740625 0.6749563125 0 0.6382015375 0 0.8164781171875
9 0.34763953281250004 0.45193582968749996 0.23037959218749998 0.42097567031249994 0.14801704531249998 0.6985105 0.26527698593750004 0.729470659375 0.34763953281250004 0.45193582968749996
3 0.541681203125 0.489922309375 0.40273054999999996 0.4532351484375 0.36088632187499997 0.5942365046875 0.49983697656250003 0.6309236640625 0.541681203125 0.489922309375