9 0.5308122453124999 0.472293365625 0.53220486875 0.3535338390625 0.43062500625 0.3411575140625 0.42923238281250004 0.459917040625 0.5308122453124999 0.472293365625
9 0.44217716874999996 0.4596055921875 0.443525665625 0.3446089765625 0.3394117125 0.3319239015625 0.33806321562499997 0.44692051875 0.44217716874999996 0.4596055921875
1 0.9403150515625001 0.5939181828125 0.9425035062499999 0.4072922421875 0.72188136875 0.3804119984375 0.7196929140625 0.567037940625 0.9403150515625001 0.5939181828125
1 0.73037888125 0.5419171578124999 0.732257934375 0.3816762640625 0.5268403484374999 0.35664851875000003 0.5249612984375001 0.5168894140625 0.73037888125 0.5419171578124999
10 1 0.6615990078125 0.9418295156250001 0.6545116109375 0.940414671875 0.7751659984375 1 0.7824257765625 1 0.6615990078125
3 0.67235144375 0.6965164296874999 0.6741103828125 0.5465185109374999 0.547874165625 0.531138096875 0.546115228125 0.6811360140625 0.67235144375 0.6965164296874999
6 0.9353624125 0.7783187218750001 0.9367992671875 0.6557873515625 0.7113611546875 0.6283203390625001 0.7099243000000001 0.750851709375 0.9353624125 0.7783187218750001
0 1 0.46904952812499995 0.939076075 0.46162665468749997 0.9375728765625 0.5898157953125 1 0.5974218140625001 1 0.46904952812499995
0 0.1434874578125 0.621429059375 0.1451453578125 0.48004739531249996 0.0435775078125 0.46767253281250004 0.041919607812499995 0.6090541968750001 0.1434874578125 0.621429059375
9 0.9445652890625 0.6642880203125 0.9454715890625 0.5870009265625 0.780575459375 0.5669102515625 0.7796691578125 0.6441973453125 0.9445652890625 0.6642880203125
2 0.4340291859375 0.4570106640625 0.436698934375 0.348315271875 0.35031146875 0.3388282546875 0.345468353125 0.2759406515625 0.147641034375 0.25183769218749996 0.14428992812500002 0.4206889140625 0.4340291859375 0.4570106640625
7 0.47593391250000006 0.66193379375 0.478254953125 0.4640012515625 0.1379660234375 0.422541003125 0.135644984375 0.6204735453125 0.47593391250000006 0.66193379375