9 0.3238534484375 0.598505746875 0.4383965515625 0.598505746875 0.4383965515625 0.50128735625 0.3238534484375 0.50128735625 0.3238534484375 0.598505746875
9 0.32566379375 0.685781609375 0.43657758593749996 0.685781609375 0.43657758593749996 0.58613793125 0.32566379375 0.58613793125 0.32566379375 0.685781609375
1 0.327482759375 0.31971264375 0.507482759375 0.31971264375 0.507482759375 0.10856321875 0.327482759375 0.10856321875 0.327482759375 0.31971264375
1 0.327482759375 0.5063793109375 0.4820344828125 0.5063793109375 0.4820344828125 0.309781609375 0.327482759375 0.309781609375 0.327482759375 0.5063793109375
10 0.56566379375 0.10643678125 0.6820344828125 0.10643678125 0.6820344828125 0.045781609375 0.56566379375 0.045781609375 0.56566379375 0.10643678125
3 0.493068965625 0.48432183906250004 0.6377413796875 0.48432183906250004 0.6377413796875 0.363505746875 0.493068965625 0.363505746875 0.493068965625 0.48432183906250004
6 0.567482759375 0.32698850625000003 0.6856637937500001 0.32698850625000003 0.6856637937500001 0.111229884375 0.567482759375 0.111229884375 0.567482759375 0.32698850625000003
0 0.3802155171875 0.111229884375 0.5038534484375 0.111229884375 0.5038534484375 0.038264367187499995 0.3802155171875 0.038264367187499995 0.3802155171875 0.111229884375
0 0.49112068906250006 0.9669885062500001 0.6274827593750001 0.9669885062500001 0.6274827593750001 0.8697816093749999 0.49112068906250006 0.8697816093749999 0.49112068906250006 0.9669885062500001
9 0.5002155171875 0.2615287359375 0.5747586203124999 0.2615287359375 0.5747586203124999 0.10371264375 0.5002155171875 0.10371264375 0.5002155171875 0.2615287359375
2 0.27103448281250003 0.8699540234375001 0.4340517234375 0.8712643671875 0.4350344828125 0.5939540234375 0.33003448281250003 0.5926206890625 0.3310344828125 0.6752873562499999 0.27103448281250003 0.6806206890625 0.27103448281250003 0.8699540234375001
7 0.43657758593749996 0.8772873562499999 0.6274827593750001 0.8772873562499999 0.6274827593750001 0.5516091953125 0.43657758593749996 0.5516091953125 0.43657758593749996 0.8772873562499999