9 0.6761465515625 0.50128735625 0.5616034484375 0.50128735625 0.5616034484375 0.598505746875 0.6761465515625 0.598505746875 0.6761465515625 0.50128735625
9 0.67433620625 0.58613793125 0.5634224140625 0.58613793125 0.5634224140625 0.685781609375 0.67433620625 0.685781609375 0.67433620625 0.58613793125
1 0.672517240625 0.10856321875 0.49251724062499996 0.10856321875 0.49251724062499996 0.31971264375 0.672517240625 0.31971264375 0.672517240625 0.10856321875
1 0.672517240625 0.309781609375 0.5179655171875 0.309781609375 0.5179655171875 0.5063793109375 0.672517240625 0.5063793109375 0.672517240625 0.309781609375
10 0.43433620624999997 0.045781609375 0.3179655171875 0.045781609375 0.3179655171875 0.10643678125 0.43433620624999997 0.10643678125 0.43433620624999997 0.045781609375
3 0.506931034375 0.363505746875 0.3622586203125 0.363505746875 0.3622586203125 0.48432183906250004 0.506931034375 0.48432183906250004 0.506931034375 0.363505746875
6 0.432517240625 0.111229884375 0.31433620625 0.111229884375 0.31433620625 0.32698850625000003 0.432517240625 0.32698850625000003 0.432517240625 0.111229884375
0 0.6197844828125 0.038264367187499995 0.4961465515625 0.038264367187499995 0.4961465515625 0.111229884375 0.6197844828125 0.111229884375 0.6197844828125 0.038264367187499995
0 0.5088793109374999 0.8697816093749999 0.372517240625 0.8697816093749999 0.372517240625 0.9669885062500001 0.5088793109374999 0.9669885062500001 0.5088793109374999 0.8697816093749999
9 0.49978448281250004 0.10371264375 0.42524137968750003 0.10371264375 0.42524137968750003 0.2615287359375 0.49978448281250004 0.2615287359375 0.49978448281250004 0.10371264375
2 0.7289655171875 0.6806206890625 0.6689655171875 0.6752873562499999 0.6699655171875001 0.5926206890625 0.5649655171875 0.5939540234375 0.5659482765625 0.8712643671875 0.7289655171875 0.8699540234375001 0.7289655171875 0.6806206890625
7 0.5634224140625 0.5516091953125 0.372517240625 0.5516091953125 0.372517240625 0.8772873562499999 0.5634224140625 0.8772873562499999 0.5634224140625 0.5516091953125