9 0.6729624703125 0.495809215625 0.5497184984375 0.4914909640625 0.539345603125 0.5963809796875 0.6625895749999999 0.60069923125 0.6729624703125 0.495809215625
9 0.66196131875 0.5872872046875 0.5426223484375 0.583105778125 0.5319906828125001 0.6906124625000001 0.6513296546875 0.6947938890625001 0.66196131875 0.5872872046875
1 0.7109598953125 0.07195790156250001 0.5172868234375 0.0651719375 0.49475784687499996 0.292983428125 0.6884309203125001 0.29976939062499997 0.7109598953125 0.07195790156250001
1 0.6894905296875 0.2890546875 0.5231988234375 0.2832281171875 0.50222246875 0.4953395890625 0.6685141765625 0.5011661578125 0.6894905296875 0.2890546875
10 0.33527016718749997 0 0.32970277187499997 0.056297137500000004 0.45491315312499997 0.060684289062499994 0.46091440937500006 0 0.33527016718749997 0
3 0.50559395 0.340775696875 0.3499319984375 0.3353215765625 0.3370413046875 0.46567141718749994 0.492703253125 0.4711255375 0.50559395 0.340775696875
6 0.4524446078125 0.065787046875 0.3252863625 0.0613316453125 0.3022656 0.2941160484375 0.4294238453125 0.2985714484375 0.4524446078125 0.065787046875
0 0.5276504046875 0 0.520907296875 0.068185859375 0.6539369515625 0.072846984375 0.6611410125 0 0.5276504046875 0
0 0.29661451875 0.9864654234374999 0.4403312921875 0.99150100625 0.4433504765625 0.99144830625 0.45367218593749997 0.8870758671875001 0.3069518484375 0.8819350453125001 0.29661451875 0.9864654234374999
9 0.5256236359375001 0.060212571874999996 0.44541812812500003 0.0574023125 0.42857965 0.22767186874999998 0.5087851578125 0.23048212812500002 0.5256236359375001 0.060212571874999996
2 0.71065934375 0.69128523125 0.6466707046875 0.683269046875 0.6565669359374999 0.594116753125 0.5434487156250001 0.591596821875 0.5149179890625 0.890827121875 0.6904580765625 0.89555909375 0.71065934375 0.69128523125
7 0.5463064546874999 0.5458523359375 0.34089983749999997 0.5386552499999999 0.3061510078125 0.8900330796875 0.511557625 0.8972301671875 0.5463064546874999 0.5458523359375