3 0.43555090625000004 0.6528418234375 0.3470153421875 0.6528418234375 0.3470153421875 0.88793565625 0.43555090625000004 0.88793565625 0.43555090625000004 0.6528418234375
9 0.800278940625 0.3034852546875 0.7036262203125 0.3034852546875 0.7036262203125 0.5721179625 0.800278940625 0.5721179625 0.800278940625 0.3034852546875
6 0.16651325 0.37603217187500004 0.017280334375 0.37603217187500004 0.017280334375 0.7035120640625 0.16651325 0.7035120640625 0.16651325 0.37603217187500004
0 0.9895397484374999 0.130563003125 0.85648535625 0.130563003125 0.85648535625 0.24798927656249997 0.9895397484374999 0.24798927656249997 0.9895397484374999 0.130563003125
0 0.3556903765625 0.0588739953125 0.15495118593749999 0.0588739953125 0.15495118593749999 0.2307774796875 0.3556903765625 0.2307774796875 0.3556903765625 0.0588739953125
10 0.1612552296875 0.2144235921875 0.018326359375 0.2144235921875 0.018326359375 0.3762466484375 0.1612552296875 0.3762466484375 0.1612552296875 0.2144235921875
9 0.722454671875 0.6782841828125 0.55857740625 0.6782841828125 0.55857740625 0.86005361875 0.722454671875 0.86005361875 0.722454671875 0.6782841828125
9 0.560627615625 0.6770509390624999 0.472343096875 0.6770509390624999 0.472343096875 0.9459517421875001 0.560627615625 0.9459517421875001 0.560627615625 0.6770509390624999
1 0.5269874484375 0.216434315625 0.3514783828125 0.216434315625 0.3514783828125 0.5762466484375001 0.5269874484375 0.5762466484375001 0.5269874484375 0.216434315625
1 0.7056485359375 0.1841286859375 0.5269874484375 0.1841286859375 0.5269874484375 0.574209115625 0.7056485359375 0.574209115625 0.7056485359375 0.1841286859375
1 0.9915202234375 0.24675603281249997 0.7928870296875 0.24675603281249997 0.7928870296875 0.695442359375 0.9915202234375 0.695442359375 0.9915202234375 0.24675603281249997
7 0.3525383546875 0.21847184999999997 0.16336122656250002 0.21847184999999997 0.16336122656250002 0.58029490625 0.3525383546875 0.58029490625 0.3525383546875 0.21847184999999997