3 0.4266926953125 0.7078756234375 0.3322907671875 0.7012770859375 0.32056222968750003 0.95299099375 0.4149641578125 0.95958953125 0.4266926953125 0.7078756234375
9 0.833016559375 0.361004234375 0.729959634375 0.3538007265625 0.716557884375 0.641424553125 0.8196148093750001 0.6486280625 0.833016559375 0.361004234375
6 0 0.7324796046875 0.1373007375 0.7420766984375 0.1536383015625 0.39144545625 0 0.38070639375000004 0 0.7324796046875
0 0.9960938640625001 0.1866529890625 0.9015740859375001 0.1800462125 0.895715834375 0.30577399375000003 0.9924310937499999 0.31253423125 0.9960938640625001 0.1866529890625
0 0.371172925 0.06596496406249999 0.1571327609375 0.051003909375 0.1485567109375 0.2350601953125 0.36259687500000004 0.2500212484375 0.371172925 0.06596496406249999
10 0 0.38093678125 0.1480211859375 0.3912832171875 0.15609433749999999 0.21802000000000002 0.0036950062499999997 0.207367540625 0 0.2866685 0 0.38093678125
9 0.7313374078125 0.7564995265625 0.5566016406250001 0.7442857859374999 0.5475333890625 0.9389055015625001 0.72226915625 0.951119240625 0.7313374078125 0.7564995265625
9 0.546879884375 1 0.5588492203125 0.7431181578125 0.464714971875 0.7365383296875 0.45243905156249997 1 0.546879884375 1
1 0.5459596453125 0.247430825 0.35882135625 0.23435016874999998 0.3408707671875 0.6195996078125 0.5280090562499999 0.632680265625 0.5459596453125 0.247430825
1 0.738070496875 0.226156909375 0.5475713328125 0.2128413328125 0.52811070625 0.6304986890625 0.718609871875 0.6438142640625 0.738070496875 0.226156909375
1 0.9743679265624999 0.7919179734374999 0.9853245218750001 0.5567712515625 0.9924695609375 0.311212190625 0.8279650109375 0.29971359375 0.805580609375 0.78012001875 0.9743679265624999 0.7919179734374999
7 0.3598499125 0.2366107453125 0.1581379140625 0.22251141093750001 0.1400870140625 0.6099137234375 0.3417990109375 0.624013059375 0.3598499125 0.2366107453125