3 0.5657257812500001 0.9441214 0.6617367109375001 0.9379687390625 0.6453348203125 0.682020790625 0.5493238921875 0.6881734500000001 0.5657257812500001 0.9441214
9 0.1481687109375 0.6256352234375 0.2529821546875 0.618918471875 0.23424034531250001 0.3264565671875 0.1294269015625 0.3331733171875 0.1481687109375 0.6256352234375
6 0.8217650328125 0.3681128515625 0.8446124609375 0.7246420109375 0.9833406890624999 0.7157519015625 0.98887048125 0.47816952968750004 0.9811631406249999 0.35789815625 0.8217650328125 0.3681128515625
0 0 0.28080047656249996 0.064602971875 0.2766605296875 0.0564104421875 0.1488179 0 0.152432846875 0 0.28080047656249996
0 0.60648098125 0.22311987968749997 0.8241692781250001 0.2091697796875 0.8121760171875 0.022017510937500002 0.5944877203125001 0.0359676109375 0.60648098125 0.22311987968749997
10 0.8274819703125 0.36798095468750003 0.9811781046875 0.3581316578125 0.9698881281249999 0.18195400781249998 0.8161919921875 0.1918033046875 0.8274819703125 0.36798095468750003
9 0.2526524796875 0.9337040625 0.4303664703125 0.9223156328125001 0.41768488593750003 0.724422246875 0.23997089531250002 0.7358106765625 0.2526524796875 0.9337040625
9 0.5111142171874999 0.7170868718750001 0.41537553125000004 0.7232220859375 0.43230023125 0.9873283781250001 0.498555209375 0.98887048125 0.5284083078124999 0.9869574078125 0.5111142171874999 0.7170868718750001
1 0.4448231984375 0.611138121875 0.6351511015625 0.5989413546875 0.610047925 0.20721169062499997 0.419720021875 0.2194084578125 0.4448231984375 0.611138121875
1 0.2509349828125 0.621335659375 0.44468104531249997 0.608919846875 0.4174661421875 0.18423714062500002 0.223720078125 0.196652953125 0.2509349828125 0.621335659375
1 0 0.6880868390625 0.0052242953125 0.7696108359375 0.16478877187500002 0.7593854796875 0.133485084375 0.270898209375 0 0.27945232343750004 0 0.6880868390625
7 0.6342840703125 0.6034223765625 0.8394340765624999 0.5902757656250001 0.8141906171875 0.1963570171875 0.609040609375 0.20950362656250002 0.6342840703125 0.6034223765625