3 0.4506761078125 0.6881734500000001 0.3546651796875 0.682020790625 0.3382632890625 0.9379687390625 0.43427421875 0.9441214 0.4506761078125 0.6881734500000001
9 0.8705730984375 0.3331733171875 0.7657596546875001 0.3264565671875 0.7470178453125 0.618918471875 0.8518312890624999 0.6256352234375 0.8705730984375 0.3331733171875
6 0.018836859375 0.35789815625 0.011129518750000001 0.47816952968750004 0.016659310937499998 0.7157519015625 0.1553875390625 0.7246420109375 0.1782349671875 0.3681128515625 0.018836859375 0.35789815625
0 1 0.152432846875 0.9435895578125001 0.1488179 0.9353970281249999 0.2766605296875 1 0.28080047656249996 1 0.152432846875
0 0.4055122796875 0.0359676109375 0.18782398281249998 0.022017510937500002 0.17583072187499998 0.2091697796875 0.39351901875 0.22311987968749997 0.4055122796875 0.0359676109375
10 0.1838080078125 0.1918033046875 0.030111871875 0.18195400781249998 0.0188218953125 0.3581316578125 0.17251802968750002 0.36798095468750003 0.1838080078125 0.1918033046875
9 0.7600291046875001 0.7358106765625 0.5823151140625 0.724422246875 0.5696335296874999 0.9223156328125001 0.7473475203125 0.9337040625 0.7600291046875001 0.7358106765625
9 0.4715916921875 0.9869574078125 0.501444790625 0.98887048125 0.5676997687500001 0.9873283781250001 0.58462446875 0.7232220859375 0.48888578281250006 0.7170868718750001 0.4715916921875 0.9869574078125
1 0.580279978125 0.2194084578125 0.389952075 0.20721169062499997 0.3648488984375 0.5989413546875 0.5551768015625 0.611138121875 0.580279978125 0.2194084578125
1 0.776279921875 0.196652953125 0.5825338578125 0.18423714062500002 0.5553189546875 0.608919846875 0.7490650171875 0.621335659375 0.776279921875 0.196652953125
1 1 0.27945232343750004 0.8665149156249999 0.270898209375 0.8352112281249999 0.7593854796875 0.9947757046874999 0.7696108359375 1 0.6880868390625 1 0.27945232343750004
7 0.390959390625 0.20950362656250002 0.18580938281249998 0.1963570171875 0.1605659234375 0.5902757656250001 0.3657159296875 0.6034223765625 0.390959390625 0.20950362656250002