0 0.0951079828125 0.005539409375 0.08134004218749999 0.06951058906249999 0.37542363437500004 0.14914840625 0.402478359375 0.0234416953125 0.0951079828125 0.005539409375
9 0.4652994828125 1 0.50621073125 0.80991051875 0.3753754984375 0.774480346875 0.3281811703125 0.9937634546874999 0.35121125468750003 1 0.4652994828125 1
7 0 0.53637018125 0.27181211875 0.6099768828125 0.372365034375 0.1427691484375 0.08246893749999999 0.06426530625 0 0.447447884375 0 0.53637018125
1 0.5795808296875 0.567085525 0.654461525 0.2191608578125 0.35951486093749996 0.139289321875 0.284634165625 0.4872139890625 0.5795808296875 0.567085525
2 0 0.904892015625 0.20105394687499997 0.9593374109375 0.2792076265625 0.5962051890625 0 0.520595784375 0 0.904892015625
0 1 0.30482548593750003 0.9358325921875 0.2874489578125 0.8620158203124999 0.630430228125 0.9884078328125 0.664657175 1 0.6107954828125 1 0.30482548593750003
9 0.250101240625 0.74087556875 0.202971884375 0.9598567875 0.32738202968749996 0.993547046875 0.3745113859375 0.7745658265625 0.250101240625 0.74087556875
0 0.809673678125 0.8953230124999999 0.866930609375 0.6292851703125 0.69834399375 0.5836319265625 0.6410870640625 0.8496697687499999 0.809673678125 0.8953230124999999
1 0.8753456859375 0.6315240359375001 0.9475381484375 0.296089940625 0.6567470140625 0.217343721875 0.5845545515625 0.55277781875 0.8753456859375 0.6315240359375001
6 0.6869107859375 1 0.71555245625 0.8669197234375 0.50483516875 0.8098574984375 0.46391250937499995 1 0.6869107859375 1
5 0.1673747984375 0.0979205 0.08030048281249999 0.07434078125 0.05214306875 0.20517102187499997 0.139217384375 0.228750740625 0.1673747984375 0.0979205
10 0.79607575 1 0.8187054734375 0.8948535546875 0.7048120109375 0.8640112125 0.67554436875 1 0.79607575 1
3 0.56119750625 0.77148746875 0.598816528125 0.5966949453125 0.43611158281250006 0.552634459375 0.39849256093749996 0.72742698125 0.56119750625 0.77148746875