0 0.1665441171875 0.69631901875 0.0169117640625 0.69631901875 0.0169117640625 0.9975460125 0.1665441171875 0.9975460125 0.1665441171875 0.69631901875
9 0.9997058828125001 0.44877300625 0.7422426468750001 0.44877300625 0.7422426468750001 0.574325153125 0.9997058828125001 0.574325153125 0.9997058828125001 0.44877300625
7 0.616617646875 0.7003374234375 0.16143382343749998 0.7003374234375 0.16143382343749998 0.9975153375 0.616617646875 0.9975153375 0.616617646875 0.7003374234375
1 0.5004044125 0.42963190156250003 0.16143382343749998 0.42963190156250003 0.16143382343749998 0.7126687109375001 0.5004044125 0.7126687109375001 0.5004044125 0.42963190156250003
2 0.9991911765625 0.69631901875 0.6020955875 0.69631901875 0.6020955875 0.9995398765625 0.9991911765625 0.9995398765625 0.9991911765625 0.69631901875
0 0.48830882343750004 0.0235889578125 0.1541544125 0.0235889578125 0.1541544125 0.16116564375 0.48830882343750004 0.16116564375 0.48830882343750004 0.0235889578125
9 1 0.575092025 0.7425367640625 0.575092025 0.7425367640625 0.694478528125 1 0.694478528125 1 0.575092025
0 0.7452205875 0.156932515625 0.48602941250000004 0.156932515625 0.48602941250000004 0.31871165625 0.7452205875 0.31871165625 0.7452205875 0.156932515625
1 0.48599264687500005 0.14886503125 0.15919117656249998 0.14886503125 0.15919117656249998 0.4279141109375 0.48599264687500005 0.4279141109375 0.48599264687500005 0.14886503125
6 0.9919117640625 0.2478220859375 0.7425367640625 0.2478220859375 0.7425367640625 0.450030675 0.9919117640625 0.450030675 0.9919117640625 0.2478220859375
5 0.2987132359375 1 0.2987132359375 0.8949693249999999 0.17124999999999999 0.8949693249999999 0.17124999999999999 1 0.2987132359375 1
10 0.9991911765625 0.14883435625000002 0.7425367640625 0.14883435625000002 0.7425367640625 0.258128834375 0.9991911765625 0.258128834375 0.9991911765625 0.14883435625000002
3 0.6931617640625001 0.4064110421875 0.522867646875 0.4064110421875 0.522867646875 0.5625460125 0.6931617640625001 0.5625460125 0.6931617640625001 0.4064110421875