0 0.0951079828125 0.005539409375 0.077816153125 0.07454676875 0.372116325 0.154839215625 0.4050049765625 0.023588853125 0.0951079828125 0.005539409375
9 0.421920671875 1 0.4744595234375 0.7903306109375 0.3502769859375 0.756450509375 0.2910245953125 0.9929119453125 0.31700481875 1 0.421920671875 1
7 0 0.5283064984375 0.2567352484375 0.59835029375 0.3694067046875 0.1487067578125 0.0790811015625 0.0694986734375 0 0.38509152343749997 0 0.5283064984375
1 0.35720993437500004 0.145379175 0.27330469062499996 0.48022396875 0.5532539375 0.556601125 0.63715918125 0.22175633125 0.35720993437500004 0.145379175
2 0 0.91351315625 0.17036152499999999 0.9599920421875 0.26430445625 0.585089353125 0 0.5129804874999999 0 0.91351315625
0 0.9578614968749999 0.654222978125 0.9826412390625 0.5553332375 0.9911853781250001 0.3106611265625 0.9044986890625 0.28701082968749997 0.8217855921874999 0.6170980671875 0.9578614968749999 0.654222978125
9 0.23136152656250003 0.7243177984375 0.17218193906249998 0.9604886968749999 0.290266090625 0.9927050062499999 0.349445678125 0.7565341078125 0.23136152656250003 0.7243177984375
0 0.6665224234375 0.572332790625 0.6023649437499999 0.8283692109375 0.762379284375 0.8720251250000001 0.8265367640625 0.6159887046875 0.6665224234375 0.572332790625
1 0.6394133546874999 0.220004525 0.5585203265625001 0.54282831875 0.83452534375 0.6181293906249999 0.915418371875 0.295305596875 0.6394133546874999 0.220004525
6 0.6342674953125 1 0.6731455265624999 0.844847521875 0.473142771875 0.79028176875 0.42059168125 1 0.6342674953125 1
5 0.1744681890625 0.10588226406250001 0.0766513078125 0.079195371875 0.0451003890625 0.2051071828125 0.1429172703125 0.231794075 0.1744681890625 0.10588226406250001
10 0.738868809375 1 0.7710534296875 0.871559246875 0.6629512125 0.8420662578125 0.6233762546875 1 0.738868809375 1
3 0.41622943125 0.5429242296875 0.374076603125 0.7111456046875 0.5285083421875 0.7532784453125 0.570661171875 0.5850570703125 0.41622943125 0.5429242296875