0 0.8334558828124999 0.9975460125 0.9830882359374999 0.9975460125 0.9830882359374999 0.69631901875 0.8334558828124999 0.69631901875 0.8334558828124999 0.9975460125
9 0.0002941171875 0.574325153125 0.25775735312500003 0.574325153125 0.25775735312500003 0.44877300625 0.0002941171875 0.44877300625 0.0002941171875 0.574325153125
7 0.383382353125 0.9975153375 0.8385661765625001 0.9975153375 0.8385661765625001 0.7003374234375 0.383382353125 0.7003374234375 0.383382353125 0.9975153375
1 0.4995955875 0.7126687109375001 0.8385661765625001 0.7126687109375001 0.8385661765625001 0.42963190156250003 0.4995955875 0.42963190156250003 0.4995955875 0.7126687109375001
2 0.0008088234375 0.9995398765625 0.3979044125 0.9995398765625 0.3979044125 0.69631901875 0.0008088234375 0.69631901875 0.0008088234375 0.9995398765625
0 0.5116911765625 0.16116564375 0.8458455875 0.16116564375 0.8458455875 0.0235889578125 0.5116911765625 0.0235889578125 0.5116911765625 0.16116564375
9 0 0.694478528125 0.2574632359375 0.694478528125 0.2574632359375 0.575092025 0 0.575092025 0 0.694478528125
0 0.25477941249999997 0.31871165625 0.5139705875 0.31871165625 0.5139705875 0.156932515625 0.25477941249999997 0.156932515625 0.25477941249999997 0.31871165625
1 0.514007353125 0.4279141109375 0.8408088234375001 0.4279141109375 0.8408088234375001 0.14886503125 0.514007353125 0.14886503125 0.514007353125 0.4279141109375
6 0.0080882359375 0.450030675 0.2574632359375 0.450030675 0.2574632359375 0.2478220859375 0.0080882359375 0.2478220859375 0.0080882359375 0.450030675
5 0.82875 1 0.82875 0.8949693249999999 0.7012867640625 0.8949693249999999 0.7012867640625 1 0.82875 1
10 0.0008088234375 0.258128834375 0.2574632359375 0.258128834375 0.2574632359375 0.14883435625000002 0.0008088234375 0.14883435625000002 0.0008088234375 0.258128834375
3 0.30683823593750004 0.5625460125 0.477132353125 0.5625460125 0.477132353125 0.4064110421875 0.30683823593750004 0.4064110421875 0.30683823593750004 0.5625460125