2 0.355702803125 0.24247706249999998 0.3214760546875 0.0375742 0.1547612140625 0.06332110468749999 0.057861848437499995 0.07920777031250001 0.0834468703125 0.23949740468749997 0.15997383125 0.22569618593750002 0.1681620453125 0.2744790078125 0.355702803125 0.24247706249999998
9 0.34121398593749996 1 0.3273363875 0.9054910484375001 0.2021479765625 0.92601570625 0.21301175625000002 1 0.34121398593749996 1
2 0.5854303515625 1 0.553613340625 0.8090119078125 0.354146384375 0.84422376875 0.345566390625 0.792972284375 0.2832208296875 0.8044958031249999 0.3008531296875 0.9106141546875 0.1997188125 0.925893184375 0.211310853125 1 0.5854303515625 1
5 0.0637078484375 0.5484919140625 0.0031392671875 0.5584221421875 0.0142791828125 0.6342869765625 0.0748477640625 0.6243567484375 0.0637078484375 0.5484919140625
10 0.47190251562499996 0.8299242437500001 0.5583609703125 0.8157493656250001 0.54368764375 0.715821371875 0.45722918906250004 0.7299962468750001 0.47190251562499996 0.8299242437500001
6 0.3566359046875 0.8472835453125 0.47729644687499995 0.8275012328125 0.45045135312499995 0.6446813140625001 0.32979081250000003 0.6644636265625 0.3566359046875 0.8472835453125
0 0.353520309375 0.24582938125 0.43858704218750005 0.231882678125 0.41745276875000004 0.0879544640625 0.3323860359375 0.1019011671875 0.353520309375 0.24582938125
0 0.47029259375 0.6422568546874999 0.5302511015625 0.63242665 0.49844701562499993 0.4158350875 0.43848850468749995 0.42566529375 0.47029259375 0.6422568546874999
9 0.1700101078125 0.2310221171875 0.1456054765625 0.06482218906250001 0.0552387578125 0.0796378265625 0.0796433890625 0.245837753125 0.1700101078125 0.2310221171875
7 0.27739729375 0.670568 0.47653770937499995 0.6379189000000001 0.44584863124999996 0.42892075468749996 0.2467082171875 0.46156985468749995 0.27739729375 0.670568
9 0.118744234375 0.48878711875 0.2643318828125 0.46491800312500003 0.24794446093750003 0.3533167171875 0.1023568140625 0.377185834375 0.118744234375 0.48878711875
1 0.31814921875 0.4520230734375 0.5038966765625 0.4215697515625 0.47498788125 0.2246956515625 0.2892404234375 0.2551489734375 0.31814921875 0.4520230734375
10 0.45884112187500004 0.7393782765625 0.5453091062500001 0.7252018375 0.53063578125 0.6252738421874999 0.44416779531249995 0.63945028125 0.45884112187500004 0.7393782765625
3 0.1147552203125 0.68619024375 0.24699757187500002 0.664509090625 0.230696703125 0.553497246875 0.0984543515625 0.5751784 0.1147552203125 0.68619024375