2 0.7437878421875 0.8332835218750001 0.7264318015625 0.90927044375 0.8862939734375 0.9415709859374999 0.93928538125 0.6793961828125 0.7361404078125 0.6368148140625001 0.695425378125 0.823106246875 0.7437878421875 0.8332835218750001
9 0 0.7538817828125 0.04599080625 0.7625763765625 0.07233234375 0.6381878171875 0 0.6245133375 0 0.7538817828125
2 0 0.7558663703125 0.046000040625 0.7650112296875 0.0659793125 0.66447005625 0.17119162500000001 0.6864291515625001 0.18561099375 0.6245349484375 0.13480008906250002 0.6138652421875 0.179278178125 0.4157749078125 0 0.378277971875 0 0.7558663703125
5 0.341478071875 0.9021984359375 0.3273295 0.9690100484374999 0.40261488749999996 0.983242803125 0.416763459375 0.9164311921875001 0.341478071875 0.9021984359375
10 0.2537398890625 0.5154047484375 0.2719320578125 0.42949869218750003 0.1727673 0.4107515234375 0.1545751328125 0.49665758125000004 0.2537398890625 0.5154047484375
6 0.3132823046875 0.645548646875 0.338671109375 0.5256590265625001 0.157247546875 0.49136077499999997 0.13185874375 0.6112503968749999 0.3132823046875 0.645548646875
0 0.8755179671875 0.6658633125 0.8934172953124999 0.5813400875 0.750588390625 0.5543381843749999 0.7326890625 0.638861409375 0.8755179671875 0.6658633125
0 0.55695540625 0.546544853125 0.569571584375 0.4869694296875 0.3546343265625 0.446335390625 0.34201815 0.5059108140624999 0.55695540625 0.546544853125
9 0.719919271875 0.9128168046875 0.8859967265625001 0.9442138640625 0.9050112515625001 0.8544245125 0.7389337984375 0.8230274546875 0.719919271875 0.9128168046875
7 0.5121433265625 0.7369181031250001 0.554045484375 0.5390500296875 0.3466436453125 0.49984056718750003 0.30474148749999996 0.6977086406249999 0.5121433265625 0.7369181031250001
9 0.5897340703125 0.884747628125 0.6203679156249999 0.7400901640625 0.5096190265625 0.719153009375 0.4789851828125 0.8638104734375001 0.5897340703125 0.884747628125
1 0.7203817359375 0.70278025 0.7594658109375 0.5182195640625 0.5640954125000001 0.4812846546875 0.5250113375 0.6658453390625 0.7203817359375 0.70278025
10 0.34360519218749996 0.5321574296875 0.361799365625 0.4462419015625 0.26263460781250003 0.4274947359375 0.24444043437500002 0.5134102640625 0.34360519218749996 0.5321574296875
3 0.39171724218750004 0.8805878671875 0.4195430328125 0.749190434375 0.3093790875 0.728363865625 0.2815532953125 0.8597612968749999 0.39171724218750004 0.8805878671875