2 0.3970113859375 0.00614499375 0.134848196875 0.0037054078125 0.1368500953125 0.1645224390625 0.21319734375000002 0.163302646875 0.2141935484375 0.2120368234375 0.40103415625 0.21081703125 0.3970113859375 0.00614499375
9 0.2788425046875 0.850909090625 0.1542409859375 0.850909090625 0.1542409859375 0.9579746828125 0.2788425046875 0.9579746828125 0.2788425046875 0.850909090625
2 0.5165085390625 1 0.51253320625 0.7931760640625 0.3136432640625 0.79561565 0.31261859531249997 0.744418871875 0.25037950625 0.7456846953125 0.25237191718749996 0.851668584375 0.1518975328125 0.8504027625000001 0.1529222015625 0.9600920593750001 0.271442125 0.9563866515624999 0.27248576875 1 0.5165085390625 1
5 0 0.5373302640625 0.0735673625 0.5373302640625 0.0735673625 0.46179516718749997 0 0.46179516718749997 0 0.5373302640625
10 0.5161859578125 0.7009896437500001 0.4301328265625 0.7009896437500001 0.4301328265625 0.8004833140625 0.5161859578125 0.8004833140625 0.5161859578125 0.7009896437500001
6 0.4357210625 0.6169620250000001 0.31562618593749997 0.6169620250000001 0.31562618593749997 0.7989873421875 0.4357210625 0.7989873421875 0.4357210625 0.6169620250000001
0 0.48310246718750005 0.0704257765625 0.398434534375 0.0704257765625 0.398434534375 0.2137284234375 0.48310246718750005 0.2137284234375 0.48310246718750005 0.0704257765625
0 0.5150284625 0.4021173765625 0.45535104375 0.4021173765625 0.45535104375 0.6177675484375 0.5150284625 0.6177675484375 0.5150284625 0.4021173765625
9 0.1322485765625 0 0.1322485765625 0.17008055312499998 0.22219165156249998 0.17008055312499998 0.22219165156249998 0 0.1322485765625 0
7 0.4620398484375 0.406455696875 0.26383301718749996 0.406455696875 0.26383301718749996 0.6145454546875 0.4620398484375 0.6145454546875 0.4620398484375 0.406455696875
9 0.2804838703125 0.3014039125 0.135578746875 0.3014039125 0.135578746875 0.41252013749999994 0.2804838703125 0.41252013749999994 0.2804838703125 0.3014039125
1 0.519506640625 0.212543153125 0.33462998125 0.212543153125 0.33462998125 0.408561565625 0.519506640625 0.408561565625 0.519506640625 0.212543153125
10 0.5164231499999999 0.61087456875 0.43036053125 0.61087456875 0.43036053125 0.7103682390625 0.5164231499999999 0.7103682390625 0.5164231499999999 0.61087456875
3 0.235151803125 0.49327963124999996 0.1035294125 0.49327963124999996 0.1035294125 0.6038089765625 0.235151803125 0.6038089765625 0.235151803125 0.49327963124999996