2 0.5989658437500001 0.21081703125 0.7858064515625001 0.2120368234375 0.78680265625 0.163302646875 0.8631499046875 0.1645224390625 0.865151803125 0.0037054078125 0.6029886140625 0.00614499375 0.5989658437500001 0.21081703125
9 0.7211574953125 0.9579746828125 0.8457590140625 0.9579746828125 0.8457590140625 0.850909090625 0.7211574953125 0.850909090625 0.7211574953125 0.9579746828125
2 0.72751423125 1 0.728557875 0.9563866515624999 0.8470777984375 0.9600920593750001 0.8481024671874999 0.8504027625000001 0.7476280828124999 0.851668584375 0.74962049375 0.7456846953125 0.6873814046875 0.744418871875 0.6863567359375 0.79561565 0.48746679375 0.7931760640625 0.48349146093749995 1 0.72751423125 1
5 1 0.46179516718749997 0.9264326374999999 0.46179516718749997 0.9264326374999999 0.5373302640625 1 0.5373302640625 1 0.46179516718749997
10 0.4838140421875 0.8004833140625 0.5698671734375 0.8004833140625 0.5698671734375 0.7009896437500001 0.4838140421875 0.7009896437500001 0.4838140421875 0.8004833140625
6 0.5642789375 0.7989873421875 0.6843738140625 0.7989873421875 0.6843738140625 0.6169620250000001 0.5642789375 0.6169620250000001 0.5642789375 0.7989873421875
0 0.5168975328125 0.2137284234375 0.601565465625 0.2137284234375 0.601565465625 0.0704257765625 0.5168975328125 0.0704257765625 0.5168975328125 0.2137284234375
0 0.4849715375 0.6177675484375 0.54464895625 0.6177675484375 0.54464895625 0.4021173765625 0.4849715375 0.4021173765625 0.4849715375 0.6177675484375
9 0.7778083484375 0 0.7778083484375 0.17008055312499998 0.8677514234375 0.17008055312499998 0.8677514234375 0 0.7778083484375 0
7 0.5379601515625 0.6145454546875 0.7361669828124999 0.6145454546875 0.7361669828124999 0.406455696875 0.5379601515625 0.406455696875 0.5379601515625 0.6145454546875
9 0.7195161296875 0.41252013749999994 0.864421253125 0.41252013749999994 0.864421253125 0.3014039125 0.7195161296875 0.3014039125 0.7195161296875 0.41252013749999994
1 0.48049335937500004 0.408561565625 0.66537001875 0.408561565625 0.66537001875 0.212543153125 0.48049335937500004 0.212543153125 0.48049335937500004 0.408561565625
10 0.48357685000000006 0.7103682390625 0.5696394687499999 0.7103682390625 0.5696394687499999 0.61087456875 0.48357685000000006 0.61087456875 0.48357685000000006 0.7103682390625
3 0.7648481968749999 0.6038089765625 0.8964705875 0.6038089765625 0.8964705875 0.49327963124999996 0.7648481968749999 0.49327963124999996 0.7648481968749999 0.6038089765625