2 0.304574621875 0.823106246875 0.2638595921875 0.6368148140625001 0.060714618750000005 0.6793961828125 0.11370602656249999 0.9415709859374999 0.2735681984375 0.90927044375 0.2562121578125 0.8332835218750001 0.304574621875 0.823106246875
9 1 0.6245133375 0.92766765625 0.6381878171875 0.9540091937499999 0.7625763765625 1 0.7538817828125 1 0.6245133375
2 1 0.378277971875 0.8207218218750001 0.4157749078125 0.8651999109374999 0.6138652421875 0.8143890062500001 0.6245349484375 0.828808375 0.6864291515625001 0.9340206875 0.66447005625 0.953999959375 0.7650112296875 1 0.7558663703125 1 0.378277971875
5 0.583236540625 0.9164311921875001 0.5973851125 0.983242803125 0.6726705 0.9690100484374999 0.658521928125 0.9021984359375 0.583236540625 0.9164311921875001
10 0.8454248671875 0.49665758125000004 0.8272327 0.4107515234375 0.7280679421875 0.42949869218750003 0.7462601109375 0.5154047484375 0.8454248671875 0.49665758125000004
6 0.86814125625 0.6112503968749999 0.842752453125 0.49136077499999997 0.661328890625 0.5256590265625001 0.6867176953125 0.645548646875 0.86814125625 0.6112503968749999
0 0.2673109375 0.638861409375 0.249411609375 0.5543381843749999 0.1065827046875 0.5813400875 0.1244820328125 0.6658633125 0.2673109375 0.638861409375
0 0.65798185 0.5059108140624999 0.6453656734375001 0.446335390625 0.43042841562499995 0.4869694296875 0.44304459375 0.546544853125 0.65798185 0.5059108140624999
9 0.2610662015625 0.8230274546875 0.0949887484375 0.8544245125 0.11400327343750001 0.9442138640625 0.280080728125 0.9128168046875 0.2610662015625 0.8230274546875
7 0.6952585124999999 0.6977086406249999 0.6533563546875001 0.49984056718750003 0.445954515625 0.5390500296875 0.4878566734375 0.7369181031250001 0.6952585124999999 0.6977086406249999
9 0.5210148171875 0.8638104734375001 0.4903809734375 0.719153009375 0.37963208437499996 0.7400901640625 0.41026592968750003 0.884747628125 0.5210148171875 0.8638104734375001
1 0.47498866250000005 0.6658453390625 0.43590458749999994 0.4812846546875 0.2405341890625 0.5182195640625 0.2796182640625 0.70278025 0.47498866250000005 0.6658453390625
10 0.755559565625 0.5134102640625 0.7373653921875001 0.4274947359375 0.638200634375 0.4462419015625 0.6563948078124999 0.5321574296875 0.755559565625 0.5134102640625
3 0.7184467046874999 0.8597612968749999 0.6906209125 0.728363865625 0.5804569671875 0.749190434375 0.6082827578125001 0.8805878671875 0.7184467046874999 0.8597612968749999