2 0.8318379546875001 0.2744790078125 0.84002616875 0.22569618593750002 0.9165531296875 0.23949740468749997 0.9421381515625 0.07920777031250001 0.8452387859374999 0.06332110468749999 0.6785239453125 0.0375742 0.644297196875 0.24247706249999998 0.8318379546875001 0.2744790078125
9 0.78698824375 1 0.7978520234375 0.92601570625 0.6726636125 0.9054910484375001 0.6587860140624999 1 0.78698824375 1
2 0.788689146875 1 0.8002811875000001 0.925893184375 0.6991468703125 0.9106141546875 0.7167791703125 0.8044958031249999 0.6544336093750001 0.792972284375 0.645853615625 0.84422376875 0.446386659375 0.8090119078125 0.4145696484375 1 0.788689146875 1
5 0.9251522359375001 0.6243567484375 0.9857208171874999 0.6342869765625 0.9968607328125 0.5584221421875 0.9362921515625 0.5484919140625 0.9251522359375001 0.6243567484375
10 0.5427708109375 0.7299962468750001 0.45631235625000005 0.715821371875 0.4416390296875 0.8157493656250001 0.528097484375 0.8299242437500001 0.5427708109375 0.7299962468750001
6 0.6702091875 0.6644636265625 0.549548646875 0.6446813140625001 0.522703553125 0.8275012328125 0.6433640953124999 0.8472835453125 0.6702091875 0.6644636265625
0 0.6676139640625001 0.1019011671875 0.58254723125 0.0879544640625 0.5614129578125 0.231882678125 0.646479690625 0.24582938125 0.6676139640625001 0.1019011671875
0 0.5615114953125 0.42566529375 0.5015529843750001 0.4158350875 0.4697488984375 0.63242665 0.52970740625 0.6422568546874999 0.5615114953125 0.42566529375
9 0.9203566109375 0.245837753125 0.9447612421875 0.0796378265625 0.8543945234375 0.06482218906250001 0.8299898921875 0.2310221171875 0.9203566109375 0.245837753125
7 0.7532917828125 0.46156985468749995 0.55415136875 0.42892075468749996 0.523462290625 0.6379189000000001 0.72260270625 0.670568 0.7532917828125 0.46156985468749995
9 0.8976431859374999 0.377185834375 0.7520555390625 0.3533167171875 0.7356681171874999 0.46491800312500003 0.881255765625 0.48878711875 0.8976431859374999 0.377185834375
1 0.7107595765625 0.2551489734375 0.52501211875 0.2246956515625 0.49610332343749997 0.4215697515625 0.68185078125 0.4520230734375 0.7107595765625 0.2551489734375
10 0.5558322046875 0.63945028125 0.46936421875 0.6252738421874999 0.45469089374999994 0.7252018375 0.541158878125 0.7393782765625 0.5558322046875 0.63945028125
3 0.9015456484375 0.5751784 0.769303296875 0.553497246875 0.7530024281250001 0.664509090625 0.8852447796874999 0.68619024375 0.9015456484375 0.5751784