3 0.33410799375 0.6437140796875 0.556086296875 0.6528004843749999 0.5697543328125 0.5057182124999999 0.3477760296875 0.496631809375 0.33410799375 0.6437140796875
7 0 0.68511860625 0.3083570875 0.6977408171875 0.3507576640625 0.241466540625 0.0247825390625 0.22812315781249998 0 0.4948090359375 0 0.68511860625
2 0.5951338500000001 1 0.6131515578125 0.7937582234375 0.4597658953125 0.784963490625 0.47049608281250005 0.6986809875 0 0.68647513125 0 1 0.5951338500000001 1
0 0.350190915625 0.1289317796875 0.035198375 0.11603795312500001 0.023818965625 0.238492221875 0.33881150625 0.2513860484375 0.350190915625 0.1289317796875
9 0.7034255421875 0.71747294375 0.9777399890625 0.7287016640624999 0.9910476453125 0.5854974453125 0.7167332 0.574268725 0.7034255421875 0.71747294375
1 0.6602683781249999 0.5875048921875 0.9896083265625 0.6009860109375 0.9969640796875 0.521830471875 0.9990469031250001 0.1638234421875 0.7007747671875 0.15161404375 0.6602683781249999 0.5875048921875
9 0.59769004375 1 0.6168262265625 0.794074796875 0.45871703124999996 0.7876027953125 0.43897942187499994 1 0.59769004375 1
1 0.32172395468750004 0.45904661406249997 0.677469640625 0.47360861875 0.7077524703125 0.1477338890625 0.3520067859375 0.1331718859375 0.32172395468750004 0.45904661406249997
6 0.77404215625 1 0.8011899187499999 0.70786185625 0.616725021875 0.700311015625 0.5888755765625 1 0.77404215625 1
0 0.9997566140625 0.0418344125 0.7142721937500001 0.030148465625 0.7031696625 0.1496232515625 0.999059053125 0.161735115625 0.9997566140625 0.0418344125
10 0.9525288249999999 1 0.97842119375 0.7213711968750001 0.7918173203125 0.7137328000000001 0.76521513125 1 0.9525288249999999 1