3 0.6522239703125 0.496631809375 0.4302456671875 0.5057182124999999 0.44391370312499995 0.6528004843749999 0.66589200625 0.6437140796875 0.6522239703125 0.496631809375
7 1 0.4948090359375 0.9752174609375001 0.22812315781249998 0.6492423359374999 0.241466540625 0.6916429125 0.6977408171875 1 0.68511860625 1 0.4948090359375
2 1 0.68647513125 0.5295039171875 0.6986809875 0.5402341046875 0.784963490625 0.3868484421875 0.7937582234375 0.40486615 1 1 1 1 0.68647513125
0 0.66118849375 0.2513860484375 0.9761810343749999 0.238492221875 0.964801625 0.11603795312500001 0.649809084375 0.1289317796875 0.66118849375 0.2513860484375
9 0.2832668 0.574268725 0.0089523546875 0.5854974453125 0.022260010937499998 0.7287016640624999 0.29657445781249997 0.71747294375 0.2832668 0.574268725
1 0.2992252328125 0.15161404375 0.000953096875 0.1638234421875 0.0030359203125 0.521830471875 0.0103916734375 0.6009860109375 0.339731621875 0.5875048921875 0.2992252328125 0.15161404375
9 0.5610205781250001 1 0.54128296875 0.7876027953125 0.3831737734375 0.794074796875 0.40230995625 1 0.5610205781250001 1
1 0.6479932140625 0.1331718859375 0.2922475296875 0.1477338890625 0.322530359375 0.47360861875 0.6782760453125001 0.45904661406249997 0.6479932140625 0.1331718859375
6 0.41112442343750005 1 0.383274978125 0.700311015625 0.19881008125 0.70786185625 0.22595784375 1 0.41112442343750005 1
0 0.000940946875 0.161735115625 0.2968303375 0.1496232515625 0.28572780625 0.030148465625 0.00024338593749999998 0.0418344125 0.000940946875 0.161735115625
10 0.23478486875 1 0.2081826796875 0.7137328000000001 0.02157880625 0.7213711968750001 0.047471175 1 0.23478486875 1