3 0.46055973906250003 0.6084130015625 0.5120753687499999 0.3719964765625 0.3566253109375 0.3407342265625 0.3051096796875 0.5771507515625001 0.46055973906250003 0.6084130015625
7 0.6557996109374999 1 0.724555625 0.6844635734375 0.24232305312500002 0.5874827453125 0.163479115625 0.949314865625 0.41550853749999994 1 0.6557996109374999 1
2 0 0.91643790625 0.1615529109375 0.9489274906249999 0.285827153125 0.41656562499999994 0.19389195312500002 0.4010804265625 0.22689385 0.23693719375 0.0445373484375 0.19919875 0 0.40359041093750003 0 0.91643790625
0 0.7794527718750001 1 0.84046878125 0.719984146875 0.711047859375 0.6939565640625001 0.6443603890625 1 0.7794527718750001 1
9 0.36595970312500004 0.0021290906250000003 0.33033629375 0.165612728125 0.48168766874999996 0.1960507 0.5237435484375 0.0030470515625 0.36595970312500004 0.0021290906250000003
1 0.9690580671875001 0.08783809218750001 0.5481445234375 0.0031890109375000003 0.5066780890625 0.0029477671875 0.45254788125 0.2513631625 0.913237371875 0.34401150625 0.9690580671875001 0.08783809218750001
9 0.22757527500000002 0.23297194999999998 0.0451713765625 0.1962890671875 0.0084781734375 0.3646822171875 0.190882071875 0.40136510156250005 0.22757527500000002 0.23297194999999998
1 0.8365936078124999 0.716757353125 0.9191533140624999 0.33787276093749996 0.574738965625 0.2686082796875 0.49217926093750003 0.6474928734375001 0.8365936078124999 0.716757353125
6 0.367065396875 0.06571408281249999 0.0859432125 0.0091781625 0.043133509375000004 0.2056412796875 0.3242556921875 0.2621772015625 0.367065396875 0.06571408281249999
0 0.9979556921875 0.0936496359375 0.9712573609374999 0.0882803875 0.9159475828125 0.3421090859375 0.9918175984375001 0.357367153125 0.9979556921875 0.0936496359375
10 0.08783180625 0.000510990625 0.08390244375 0.0185437 0.35843924375 0.073755246875 0.3740364859375 0.00217608125 0.08783180625 0.000510990625