3 0.5777139359375 0.4806559265625 0.360770171875 0.4806559265625 0.360770171875 0.6238089765625 0.5777139359375 0.6238089765625 0.5777139359375 0.4806559265625
7 0.340586796875 0.23313003437500002 0.0028117359375 0.23313003437500002 0.0028117359375 0.677215190625 0.340586796875 0.677215190625 0.340586796875 0.23313003437500002
2 0.6473227390625 0.990909090625 0.6460268953125 0.758216340625 0.4958924203125 0.7557767546874999 0.4985330078125 0.6716916 0.0040342296875 0.6790563859375001 0.0028117359375 0.9982738781249999 0.6473227390625 0.990909090625
0 0.3298533 0.124039125 0.0014914421875 0.124039125 0.0014914421875 0.24322209374999998 0.3298533 0.24322209374999998 0.3298533 0.124039125
9 0.999523228125 0.5412888375 0.727017115625 0.5412888375 0.727017115625 0.680667434375 0.999523228125 0.680667434375 0.999523228125 0.5412888375
1 1 0.1321173765625 0.673239609375 0.1321173765625 0.673239609375 0.5563636359374999 1 0.5563636359374999 1 0.1321173765625
9 0.6496332515625001 0.7583774453125 0.49511002499999995 0.7583774453125 0.49511002499999995 0.9947410812499999 0.6496332515625001 0.9947410812499999 0.6496332515625001 0.7583774453125
1 0.6796821515625 0.1280782515625 0.332004890625 0.1280782515625 0.332004890625 0.44524741093750003 0.6796821515625 0.44524741093750003 0.6796821515625 0.1280782515625
6 0.82133251875 0.6674683546875 0.6410513453125 0.6674683546875 0.6410513453125 0.9947410812499999 0.82133251875 0.9947410812499999 0.82133251875 0.6674683546875
0 0.9994621031250001 0.008883775 0.6753911984375 0.008883775 0.6753911984375 0.13009205937499999 0.9994621031250001 0.13009205937499999 0.9994621031250001 0.008883775
10 0.9973105140625 1 0.9973105140625 0.673532796875 0.8127383859374999 0.673532796875 0.8127383859374999 1 0.9973105140625 1