3 0.6948903203125 0.5771507515625001 0.6433746890625 0.3407342265625 0.48792463125 0.3719964765625 0.5394402609375 0.6084130015625 0.6948903203125 0.5771507515625001
7 0.5844914625000001 1 0.836520884375 0.949314865625 0.757676946875 0.5874827453125 0.275444375 0.6844635734375 0.3442003890625 1 0.5844914625000001 1
2 1 0.40359041093750003 0.9554626515625 0.19919875 0.77310615 0.23693719375 0.8061080468749999 0.4010804265625 0.714172846875 0.41656562499999994 0.8384470890625 0.9489274906249999 1 0.91643790625 1 0.40359041093750003
0 0.3556396109375 1 0.288952140625 0.6939565640625001 0.15953121875 0.719984146875 0.220547228125 1 0.3556396109375 1
9 0.47625645156249996 0.0030470515625 0.51831233125 0.1960507 0.6696637062499999 0.165612728125 0.6340402968750001 0.0021290906250000003 0.47625645156249996 0.0030470515625
1 0.08676262812499999 0.34401150625 0.54745211875 0.2513631625 0.4933219109375 0.0029477671875 0.45185547656249997 0.0031890109375000003 0.0309419328125 0.08783809218750001 0.08676262812499999 0.34401150625
9 0.8091179281249999 0.40136510156250005 0.9915218265625001 0.3646822171875 0.9548286234375001 0.1962890671875 0.772424725 0.23297194999999998 0.8091179281249999 0.40136510156250005
1 0.5078207390625 0.6474928734375001 0.42526103437499996 0.2686082796875 0.0808466859375 0.33787276093749996 0.1634063921875 0.716757353125 0.5078207390625 0.6474928734375001
6 0.6757443078125001 0.2621772015625 0.956866490625 0.2056412796875 0.9140567875000001 0.0091781625 0.632934603125 0.06571408281249999 0.6757443078125001 0.2621772015625
0 0.0081824015625 0.357367153125 0.08405241718749999 0.3421090859375 0.0287426390625 0.0882803875 0.0020443078125 0.0936496359375 0.0081824015625 0.357367153125
10 0.6259635140625 0.00217608125 0.64156075625 0.073755246875 0.9160975562499999 0.0185437 0.91216819375 0.000510990625 0.6259635140625 0.00217608125