9 0.6080258625 0.2691149421875 0.5233017234374999 0.2691149421875 0.5233017234374999 0.42080459843750007 0.6080258625 0.42080459843750007 0.6080258625 0.2691149421875
7 0.5264655171875 0.08501149375 0.1483017234375 0.08501149375 0.1483017234375 0.6052068968750001 0.5264655171875 0.6052068968750001 0.5264655171875 0.08501149375
1 0.8567586203124999 0.5144022984375 0.5297413796875 0.5160919546875 0.5309999999999999 0.7231609203125 0.600431034375 0.7181609203125 0.6029741375000001 0.766931034375 0.8605517234375 0.7601954015625 0.8567586203124999 0.5144022984375
1 0.9602931031249999 0.1808965515625 0.85916379375 0.1808965515625 0.85916379375 0.3022758625 0.9602931031249999 0.3022758625 0.9602931031249999 0.1808965515625
2 0.3668103453125 0.719770115625 0.44767241406249997 0.721494253125 0.44767241406249997 0.5968965515625 0.06635344843749999 0.5985747124999999 0.06887931093750001 0.8999195406249999 0.3668965515625 0.9033333328125 0.3668103453125 0.719770115625
9 0.6080258625 0.7196206890625 0.472793103125 0.7196206890625 0.472793103125 0.9150804593749999 0.6080258625 0.9150804593749999 0.6080258625 0.7196206890625
9 0.865 0.76241379375 0.7007758625 0.76241379375 0.7007758625 0.9208045984375 0.865 0.9208045984375 0.865 0.76241379375
10 0.9527241375 0.0822528734375 0.8376724140625 0.0822528734375 0.8376724140625 0.1834252875 0.9527241375 0.1834252875 0.9527241375 0.0822528734375
0 0.157267240625 0.0788850578125 0.049818965625 0.0788850578125 0.049818965625 0.5992528734375 0.157267240625 0.5992528734375 0.157267240625 0.0788850578125
6 0.7595431031250001 0.0788850578125 0.5233017234374999 0.0788850578125 0.5233017234374999 0.2709655171875 0.7595431031250001 0.2709655171875 0.7595431031250001 0.0788850578125
1 0.8630775859375 0.27029885 0.6749396546875001 0.2686091953125 0.6724224140625 0.41675862031250005 0.6168620687499999 0.4133908046875 0.6174999999999999 0.5186206890625 0.8618103453125 0.5177701156250001 0.8630775859375 0.27029885