9 0.49498716875 0.5554382015625 0.4025496484375 0.54457171875 0.37529725625 0.7113400203125 0.4677347765625 0.7222065015625 0.49498716875 0.5554382015625
7 0.9372571125 0.40080192031250006 0.52466485 0.352299690625 0.43120712968749997 0.9242048953124999 0.8437993921875 0.9727071234375 0.9372571125 0.40080192031250006
1 0.4702459734375 0.1646866515625 0.1880081109375 0.13905565625 0.1479876296875 0.40976821250000006 0.505080459375 0.44985291250000004 0.54090903125 0.22203891874999998 0.4642586203125 0.21863091093749998 0.4702459734375 0.1646866515625
1 0 0.76607285625 0.0854462203125 0.7761174750000001 0.10725309062499999 0.6426725046875 0 0.6300643828125 0 0.76607285625
2 0.7194375125 0.246825290625 0.6315234249999999 0.2345586203125 0.609138340625 0.37154190468750004 0.9829022281249999 0.41379153124999996 0.996641540625 0.076604659375 0.75232221875 0.045003990625000004 0.7194375125 0.246825290625
9 0.6388951984375 0.018507151562499997 0.49135069218750005 0.0011625765625 0.45623461093750006 0.2160519421875 0.6037791171875 0.23339651562500002 0.6388951984375 0.018507151562499997
9 0.205785365625 0 0.1835534109375 0.13604622500000002 0.36272870468749996 0.157109153125 0.3884026515625 0 0.205785365625 0
10 0 0.8766054984375 0.0911719875 0.887323209375 0.1093485109375 0.7760937953125 0 0.7632393468750001 0 0.8766054984375
0 0.9029223156249999 0.9865221328124999 0.97838046875 0.524763484375 0.9829408421875 0.41284389062500004 0.9264056703125 0.40619790624999996 0.8329169750000001 0.9782926640625 0.9029223156249999 0.9865221328124999
6 0.4680672484375 0.7201719703125 0.21031818124999999 0.6898723140625 0.1758092234375 0.9010464484374999 0.433558290625 0.93134610625 0.4680672484375 0.7201719703125
1 0.40978650468750005 0.43581713437499997 0.14308105 0.4054177 0.097238028125 0.67732620625 0.3022006921875 0.703313865625 0.3315634640625 0.5407605640625001 0.39157702968749997 0.5515891703125 0.40978650468750005 0.43581713437499997