9 0.5421961625 0.7535527609375 0.6318720156250001 0.7483270828124999 0.6215768984375 0.58759234375 0.5319010453125 0.5928180234375 0.5421961625 0.7535527609375
7 0.1577742609375 0.9717636234375 0.5580398921875 0.9484389546875001 0.5227344359375 0.39722488125 0.12246880468750002 0.42054954999999994 0.1577742609375 0.9717636234375
1 0.593356734375 0.2729734359375 0.5195284453125 0.2719577109375 0.532249953125 0.49145159843749997 0.8784944421875001 0.4730719921875 0.8658273515625 0.21238856718750002 0.5927384609375 0.2211383578125 0.593356734375 0.2729734359375
1 0.983880834375 0.6925450640624999 0.8954371218749999 0.6976989437500001 0.9036750874999999 0.826315965625 0.9808719859374999 0.8218174734374999 0.983880834375 0.6925450640624999
2 0.036181171875 0.43263167031250005 0.439900278125 0.41089062343749994 0.43144388125 0.2788633 0.3459728328125 0.2856777171875 0.3336057140625 0.0911635125 0.018402504687499998 0.1131621953125 0.036181171875 0.43263167031250005
9 0.45815990937500006 0.27929916875 0.6012963671875 0.2709581828125 0.5880305906250001 0.06384336562500001 0.44489413281249995 0.0721843515625 0.45815990937500006 0.27929916875
9 0.6965628046875 0.2198926703125 0.870385046875 0.2097635296875 0.8596351265625 0.041928059375 0.685812884375 0.052057200000000005 0.6965628046875 0.2198926703125
10 0.9809346703124999 0.8191242984375 0.8807560171875 0.8249620046875 0.8876225484375 0.9321672171875001 0.9784267265625 0.9268757890625 0.9809346703124999 0.8191242984375
0 0.1675997921875 0.97645686875 0.132362409375 0.426305621875 0.0186343015625 0.432932896875 0.05323406562500001 0.9731291656250001 0.1675997921875 0.97645686875
6 0.5551069890625 0.9551258421875 0.8051555328125 0.940554771875 0.79211910625 0.7370207671875 0.542070565625 0.751591840625 0.5551069890625 0.9551258421875
1 0.6314327093750001 0.5949032078125 0.6900117140625001 0.587907678125 0.702730921875 0.7447358281249999 0.9017499250000001 0.7313413093750001 0.8836128421874999 0.469191771875 0.6249660140625 0.48335923437500006 0.6314327093750001 0.5949032078125