9 0.3919741375 0.42080459843750007 0.4766982765625 0.42080459843750007 0.4766982765625 0.2691149421875 0.3919741375 0.2691149421875 0.3919741375 0.42080459843750007
7 0.4735344828125 0.6052068968750001 0.8516982765625001 0.6052068968750001 0.8516982765625001 0.08501149375 0.4735344828125 0.08501149375 0.4735344828125 0.6052068968750001
1 0.1394482765625 0.7601954015625 0.3970258625 0.766931034375 0.399568965625 0.7181609203125 0.46900000000000003 0.7231609203125 0.4702586203125 0.5160919546875 0.1432413796875 0.5144022984375 0.1394482765625 0.7601954015625
1 0.039706896874999995 0.3022758625 0.14083620624999998 0.3022758625 0.14083620624999998 0.1808965515625 0.039706896874999995 0.1808965515625 0.039706896874999995 0.3022758625
2 0.6331034484375 0.9033333328125 0.9311206890625 0.8999195406249999 0.9336465515624999 0.5985747124999999 0.5523275859375001 0.5968965515625 0.5523275859375001 0.721494253125 0.6331896546875 0.719770115625 0.6331034484375 0.9033333328125
9 0.3919741375 0.9150804593749999 0.527206896875 0.9150804593749999 0.527206896875 0.7196206890625 0.3919741375 0.7196206890625 0.3919741375 0.9150804593749999
9 0.135 0.9208045984375 0.2992241375 0.9208045984375 0.2992241375 0.76241379375 0.135 0.76241379375 0.135 0.9208045984375
10 0.0472758625 0.1834252875 0.16232758593750002 0.1834252875 0.16232758593750002 0.0822528734375 0.0472758625 0.0822528734375 0.0472758625 0.1834252875
0 0.842732759375 0.5992528734375 0.950181034375 0.5992528734375 0.950181034375 0.0788850578125 0.842732759375 0.0788850578125 0.842732759375 0.5992528734375
6 0.240456896875 0.2709655171875 0.4766982765625 0.2709655171875 0.4766982765625 0.0788850578125 0.240456896875 0.0788850578125 0.240456896875 0.2709655171875
1 0.1381896546875 0.5177701156250001 0.3825 0.5186206890625 0.38313793125 0.4133908046875 0.32757758593749997 0.41675862031250005 0.3250603453125 0.2686091953125 0.1369224140625 0.27029885 0.1381896546875 0.5177701156250001