9 0.46809895468749996 0.5928180234375 0.37842310156250003 0.58759234375 0.368127984375 0.7483270828124999 0.45780383750000003 0.7535527609375 0.46809895468749996 0.5928180234375
7 0.8775311953125 0.42054954999999994 0.4772655640625 0.39722488125 0.4419601078125 0.9484389546875001 0.8422257390624999 0.9717636234375 0.8775311953125 0.42054954999999994
1 0.40726153906249996 0.2211383578125 0.13417264843750001 0.21238856718750002 0.12150555781250001 0.4730719921875 0.467750046875 0.49145159843749997 0.4804715546875 0.2719577109375 0.40664326562499997 0.2729734359375 0.40726153906249996 0.2211383578125
1 0.0191280140625 0.8218174734374999 0.0963249125 0.826315965625 0.10456287812500001 0.6976989437500001 0.016119165625 0.6925450640624999 0.0191280140625 0.8218174734374999
2 0.9815974953125 0.1131621953125 0.6663942859375 0.0911635125 0.6540271671875 0.2856777171875 0.56855611875 0.2788633 0.560099721875 0.41089062343749994 0.9638188281250001 0.43263167031250005 0.9815974953125 0.1131621953125
9 0.5551058671875 0.0721843515625 0.411969409375 0.06384336562500001 0.3987036328125 0.2709581828125 0.5418400906249999 0.27929916875 0.5551058671875 0.0721843515625
9 0.314187115625 0.052057200000000005 0.14036487343749998 0.041928059375 0.129614953125 0.2097635296875 0.3034371953125 0.2198926703125 0.314187115625 0.052057200000000005
10 0.021573273437500002 0.9268757890625 0.11237745156250001 0.9321672171875001 0.1192439828125 0.8249620046875 0.0190653296875 0.8191242984375 0.021573273437500002 0.9268757890625
0 0.946765934375 0.9731291656250001 0.9813656984374999 0.432932896875 0.867637590625 0.426305621875 0.8324002078125 0.97645686875 0.946765934375 0.9731291656250001
6 0.457929434375 0.751591840625 0.20788089375 0.7370207671875 0.19484446718749998 0.940554771875 0.44489301093750006 0.9551258421875 0.457929434375 0.751591840625
1 0.3750339859375 0.48335923437500006 0.1163871578125 0.469191771875 0.098250075 0.7313413093750001 0.297269078125 0.7447358281249999 0.3099882859375 0.587907678125 0.36856729062500004 0.5949032078125 0.3750339859375 0.48335923437500006