1 0.7124917125 0.4733440984375 0.4540190125 0.45206326875 0.4229156265625 0.6429413359375 0.6813883265625 0.664222165625 0.7124917125 0.4733440984375
5 0.2837512 0.2180917359375 0.131959925 0.2055943046875 0.11978675624999999 0.28029970625 0.27157803125 0.2927971359375 0.2837512 0.2180917359375
2 0.8241499453125 0.6827053015625 0.41635248750000003 0.6491301171875 0.3757771875 0.8976817734375 0.48816199843749997 0.9038481640624999 0.47476455156249997 0.976976571875 0.5708826140625 0.9853569296875 0.77833900625 0.9805283296875 0.8241499453125 0.6827053015625
9 0.5304471640624999 0.7340014703125 0.40966091718750003 0.724056778125 0.3810729296875 0.899498125 0.501859175 0.9094428171875 0.5304471640624999 0.7340014703125
3 0.4058680859375 0.41803818593750003 0.2774813140625 0.40746771875 0.25069047968749997 0.5718801359375 0.37907725000000003 0.5824506015625001 0.4058680859375 0.41803818593750003
6 0.3179322359375 0.63487288125 0.117395275 0.6183620750000001 0.0632125 0.9508758281249999 0.263749459375 0.9673866343749999 0.3179322359375 0.63487288125
0 0.8533707609375 0.25237546875 0.744241090625 0.24339049687499997 0.705810378125 0.47923557656250004 0.8149400468750001 0.48822054843749996 0.8533707609375 0.25237546875
0 0.9303430875 0.687326659375 0.8270417046875 0.678821546875 0.795830428125 0.870361728125 0.8991318093749999 0.878866840625 0.9303430875 0.687326659375
9 0.69635455 0.127180440625 0.5016458796875 0.11114949375000001 0.4815935984375 0.23420814843749999 0.67630226875 0.2502390953125 0.69635455 0.127180440625
9 0.4163436921875 0.7205426640625 0.299430790625 0.7109168765625 0.2698625375 0.8923740046875 0.3867754390625 0.9019997921874999 0.4163436921875 0.7205426640625
1 0 0.631357103125 0.19757668281250002 0.6476241828125 0.23962019843750001 0.3896077328125 0 0.36987908593749996 0 0.631357103125
1 0.21913807031250002 0 0.184426709375 0.21301980937499998 0.4976012734375 0.2388044078125 0.5365142078125 0 0.21913807031250002 0
7 0.7483310515625 0.2435163515625 0.48751972656250003 0.222042975 0.4501062703125 0.45164526406250005 0.71091759375 0.473118640625 0.7483310515625 0.2435163515625