1 0.5227356750000001 0.4654459203125 0.26123844687500003 0.4654459203125 0.26123844687500003 0.6569070203125 0.5227356750000001 0.6569070203125 0.5227356750000001 0.4654459203125
5 0.8843438078125001 0.2477419359375 0.7307763406250001 0.2477419359375 0.7307763406250001 0.32267552187500004 0.8843438078125001 0.32267552187500004 0.8843438078125001 0.2477419359375
2 0.112791128125 0.9847438328125 0.41663585937500003 0.9833017078124999 0.41515711718750004 0.909829221875 0.5283548984374999 0.91288425 0.5282809609375 0.6635673625 0.1157116453125 0.6635673625 0.112791128125 0.9847438328125
9 0.52277264375 0.7382732453124999 0.40057301250000005 0.7382732453124999 0.40057301250000005 0.914250475 0.52277264375 0.914250475 0.52277264375 0.7382732453124999
3 0.7062292046875001 0.4356926 0.5763401109374999 0.4356926 0.5763401109374999 0.6006072109375 0.7062292046875001 0.6006072109375 0.7062292046875001 0.4356926
6 0.8317375234375 0.65747628125 0.6288539734375 0.65747628125 0.6288539734375 0.9910056921875 0.8317375234375 0.9910056921875 0.8317375234375 0.65747628125
0 0.2669500921875 0.23525616718750003 0.1565434375 0.23525616718750003 0.1565434375 0.47182163125 0.2669500921875 0.47182163125 0.2669500921875 0.23525616718750003
0 0.1134565625 0.659487665625 0.0089463953125 0.659487665625 0.0089463953125 0.8516129031249999 0.1134565625 0.8516129031249999 0.1134565625 0.659487665625
9 0.5306469500000001 0.124136621875 0.3336598890625 0.124136621875 0.3336598890625 0.2475711578125 0.5306469500000001 0.2475711578125 0.5306469500000001 0.124136621875
9 0.6349537890625 0.734250475 0.516672828125 0.734250475 0.516672828125 0.916261859375 0.6349537890625 0.916261859375 0.6349537890625 0.734250475
1 0.9950831796875 0.42110056875 0.7469316078125 0.42110056875 0.7469316078125 0.6799051234375 0.9950831796875 0.6799051234375 0.9950831796875 0.42110056875
1 0.83075785625 0.00030360468750000003 0.5139186687499999 0.00030360468750000003 0.5139186687499999 0.2508159390625 0.83075785625 0.2508159390625 0.83075785625 0.00030360468750000003
7 0.526709796875 0.2350474390625 0.2628465796875 0.2350474390625 0.2628465796875 0.46535104374999997 0.526709796875 0.46535104374999997 0.526709796875 0.2350474390625