1 0.3186116734375 0.664222165625 0.5770843734375 0.6429413359375 0.5459809875 0.45206326875 0.2875082875 0.4733440984375 0.3186116734375 0.664222165625
5 0.72842196875 0.2927971359375 0.8802132437499999 0.28029970625 0.868040075 0.2055943046875 0.7162488 0.2180917359375 0.72842196875 0.2927971359375
2 0.22166099374999998 0.9805283296875 0.42911738593750004 0.9853569296875 0.5252354484375 0.976976571875 0.5118380015625 0.9038481640624999 0.6242228125 0.8976817734375 0.5836475125 0.6491301171875 0.17585005468749998 0.6827053015625 0.22166099374999998 0.9805283296875
9 0.498140825 0.9094428171875 0.6189270703124999 0.899498125 0.5903390828124999 0.724056778125 0.4695528359375 0.7340014703125 0.498140825 0.9094428171875
3 0.62092275 0.5824506015625001 0.7493095203125 0.5718801359375 0.7225186859375 0.40746771875 0.5941319140625 0.41803818593750003 0.62092275 0.5824506015625001
6 0.7362505406250001 0.9673866343749999 0.9367875 0.9508758281249999 0.882604725 0.6183620750000001 0.6820677640625 0.63487288125 0.7362505406250001 0.9673866343749999
0 0.185059953125 0.48822054843749996 0.29418962187500003 0.47923557656250004 0.255758909375 0.24339049687499997 0.1466292390625 0.25237546875 0.185059953125 0.48822054843749996
0 0.100868190625 0.878866840625 0.204169571875 0.870361728125 0.1729582953125 0.678821546875 0.0696569125 0.687326659375 0.100868190625 0.878866840625
9 0.32369773125 0.2502390953125 0.5184064015625001 0.23420814843749999 0.49835412031250004 0.11114949375000001 0.30364545 0.127180440625 0.32369773125 0.2502390953125
9 0.6132245609375 0.9019997921874999 0.7301374625 0.8923740046875 0.700569209375 0.7109168765625 0.5836563078125 0.7205426640625 0.6132245609375 0.9019997921874999
1 1 0.36987908593749996 0.7603798015625001 0.3896077328125 0.8024233171875 0.6476241828125 1 0.631357103125 1 0.36987908593749996
1 0.46348579218749997 0 0.5023987265625001 0.2388044078125 0.815573290625 0.21301980937499998 0.7808619296875 0 0.46348579218749997 0
7 0.28908240625000003 0.473118640625 0.5498937296874999 0.45164526406250005 0.5124802734375 0.222042975 0.2516689484375 0.2435163515625 0.28908240625000003 0.473118640625