1 0.505615278125 0.535987065625 0.7680447874999999 0.5020438890625 0.7353013890625 0.3088462703125 0.47287188125 0.3427894453125 0.505615278125 0.535987065625
5 0.17994937187499999 0.8026034796875001 0.33406433281250003 0.78266993125 0.32124929999999996 0.707056709375 0.1671343390625 0.7269902578125 0.17994937187499999 0.8026034796875001
2 0.5235945703125 0 0.5375795859375 0.0736092421875 0.4234557703125 0.0852199390625 0.46616778124999997 0.336788490625 0.880207975 0.283235675 0.8348193593750001 0 0.5235945703125 0
9 0.458919646875 0.26069004218749997 0.5815549390625 0.2448281390625 0.5514595703125 0.067254828125 0.428824278125 0.08311673124999999 0.458919646875 0.26069004218749997
3 0.3265559328125 0.5898282890625001 0.4569081046875 0.5729682703125001 0.428704646875 0.4065579125 0.29835247656249997 0.4234179328125 0.3265559328125 0.5898282890625001
6 0.1626710359375 0.38232445 0.366277896875 0.35598951562500003 0.30923818281250004 0.0194350515625 0.10563132187499999 0.045769984375 0.1626710359375 0.38232445
0 0.8016794953125 0.7350628140625 0.9124797671874999 0.7207316765625 0.8720226859375 0.48202060468749997 0.7612224125 0.49635174062500004 0.8016794953125 0.7350628140625
0 0.883168803125 0.2870596578125 0.988051565625 0.2734939046875 0.9551945859375 0.0796261234375 0.850311825 0.093191878125 0.883168803125 0.2870596578125
9 0.55604601875 0.8814188890624999 0.7537353703125 0.8558493374999999 0.7326257765624999 0.7312952734375 0.5349364234375 0.756864825 0.55604601875 0.8814188890624999
9 0.34702652343749996 0.2793107703125 0.46572917656249996 0.2639575234375 0.4346018546875 0.080295325 0.31589920312499997 0.095648571875 0.34702652343749996 0.2793107703125
1 0.24394355 0.348684103125 0.017603740625 0.3779593609375 0.024712221875000003 0.530581309375 0.0435083984375 0.6414853968750001 0.2882039265625 0.6098359703125 0.24394355 0.348684103125
1 0.2332006546875 0.7925459671875 0.2681417828125 0.9987109671875001 0.5771570625 0.9969131687499999 0.5924410359375 0.9949363078125 0.5511694265625 0.751419228125 0.2332006546875 0.7925459671875
7 0.5410294015625 0.7689910765625 0.805833334375 0.7347407875 0.766447146875 0.5023483671875 0.5016432140625 0.5365986546875 0.5410294015625 0.7689910765625