1 0.52712811875 0.3427894453125 0.26469861093749997 0.3088462703125 0.2319552125 0.5020438890625 0.49438472187500004 0.535987065625 0.52712811875 0.3427894453125
5 0.8328656609375 0.7269902578125 0.6787506999999999 0.707056709375 0.6659356671875 0.78266993125 0.820050628125 0.8026034796875001 0.8328656609375 0.7269902578125
2 0.16518064062499999 0 0.119792025 0.283235675 0.53383221875 0.336788490625 0.5765442296875001 0.0852199390625 0.4624204140625 0.0736092421875 0.4764054296875 0 0.16518064062499999 0
9 0.571175721875 0.08311673124999999 0.4485404296875 0.067254828125 0.4184450609375 0.2448281390625 0.541080353125 0.26069004218749997 0.571175721875 0.08311673124999999
3 0.7016475234375 0.4234179328125 0.571295353125 0.4065579125 0.5430918953125 0.5729682703125001 0.6734440671875 0.5898282890625001 0.7016475234375 0.4234179328125
6 0.894368678125 0.045769984375 0.6907618171875 0.0194350515625 0.633722103125 0.35598951562500003 0.8373289640625 0.38232445 0.894368678125 0.045769984375
0 0.2387775875 0.49635174062500004 0.12797731406249999 0.48202060468749997 0.0875202328125 0.7207316765625 0.1983205046875 0.7350628140625 0.2387775875 0.49635174062500004
0 0.149688175 0.093191878125 0.0448054140625 0.0796261234375 0.011948434375 0.2734939046875 0.11683119687500002 0.2870596578125 0.149688175 0.093191878125
9 0.4650635765625 0.756864825 0.2673742234375 0.7312952734375 0.24626462968750001 0.8558493374999999 0.44395398124999996 0.8814188890624999 0.4650635765625 0.756864825
9 0.6841007968749999 0.095648571875 0.5653981453125 0.080295325 0.5342708234375 0.2639575234375 0.6529734765625 0.2793107703125 0.6841007968749999 0.095648571875
1 0.7117960734375 0.6098359703125 0.9564916015625 0.6414853968750001 0.975287778125 0.530581309375 0.982396259375 0.3779593609375 0.75605645 0.348684103125 0.7117960734375 0.6098359703125
1 0.44883057343750005 0.751419228125 0.40755896406250003 0.9949363078125 0.4228429375 0.9969131687499999 0.7318582171875 0.9987109671875001 0.7667993453124999 0.7925459671875 0.44883057343750005 0.751419228125
7 0.49835678593750005 0.5365986546875 0.23355285312500002 0.5023483671875 0.194166665625 0.7347407875 0.4589705984375 0.7689910765625 0.49835678593750005 0.5365986546875