1 0.477264325 0.6569070203125 0.738761553125 0.6569070203125 0.738761553125 0.4654459203125 0.477264325 0.4654459203125 0.477264325 0.6569070203125
5 0.1156561921875 0.32267552187500004 0.26922365937500004 0.32267552187500004 0.26922365937500004 0.2477419359375 0.1156561921875 0.2477419359375 0.1156561921875 0.32267552187500004
2 0.8842883546874999 0.6635673625 0.4717190390625 0.6635673625 0.4716451015625 0.91288425 0.5848428828125 0.909829221875 0.583364140625 0.9833017078124999 0.887208871875 0.9847438328125 0.8842883546874999 0.6635673625
9 0.47722735624999996 0.914250475 0.5994269875 0.914250475 0.5994269875 0.7382732453124999 0.47722735624999996 0.7382732453124999 0.47722735624999996 0.914250475
3 0.2937707953125 0.6006072109375 0.4236598890625 0.6006072109375 0.4236598890625 0.4356926 0.2937707953125 0.4356926 0.2937707953125 0.6006072109375
6 0.16826247656249999 0.9910056921875 0.3711460265625 0.9910056921875 0.3711460265625 0.65747628125 0.16826247656249999 0.65747628125 0.16826247656249999 0.9910056921875
0 0.7330499078125 0.47182163125 0.8434565624999999 0.47182163125 0.8434565624999999 0.23525616718750003 0.7330499078125 0.23525616718750003 0.7330499078125 0.47182163125
0 0.8865434375 0.8516129031249999 0.9910536046875 0.8516129031249999 0.9910536046875 0.659487665625 0.8865434375 0.659487665625 0.8865434375 0.8516129031249999
9 0.46935304999999994 0.2475711578125 0.6663401109375 0.2475711578125 0.6663401109375 0.124136621875 0.46935304999999994 0.124136621875 0.46935304999999994 0.2475711578125
9 0.3650462109375 0.916261859375 0.48332717187499996 0.916261859375 0.48332717187499996 0.734250475 0.3650462109375 0.734250475 0.3650462109375 0.916261859375
1 0.0049168203124999995 0.6799051234375 0.2530683921875 0.6799051234375 0.2530683921875 0.42110056875 0.0049168203124999995 0.42110056875 0.0049168203124999995 0.6799051234375
1 0.16924214375 0.2508159390625 0.48608133125 0.2508159390625 0.48608133125 0.00030360468750000003 0.16924214375 0.00030360468750000003 0.16924214375 0.2508159390625
7 0.47329020312500003 0.46535104374999997 0.7371534203125 0.46535104374999997 0.7371534203125 0.2350474390625 0.47329020312500003 0.2350474390625 0.47329020312500003 0.46535104374999997