7 0.6049608265625 0.38785172343749996 0.5884408953125 0.7030066546875 0.8747132687500001 0.7213480875 0.8912332015625 0.40619315624999996 0.6049608265625 0.38785172343749996
2 0.9020296218749999 0.0985321421875 0.693038059375 0.08371774531250001 0.6899133328125 0.143328959375 0.5901331703125 0.1355331390625 0.5817973921874999 0.2945568578125 0.6082520546875 0.2976761390625 0.6036603125 0.38572292343750003 0.889221871875 0.40258377031250003 0.9020296218749999 0.0985321421875
2 0.856655728125 1 0.8744675687499999 0.7150352796874999 0.5034063671875 0.6841933046875 0.47768490625000004 1 0.856655728125 1
2 0.29066510156250003 0.0550890890625 0.2757766265625 0.368977759375 0.547185953125 0.387780546875 0.549040675 0.2924581375 0.5801631375 0.2958764859375 0.591853565625 0.1327946921875 0.48873103906250004 0.1290470265625 0.4902976 0.0693038546875 0.29066510156250003 0.0550890890625
9 0.49017665 0.126387359375 0.48132614843750005 0.29523065000000004 0.5926380046874999 0.3023623859375 0.6014885078125001 0.13351909374999998 0.49017665 0.126387359375
9 0.5929014421875001 0.6919941359374999 0.5869026359375 0.8064348578124999 0.7724184875 0.8183208328125 0.7784172921875 0.7038801109375 0.5929014421875001 0.6919941359374999
10 0.017999059375 0.5328172265625 0.0065922656250000005 0.7504275078125 0.1756183390625 0.7612569859375 0.1870251328125 0.5436467046875 0.017999059375 0.5328172265625
0 0.884744984375 0.4509492640625 0.87756496875 0.6669455171875 0.9207433671875 0.6715967890625001 0.9243807953125 0.6417153 0.9614895625000001 0.6045648453125 0.969735359375 0.5655651421875 0.96170004375 0.521752640625 0.9302820374999999 0.4896251546875 0.9278371984374999 0.45746913906250003 0.884744984375 0.4509492640625
9 0.5830324874999999 0.1304624921875 0.57418254375 0.2992951109375 0.6854944 0.306426846875 0.6943443453125 0.137594228125 0.5830324874999999 0.1304624921875
6 0.1779350265625 0.545548859375 0.16679063125 0.75815329375 0.38665822968749997 0.77224018125 0.397802625 0.559635746875 0.1779350265625 0.545548859375
5 0.396043965625 0.61316593125 0.3854025484375 0.81617493125 0.4899238078125 0.8228715953125001 0.500565225 0.61986259375 0.396043965625 0.61316593125
3 0.3148213359375 0.383120353125 0.30653815 0.5411407671874999 0.487327559375 0.5527239203125001 0.49561074375 0.39470350625 0.3148213359375 0.383120353125