7 0.671004184375 0.6183908046875 0.3621443515625 0.6183908046875 0.3621443515625 0.8989540234375 0.671004184375 0.8989540234375 0.671004184375 0.6183908046875
2 0.0595711296875 0.688850575 0.06096234375 0.8937471265625 0.3587447703125 0.8968045984374999 0.36014644375 0.61701149375 0.27385983281250004 0.61698850625 0.27246861875 0.59098850625 0.11662133906250001 0.59098850625 0.11799163125 0.688850575 0.0595711296875 0.688850575
2 0.9737447703125 0.8952873562500001 0.9723849375 0.52528735625 0.657949790625 0.534367815625 0.66485355625 0.8983908046875 0.9737447703125 0.8952873562500001
2 0.3643096234375 0.29588505781249996 0.05678870312499999 0.294356321875 0.058179915625 0.490080459375 0.1166317984375 0.4916091953125 0.1138389125 0.5925287359375 0.27385983281250004 0.5894597703125 0.27246861875 0.5588850578125 0.36569037656250003 0.5619540234375 0.3643096234375 0.29588505781249996
9 0.27941422656250003 0.4928850578125 0.1139435140625 0.4928850578125 0.1139435140625 0.6019770109375 0.27941422656250003 0.6019770109375 0.27941422656250003 0.4928850578125
9 0.77212343125 0.6221839078125 0.65996861875 0.6221839078125 0.65996861875 0.8039999999999999 0.77212343125 0.8039999999999999 0.77212343125 0.6221839078125
10 0.753734309375 0.052482759375 0.5404707109375 0.052482759375 0.5404707109375 0.21813793124999997 0.753734309375 0.21813793124999997 0.753734309375 0.052482759375
0 0.5901150625 0.9433908046875 0.6195292890624999 0.941367815625 0.617688284375 0.8989540234375 0.406265690625 0.8949080453124999 0.40993723906249996 0.9373333328125 0.44119246875 0.941367815625 0.4706066953125 0.9737011499999999 0.5128974890625 0.9837931031249999 0.5515062765625001 0.9777356328125 0.5901150625 0.9433908046875
9 0.277573221875 0.583793103125 0.1121129703125 0.583793103125 0.1121129703125 0.6928850578125 0.277573221875 0.6928850578125 0.277573221875 0.583793103125
6 0.7512552296874999 0.209356321875 0.5428974890625 0.209356321875 0.5428974890625 0.4248390796875 0.7512552296874999 0.4248390796875 0.7512552296874999 0.209356321875
5 0.7942468625 0.42586206875 0.5952928875 0.42586206875 0.5952928875 0.52829885 0.7942468625 0.52829885 0.7942468625 0.42586206875
3 0.5305439328125 0.3347471265625 0.375679915625 0.3347471265625 0.375679915625 0.511931034375 0.5305439328125 0.511931034375 0.5305439328125 0.3347471265625