7 0.3445004125 0.404039184375 0.6796768296875 0.43720601718749996 0.6938371234375 0.1340133828125 0.35866070625 0.10084655000000001 0.3445004125 0.404039184375
2 0.031553509375 0.0741310703125 0.01970243125 0.2954045875 0.0831006875 0.3016780578125 0.076674446875 0.40728625 0.2458007859375 0.42402186875 0.2486227828125 0.39607417968749997 0.3422626578125 0.4053152 0.3548629765625 0.102804278125 0.031553509375 0.0741310703125
2 1 0.1680668296875 0.6871340015625 0.13396154375 0.661269409375 0.5266042125 1 0.569922 1 0.1680668296875
2 0.0034735234375 0.5970479265625 0.004201153125 0.7221169749999999 0.3305730046875 0.752789828125 0.3455001609375 0.46540878125 0.24418049531250002 0.4587146875 0.24723338125 0.42582330312499994 0.07373267812499999 0.4053229984375 0.0716700296875 0.5146823296874999 0.0081605625 0.510057528125 0.0034735234375 0.5970479265625
9 0.06881708125 0.5130148812499999 0.248386821875 0.530783909375 0.2538927984375 0.4128929140625 0.07432305781250001 0.39512388593750003 0.06881708125 0.5130148812499999
9 0.6678924140625 0.431921921875 0.7896034421875 0.4439656375 0.7987798749999999 0.24748478437500002 0.6770688453125 0.2354410703125 0.6678924140625 0.431921921875
10 0.7435862359375001 1 0.749254878125 0.8786260796875001 0.5178200296875 0.855724825 0.511081809375 1 0.7435862359375001 1
0 0.40633722499999997 0.109956821875 0.6359784109375 0.12828806875 0.6401169437500001 0.0826509984375 0.6082985640625 0.077306203125 0.5681335078124999 0.036045225 0.5265407640624999 0.025353181250000002 0.48013720624999995 0.031717737499999996 0.4465848296875 0.0635003453125 0.4124628546875 0.0645039015625 0.40633722499999997 0.109956821875
9 0.07141878125 0.41457788124999995 0.2509771703125 0.4323457859375 0.2564831453125 0.31445479375 0.0769247578125 0.2966868875 0.07141878125 0.41457788124999995
6 0.5200103671875 0.8654753312500001 0.7461213515625 0.8878497718749999 0.756996971875 0.6549867984375 0.5308859874999999 0.6326123578125 0.5200103671875 0.8654753312500001
5 0.587797396875 0.637133321875 0.8037033625 0.6584979421875 0.8088734437499999 0.547798909375 0.5929674796875 0.5264342875 0.587797396875 0.637133321875
3 0.344873515625 0.712014253125 0.5129328109375 0.728644284375 0.521875453125 0.5371692343750001 0.35381615625 0.520539203125 0.344873515625 0.712014253125