7 0.328995815625 0.8989540234375 0.6378556484375 0.8989540234375 0.6378556484375 0.6183908046875 0.328995815625 0.6183908046875 0.328995815625 0.8989540234375
2 0.88200836875 0.688850575 0.8833786609375001 0.59098850625 0.72753138125 0.59098850625 0.7261401671875001 0.61698850625 0.6398535562500001 0.61701149375 0.6412552296875 0.8968045984374999 0.93903765625 0.8937471265625 0.9404288703124999 0.688850575 0.88200836875 0.688850575
2 0.33514644374999997 0.8983908046875 0.342050209375 0.534367815625 0.0276150625 0.52528735625 0.0262552296875 0.8952873562500001 0.33514644374999997 0.8983908046875
2 0.6343096234375001 0.5619540234375 0.72753138125 0.5588850578125 0.7261401671875001 0.5894597703125 0.8861610875 0.5925287359375 0.8833682015625 0.4916091953125 0.941820084375 0.490080459375 0.9432112968749999 0.294356321875 0.6356903765624999 0.29588505781249996 0.6343096234375001 0.5619540234375
9 0.7205857734375 0.6019770109375 0.8860564859375 0.6019770109375 0.8860564859375 0.4928850578125 0.7205857734375 0.4928850578125 0.7205857734375 0.6019770109375
9 0.22787656875 0.8039999999999999 0.34003138125 0.8039999999999999 0.34003138125 0.6221839078125 0.22787656875 0.6221839078125 0.22787656875 0.8039999999999999
10 0.24626569062499998 0.21813793124999997 0.4595292890625 0.21813793124999997 0.4595292890625 0.052482759375 0.24626569062499998 0.052482759375 0.24626569062499998 0.21813793124999997
0 0.4484937234375 0.9777356328125 0.4871025109375 0.9837931031249999 0.5293933046875 0.9737011499999999 0.55880753125 0.941367815625 0.5900627609375 0.9373333328125 0.593734309375 0.8949080453124999 0.382311715625 0.8989540234375 0.38047071093749996 0.941367815625 0.40988493750000005 0.9433908046875 0.4484937234375 0.9777356328125
9 0.722426778125 0.6928850578125 0.8878870296875 0.6928850578125 0.8878870296875 0.583793103125 0.722426778125 0.583793103125 0.722426778125 0.6928850578125
6 0.2487447703125 0.4248390796875 0.45710251093750004 0.4248390796875 0.45710251093750004 0.209356321875 0.2487447703125 0.209356321875 0.2487447703125 0.4248390796875
5 0.2057531375 0.52829885 0.4047071125 0.52829885 0.4047071125 0.42586206875 0.2057531375 0.42586206875 0.2057531375 0.52829885
3 0.4694560671875 0.511931034375 0.6243200843750001 0.511931034375 0.6243200843750001 0.3347471265625 0.4694560671875 0.3347471265625 0.4694560671875 0.511931034375