0 0.2691012921875 0.6547535765625 0.21835315781250003 0.3453472921875 0.08971210156250001 0.36499571249999996 0.1404602359375 0.674402 0.2691012921875 0.6547535765625
7 0.5551154609375 0.6070041078124999 0.504583578125 0.29891628593749997 0.23078452343750003 0.3407359 0.28131640625 0.6488237203125 0.5551154609375 0.6070041078124999
10 0.602895625 0.0140325515625 0.611376259375 0.06573812500000001 0.89253071875 0.0227950578125 0.8921979406249999 0.0207661375 0.602895625 0.0140325515625
1 0.49170319687499997 0.30021751874999997 0.44853005625 0.0369952109375 0.11033848906249999 0.088650028125 0.15351163125 0.3518723375 0.49170319687499997 0.30021751874999997
9 0.6184523625 0.183231790625 0.59065394375 0.0137476234375 0.568908184375 0.013241484375000001 0.455890434375 0.030503628124999998 0.484301296875 0.20372180156250003 0.6184523625 0.183231790625
9 0.741414465625 0.8930035859375 0.713003603125 0.7197854140625 0.5788525375 0.7402754265625 0.6072634 0.913493596875 0.741414465625 0.8930035859375
6 0.9155480140625001 0.2320821171875 0.8823657078125 0.029772937500000003 0.6140766640625 0.0707509609375 0.6472589671875 0.273060140625 0.9155480140625001 0.2320821171875
3 0.8956389015624999 0.388064071875 0.8764280125000001 0.27093720625 0.7155776125 0.2955052296875 0.7347885015625 0.4126320953125 0.8956389015624999 0.388064071875
5 0.9692587265625001 0.547281746875 0.993946509375 0.5435109765624999 0.9946909843749999 0.479530928125 0.9745345265625 0.356639025 0.9388830640625001 0.36208437187500003 0.9692587265625001 0.547281746875
2 0.9938297046875 0.55354919375 0.7039210890625001 0.5978293546875 0.7520680234375 0.8913763796874999 0.990322171875 0.8549858359375 0.9938297046875 0.55354919375
1 0.6070945203125 0.9235880375000001 0.555163178125 0.6069678578125 0.1802338515625 0.6642339421875 0.2321651921875 0.980854121875 0.6070945203125 0.9235880375000001