0 0.7078364968749999 0.3018266203125 0.7436986625 0.5894442359375 0.8652051843749999 0.56401128125 0.82934301875 0.2763936640625 0.7078364968749999 0.3018266203125
7 0.43753021406250003 0.362187175 0.47323956093749997 0.6485791734374999 0.731853503125 0.5944477828125 0.6961441578125 0.308055784375 0.43753021406250003 0.362187175
10 0.0985540328125 0.9288066640625001 0.10673796718749999 0.9944425078125001 0.2050978453125 0.9910077046874999 0.37438376406249996 0.9555738765624999 0.36411544375 0.873221075 0.0985540328125 0.9288066640625001
1 0.485380234375 0.6466577859375 0.51588938125 0.8913437421875001 0.8353245749999999 0.8244816437500001 0.804815428125 0.5797956859375 0.485380234375 0.6466577859375
9 0.361944890625 0.76333849375 0.382021984375 0.9243584874999999 0.508732925 0.8978361765624999 0.4886558328125 0.7368161828125 0.361944890625 0.76333849375
9 0.27353205625 0.1039053609375 0.29360915 0.264925353125 0.42032009375 0.2384030421875 0.400243 0.07738305 0.27353205625 0.1039053609375
6 0.08491285312499999 0.733642996875 0.108361778125 0.9217053828124999 0.3617713 0.8686633484374999 0.3383223734375 0.6806009609375 0.08491285312499999 0.733642996875
3 0.10953892968750001 0.5861724109375 0.12311468125 0.6950510953125 0.27504419062499996 0.6632501984375 0.2614684390625 0.5543715125 0.10953892968750001 0.5861724109375
5 0 0.627129059375 0.0679557 0.6129050140625 0.046490139062500005 0.440749403125 0 0.4504804171875 0 0.627129059375
2 0 0.441156171875 0.29749333125 0.37888679999999997 0.2634693546875 0.10601162187499999 0 0.1611593140625 0 0.441156171875
1 0.7251809015624999 0 0.40078573906250003 0.0679002890625 0.43748404062499996 0.3622237875 0.791619490625 0.28809845625 0.7556973703125001 0 0.7251809015624999 0