0 0.17065698125 0.2763936640625 0.134794815625 0.56401128125 0.2563013375 0.5894442359375 0.292163503125 0.3018266203125 0.17065698125 0.2763936640625
7 0.3038558421875 0.308055784375 0.268146496875 0.5944477828125 0.5267604390625 0.6485791734374999 0.5624697859375 0.362187175 0.3038558421875 0.308055784375
10 0.63588455625 0.873221075 0.6256162359374999 0.9555738765624999 0.7949021546874999 0.9910077046874999 0.8932620328124999 0.9944425078125001 0.9014459671875 0.9288066640625001 0.63588455625 0.873221075
1 0.195184571875 0.5797956859375 0.16467542500000001 0.8244816437500001 0.48411061875000005 0.8913437421875001 0.514619765625 0.6466577859375 0.195184571875 0.5797956859375
9 0.5113441671875 0.7368161828125 0.491267075 0.8978361765624999 0.617978015625 0.9243584874999999 0.638055109375 0.76333849375 0.5113441671875 0.7368161828125
9 0.599757 0.07738305 0.57967990625 0.2384030421875 0.70639085 0.264925353125 0.72646794375 0.1039053609375 0.599757 0.07738305
6 0.6616776265625 0.6806009609375 0.6382287 0.8686633484374999 0.891638221875 0.9217053828124999 0.9150871468749999 0.733642996875 0.6616776265625 0.6806009609375
3 0.7385315609374999 0.5543715125 0.724955809375 0.6632501984375 0.87688531875 0.6950510953125 0.8904610703125 0.5861724109375 0.7385315609374999 0.5543715125
5 1 0.4504804171875 0.9535098609375 0.440749403125 0.9320442999999999 0.6129050140625 1 0.627129059375 1 0.4504804171875
2 1 0.1611593140625 0.7365306453125 0.10601162187499999 0.70250666875 0.37888679999999997 1 0.441156171875 1 0.1611593140625
1 0.2443026296875 0 0.20838050937500002 0.28809845625 0.562515959375 0.3622237875 0.5992142609375 0.0679002890625 0.27481909843749996 0 0.2443026296875 0