0 0.6585344828124999 0.133621103125 0.3753103453125 0.133621103125 0.3753103453125 0.2514748203125 0.6585344828124999 0.2514748203125 0.6585344828124999 0.133621103125
7 0.6609568968749999 0.263261390625 0.3789396546875 0.263261390625 0.3789396546875 0.51410071875 0.6609568968749999 0.51410071875 0.6609568968749999 0.263261390625
10 0.9357155171875 0.6437290171875001 0.8546206890624999 0.6437290171875001 0.8546206890624999 0.9013069546875 0.9357155171875 0.9013069546875 0.9357155171875 0.6437290171875001
1 0.9025000000000001 0.192565946875 0.6615517234375 0.192565946875 0.6615517234375 0.50239808125 0.9025000000000001 0.50239808125 0.9025000000000001 0.192565946875
9 0.907293103125 0.5099280578125 0.748732759375 0.5099280578125 0.748732759375 0.6328297359375 0.907293103125 0.6328297359375 0.907293103125 0.5099280578125
9 0.2566896546875 0.5157793765625 0.0981293109375 0.5157793765625 0.0981293109375 0.6386810546875 0.2566896546875 0.6386810546875 0.2566896546875 0.5157793765625
6 0.8497758624999999 0.6454076734374999 0.66458620625 0.6454076734374999 0.66458620625 0.891199040625 0.8497758624999999 0.891199040625 0.8497758624999999 0.6454076734374999
3 0.6352241375000001 0.7031774578125 0.5280086203125001 0.7031774578125 0.5280086203125001 0.85053956875 0.6352241375000001 0.85053956875 0.6352241375000001 0.7031774578125
5 0.5453103453125 0.8929976015625 0.3757844828125 0.8929976015625 0.3757844828125 0.996354915625 0.5453103453125 0.996354915625 0.5453103453125 0.8929976015625
2 0.36683620625 0.648441246875 0.0981293109375 0.648441246875 0.0981293109375 0.97706235 0.36683620625 0.97706235 0.36683620625 0.648441246875
1 0.3789655171875 0.170659471875 0.08913793125 0.170659471875 0.08913793125 0.51414868125 0.3789655171875 0.51414868125 0.3789655171875 0.170659471875