7 1 0.46545851562499996 0.7725968437499999 0.46545851562499996 0.7725968437499999 0.8494978171875 1 0.8494978171875 1 0.46545851562499996
9 0.5674318515625 0.1781659390625 0.390243903125 0.1781659390625 0.390243903125 0.35917030625 0.5674318515625 0.35917030625 0.5674318515625 0.1781659390625
6 0.8923242468750001 0.0957641921875 0.6666571015625 0.0957641921875 0.6666571015625 0.3464628828125 0.8923242468750001 0.3464628828125 0.8923242468750001 0.0957641921875
0 0.11708751718749999 0.36242358124999996 0.0108895265625 0.36242358124999996 0.0108895265625 0.45757641875 0.11708751718749999 0.45757641875 0.11708751718749999 0.36242358124999996
0 0.9905595406250001 0.8533406109375001 0.7874605453125 0.8533406109375001 0.7874605453125 0.9848471609375 0.9905595406250001 0.9848471609375 0.9905595406250001 0.8533406109375001
5 0.9984361546875 0.18030567656250002 0.9016068859375 0.18030567656250002 0.9016068859375 0.4203056765625 0.9984361546875 0.4203056765625 0.9984361546875 0.18030567656250002
9 0.49010042968749995 0.01495633125 0.3201865140625 0.01495633125 0.3201865140625 0.1848471609375 0.49010042968749995 0.1848471609375 0.49010042968749995 0.01495633125
9 0.31753228125 0.3644323140625 0.15823529375 0.3644323140625 0.15823529375 0.526266375 0.31753228125 0.526266375 0.31753228125 0.3644323140625
2 0.314921090625 0.016965065625 0.013543759375 0.016965065625 0.013543759375 0.3464628828125 0.314921090625 0.3464628828125 0.314921090625 0.016965065625
1 0.4131133421875 0.52 0.15823529375 0.52 0.15823529375 0.8595851531250001 0.4131133421875 0.8595851531250001 0.4131133421875 0.52
10 0.6666571015625 0.08951964999999999 0.565767575 0.08951964999999999 0.565767575 0.35253275156249997 0.6666571015625 0.35253275156249997 0.6666571015625 0.08951964999999999
1 0.6259684359375 0.47161572031250004 0.4109038734375 0.47161572031250004 0.4109038734375 0.8595851531250001 0.6259684359375 0.8595851531250001 0.6259684359375 0.47161572031250004
3 0.7610903875 0.5331222703125 0.6467718796875 0.5331222703125 0.6467718796875 0.7714192140625 0.7610903875 0.7714192140625 0.7610903875 0.5331222703125