7 0 0.8494978171875 0.22740315625 0.8494978171875 0.22740315625 0.46545851562499996 0 0.46545851562499996 0 0.8494978171875
9 0.4325681484375 0.35917030625 0.609756096875 0.35917030625 0.609756096875 0.1781659390625 0.4325681484375 0.1781659390625 0.4325681484375 0.35917030625
6 0.107675753125 0.3464628828125 0.3333428984375 0.3464628828125 0.3333428984375 0.0957641921875 0.107675753125 0.0957641921875 0.107675753125 0.3464628828125
0 0.8829124828125 0.45757641875 0.9891104734375 0.45757641875 0.9891104734375 0.36242358124999996 0.8829124828125 0.36242358124999996 0.8829124828125 0.45757641875
0 0.009440459375 0.9848471609375 0.2125394546875 0.9848471609375 0.2125394546875 0.8533406109375001 0.009440459375 0.8533406109375001 0.009440459375 0.9848471609375
5 0.0015638453125 0.4203056765625 0.0983931140625 0.4203056765625 0.0983931140625 0.18030567656250002 0.0015638453125 0.18030567656250002 0.0015638453125 0.4203056765625
9 0.5098995703125 0.1848471609375 0.6798134859375 0.1848471609375 0.6798134859375 0.01495633125 0.5098995703125 0.01495633125 0.5098995703125 0.1848471609375
9 0.68246771875 0.526266375 0.84176470625 0.526266375 0.84176470625 0.3644323140625 0.68246771875 0.3644323140625 0.68246771875 0.526266375
2 0.6850789093749999 0.3464628828125 0.986456240625 0.3464628828125 0.986456240625 0.016965065625 0.6850789093749999 0.016965065625 0.6850789093749999 0.3464628828125
1 0.5868866578125 0.8595851531250001 0.84176470625 0.8595851531250001 0.84176470625 0.52 0.5868866578125 0.52 0.5868866578125 0.8595851531250001
10 0.3333428984375 0.35253275156249997 0.434232425 0.35253275156249997 0.434232425 0.08951964999999999 0.3333428984375 0.08951964999999999 0.3333428984375 0.35253275156249997
1 0.3740315640625 0.8595851531250001 0.5890961265625 0.8595851531250001 0.5890961265625 0.47161572031250004 0.3740315640625 0.47161572031250004 0.3740315640625 0.8595851531250001
3 0.2389096125 0.7714192140625 0.3532281203125 0.7714192140625 0.3532281203125 0.5331222703125 0.2389096125 0.5331222703125 0.2389096125 0.7714192140625