7 0.8500892062500001 0.8265107015625001 0.9912849156249999 0.8013803671874999 0.9948448531249999 0.49543997656250005 0.97465574375 0.40223565156249996 0.766222171875 0.439333134375 0.8500892062500001 0.8265107015625001
9 0.4986305796875 0.18615294843750002 0.3217127375 0.2176411890625 0.361240721875 0.400124675 0.5381585640625001 0.36863643437500004 0.4986305796875 0.18615294843750002
6 0.8050327046874999 0.045340895312500004 0.579709565625 0.0854444203125 0.6344574921875 0.3381917546875 0.8597806312499999 0.298088228125 0.8050327046874999 0.045340895312500004
0 0 0.5484932687499999 0.0039546953125 0.566750371875 0.10999079687499999 0.5478778234374999 0.0892111890625 0.45194742187500003 0 0.46782543125 0 0.5484932687499999
0 0.9912380000000001 0.8054122781249999 0.86576944375 0.8277434578125 0.8944880265625 0.9603246437499999 0.9896324765625 0.9433906171875 0.9912380000000001 0.8054122781249999
5 0.8851750125000001 0.37088481875 0.9647952046875 0.3567138359375 0.9123836734375 0.1147526203125 0.8327634796875 0.128923603125 0.8851750125000001 0.37088481875
9 0.3857751046875 0.035352278125 0.21612020312500002 0.06554784375 0.2532211984375 0.2368269765625 0.42287609843749996 0.20663141093749998 0.3857751046875 0.035352278125
9 0.28978906718749997 0.41835133750000003 0.1307349109375 0.44666015937500003 0.16607645625 0.6098166843749999 0.3251306125 0.5815078625 0.28978906718749997 0.41835133750000003
2 0 0.4511139453125 0.283257665625 0.4006991015625 0.2113014765625 0.06850871562500001 0 0.10611663281249999 0 0.4511139453125
1 0.4191975109375 0.558204478125 0.1647079953125 0.6034991015625 0.23886707187499998 0.945859253125 0.4933565875 0.9005646296875 0.4191975109375 0.558204478125
10 0.5783458734375 0.0791488515625 0.47761014375000005 0.0970780265625 0.53504730625 0.3622404 0.6357830390625 0.344311225 0.5783458734375 0.0791488515625
1 0.6211619015625 0.47159812968750003 0.4064251828125 0.5098174609375 0.49115048437500003 0.9009572765625 0.705887203125 0.86273794375 0.6211619015625 0.47159812968750003
3 0.7695097609375 0.5095946421875001 0.65536551875 0.5299102953125 0.7074051359375 0.7701545375000001 0.8215493765625 0.7498388859375 0.7695097609375 0.5095946421875001