2 0.4284292953125 0.7310274328124999 0.4477082015625 0.49506210624999997 0.40112226562500003 0.48305516875 0.41637205 0.354898878125 0.053442204687499995 0.2720997046875 0.021535753125 0.5285252453125 0.0265334875 0.651178415625 0.4284292953125 0.7310274328124999
5 0.9735503765625 1 0.9854655515624999 0.8995535718750001 0.898868303125 0.8814165968750001 0.8848016796874999 1 0.9735503765625 1
7 1 0.255452165625 0.7908354609375 0.211644628125 0.7562405421875 0.5032841453125 1 0.5543372625 1 0.255452165625
0 0.087472446875 0.0045842359375 0.075275403125 0.10740685000000001 0.26158084062500003 0.1464267640625 0.27722686093750004 0.014528843750000001 0.087472446875 0.0045842359375
9 0.304903753125 0.45944164687500005 0.277965590625 0.6865337390625 0.41115371562499997 0.714428734375 0.438091878125 0.487336640625 0.304903753125 0.45944164687500005
1 0.5548770765625 0.0318641484375 0.5126268296875 0.388039025 0.7493902343750001 0.437626884375 0.79164048125 0.0814520078125 0.5548770765625 0.0318641484375
1 0.5380471203125 0.0326784640625 0.5095141625 0.02670250625 0.2807988765625 0.0147160453125 0.24622577968749998 0.30617159374999997 0.49931689375 0.3591791390625 0.5380471203125 0.0326784640625
9 0.45722094062499996 0.502456815625 0.43181956718750003 0.7165935859375 0.5563212578125001 0.7426692890625 0.58172263125 0.5285325203125 0.45722094062499996 0.502456815625
10 0.5780908499999999 1 0.605085996875 0.772427515625 0.48466042812500004 0.7472055171875 0.4546733921875 1 0.5780908499999999 1
0 1 0.124744796875 0.8080082578125 0.0845339359375 0.793885253125 0.2035926296875 1 0.24676141875000002 1 0.124744796875
6 0.824925765625 1 0.8459371359375 0.8228715125000001 0.6193698390625 0.77541913125 0.592729565625 1 0.824925765625 1
3 0.599702640625 0.5264508593749999 0.5808705375 0.685207846875 0.7357515218749999 0.71764620625 0.7545836234375 0.55888921875 0.599702640625 0.5264508593749999