2 0.34976969687500004 0.011885057812499999 0.3564242421875 0.37188505781250003 0.48521212187499996 0.3718390796875 0.48741818124999997 0.418206896875 0.72273939375 0.4266206890625 0.727187878125 0.009781609375 0.34976969687500004 0.011885057812499999
5 0.9403151515625 0.8981954015625 0.7735878781250001 0.8981954015625 0.7735878781250001 0.992942528125 0.9403151515625 0.992942528125 0.9403151515625 0.8981954015625
7 0.43212121249999996 0.7171264374999999 0.1390666671875 0.7171264374999999 0.1390666671875 0.9878390796875 0.43212121249999996 0.9878390796875 0.43212121249999996 0.7171264374999999
0 0.18380606093750002 0.014103448437499999 0.0027272734375 0.014103448437499999 0.0027272734375 0.198505746875 0.18380606093750002 0.198505746875 0.18380606093750002 0.014103448437499999
9 0.710012121875 0.276206896875 0.48181818125 0.276206896875 0.48181818125 0.4080344828125 0.710012121875 0.4080344828125 0.710012121875 0.276206896875
1 0.369151515625 0.468643678125 0.011248484375 0.468643678125 0.011248484375 0.70298850625 0.369151515625 0.70298850625 0.369151515625 0.468643678125
1 0.343587878125 0.2019770109375 0.0155030296875 0.2019770109375 0.0155030296875 0.45248275937500004 0.343587878125 0.45248275937500004 0.343587878125 0.2019770109375
9 0.707890909375 0.4282413796875 0.4927151515625 0.4282413796875 0.4927151515625 0.5514712640625 0.707890909375 0.5514712640625 0.707890909375 0.4282413796875
10 0.986969696875 0.48278160937500003 0.7270545453125 0.48278160937500003 0.7270545453125 0.6019770109375 0.986969696875 0.6019770109375 0.986969696875 0.48278160937500003
0 0.1305454546875 0.719149425 0.0027272734375 0.719149425 0.0027272734375 0.9918735625 0.1305454546875 0.9918735625 0.1305454546875 0.719149425
6 0.9827030296875 0.6161149421875 0.7270545453125 0.6161149421875 0.7270545453125 0.8403678156250001 0.9827030296875 0.8403678156250001 0.9827030296875 0.6161149421875
3 0.6465090906250001 0.5685977015625 0.48698181875 0.5685977015625 0.48698181875 0.7218965515625 0.6465090906250001 0.7218965515625 0.6465090906250001 0.5685977015625