3 0.44890614375000004 0.48867505468749994 0.42337258125000005 0.3841575625 0.2391682390625 0.410578671875 0.2647018 0.5150961656249999 0.44890614375000004 0.48867505468749994
0 0.6367017859375 1 0.621460875 0.9376137984374999 0.23962086718750003 0.992382521875 0.2414818125 1 0.6367017859375 1
1 0.996782265625 0.541467084375 0.9435590859375 0.3236066203125 0.6319001015625 0.3683090203125 0.68512328125 0.5861694843749999 0.996782265625 0.541467084375
9 0.43736751875 0.6824844828125001 0.4075904796875 0.5605969890625 0.14546543437499998 0.5981945515625 0.1752424765625 0.7200820453125 0.43736751875 0.6824844828125001
9 1 0.534932840625 0.8467471078125 0.5569144671874999 0.905917621875 0.799119378125 1 0.7856247953125 1 0.534932840625
9 0.41959173125 0.1987721359375 0.39086041875 0.0811651671875 0.3000561296875 0.0941895609375 0.3287874421875 0.21179653125 0.41959173125 0.1987721359375
10 0.0187911109375 0.35855576875 0.094926928125 0.34763532812500003 0.0434520125 0.1369311046875 0.00744690625 0.14209544999999998 0.0187911109375 0.35855576875
7 0.9511049859374999 0.3108065109375 0.8865254968749999 0.046460832812500005 0.708307396875 0.0371208171875 0.39947528125 0.0814177484375 0.4722927640625 0.37948431718750003 0.9511049859374999 0.3108065109375
1 0.9086364765624999 0.792793534375 0.851565496875 0.5591827281249999 0.5399303265625 0.6038817125 0.5970013062499999 0.8374925187500001 0.9086364765624999 0.792793534375
6 0.359471053125 0.311161921875 0.30659914062500004 0.0947393171875 0.04035420625 0.1329278109375 0.09322612031250001 0.34935041718750004 0.359471053125 0.311161921875
2 0.6073654625 0.9323825093749999 0.541892309375 0.6643787703124999 0.17862753125 0.71648318125 0.2441006828125 0.98448691875 0.6073654625 0.9323825093749999
0 0.09594035625 0.3517836328125 0.019014454687499998 0.3628174 0.028727037500000004 0.5481445265625 0.0476780390625 0.625717384375 0.1589627078125 0.6097554125 0.09594035625 0.3517836328125