3 0.4181483859375 0.534048609375 0.319296690625 0.512260059375 0.2739076796875 0.69133586875 0.372759375 0.71312441875 0.4181483859375 0.534048609375
0 0.9541523859375 0.5898341515625 0.8659611671875 0.570395346875 0.771873590625 0.9416043359374999 0.860064809375 0.961043140625 0.9541523859375 0.5898341515625
1 0.665555146875 0.0580318578125 0.45950469531250004 0.012614928125 0.382710128125 0.3155968453125 0.5887605781249999 0.36101377343749996 0.665555146875 0.0580318578125
9 0.579714971875 0.6280591140625 0.46443488593750004 0.6026494765625 0.39984576562499996 0.85747655 0.5151258515625 0.882886190625 0.579714971875 0.6280591140625
9 0.893147803125 0.091256821875 0.6640725984375 0.040764856249999995 0.6233897265625 0.20127327031250003 0.8524649312499999 0.2517652359375 0.893147803125 0.091256821875
9 0.15928291875 0.435825384375 0.048051315625 0.41130809687500003 0.025676615625 0.4995842515625 0.1369082203125 0.5241015390625 0.15928291875 0.435825384375
10 0 0.8879743984375 0.1357905609375 0.917904884375 0.1668088296875 0.7955267687500001 0 0.7587593421875 0 0.8879743984375
7 0.153738403125 0 0.05144742812500001 0.40357432031249996 0.3333560828125 0.46571165312499996 0.4513381703125 0.0002303078125 0.45029329531249995 0 0.153738403125 0
1 0.8480560703125001 0.24656450312499997 0.6271090874999999 0.19786413281249998 0.5503203875 0.500822896875 0.77126736875 0.5495232671875 0.8480560703125001 0.24656450312499997
6 0 0.7608615921874999 0.1676484625 0.7978140875 0.233252746875 0.538981825 0.0285622125 0.49386464375 0 0.606552740625 0 0.7608615921874999
2 0.856282178125 0.58097321875 0.6028066703125 0.525103021875 0.5132961375 0.878253946875 0.7667716437500001 0.9341241437500001 0.856282178125 0.58097321875
0 0.414719628125 0.8501704109375 0.1707322578125 0.7963915578125 0.1407291546875 0.9147644875 0.38471652343749996 0.9685433421875 0.414719628125 0.8501704109375