3 0.6539778125 0.5492773890625 0.5537559421875 0.5492773890625 0.5537559421875 0.7295804203125 0.6539778125 0.7295804203125 0.6539778125 0.5492773890625
0 0.1149128375 0.48981352031250003 0.0254992078125 0.48981352031250003 0.0254992078125 0.8635664328124999 0.1149128375 0.8635664328124999 0.1149128375 0.48981352031250003
1 0.640950871875 0.04335664375 0.4320443734375 0.04335664375 0.4320443734375 0.34841491874999997 0.640950871875 0.34841491874999997 0.640950871875 0.04335664375
9 0.492614896875 0.6049650343749999 0.375736925 0.6049650343749999 0.375736925 0.8615384609375001 0.492614896875 0.8615384609375001 0.492614896875 0.6049650343749999
9 0.43767036406250004 0.027202796875 0.20541996875000001 0.027202796875 0.20541996875000001 0.1888111890625 0.43767036406250004 0.1888111890625 0.43767036406250004 0.027202796875
9 0.9390015843749999 0.510023309375 0.8262282093750001 0.510023309375 0.8262282093750001 0.598904428125 0.9390015843749999 0.598904428125 0.9390015843749999 0.510023309375
10 0.9335023765624999 0.8514452218749999 0.731458003125 0.8514452218749999 0.731458003125 0.9746620046875 0.9335023765624999 0.9746620046875 0.9335023765624999 0.8514452218749999
7 0.9376228203125001 0.033263403125 0.65180665625 0.033263403125 0.65180665625 0.50193473125 0.9376228203125001 0.50193473125 0.9376228203125001 0.033263403125
1 0.434928684375 0.18477855468749999 0.21091917656249998 0.18477855468749999 0.21091917656249998 0.48981352031250003 0.434928684375 0.48981352031250003 0.434928684375 0.18477855468749999
6 0.9376228203125001 0.5928438234375 0.7300950875 0.5928438234375 0.7300950875 0.8534498828125001 0.9376228203125001 0.8534498828125001 0.9376228203125001 0.5928438234375
2 0.37862123593749997 0.50193473125 0.1216323296875 0.50193473125 0.1216323296875 0.857505828125 0.37862123593749997 0.857505828125 0.37862123593749997 0.50193473125
0 0.7274801906249999 0.8514452218749999 0.480110934375 0.8514452218749999 0.480110934375 0.9706293703125001 0.7274801906249999 0.9706293703125001 0.7274801906249999 0.8514452218749999