3 0.7352982 0.5150961656249999 0.7608317609374999 0.410578671875 0.57662741875 0.3841575625 0.55109385625 0.48867505468749994 0.7352982 0.5150961656249999
0 0.7585181875 1 0.7603791328125 0.992382521875 0.378539125 0.9376137984374999 0.36329821406249996 1 0.7585181875 1
1 0.31487671875 0.5861694843749999 0.3680998984375 0.3683090203125 0.0564409140625 0.3236066203125 0.0032177343749999997 0.541467084375 0.31487671875 0.5861694843749999
9 0.8247575234375001 0.7200820453125 0.854534565625 0.5981945515625 0.5924095203124999 0.5605969890625 0.56263248125 0.6824844828125001 0.8247575234375001 0.7200820453125
9 0 0.7856247953125 0.094082378125 0.799119378125 0.1532528921875 0.5569144671874999 0 0.534932840625 0 0.7856247953125
9 0.6712125578125 0.21179653125 0.6999438703124999 0.0941895609375 0.60913958125 0.0811651671875 0.5804082687500001 0.1987721359375 0.6712125578125 0.21179653125
10 0.99255309375 0.14209544999999998 0.9565479874999999 0.1369311046875 0.905073071875 0.34763532812500003 0.9812088890625 0.35855576875 0.99255309375 0.14209544999999998
7 0.5277072359375 0.37948431718750003 0.60052471875 0.0814177484375 0.291692603125 0.0371208171875 0.113474503125 0.046460832812500005 0.0488950140625 0.3108065109375 0.5277072359375 0.37948431718750003
1 0.40299869375 0.8374925187500001 0.4600696734375 0.6038817125 0.148434503125 0.5591827281249999 0.09136352343750001 0.792793534375 0.40299869375 0.8374925187500001
6 0.9067738796875 0.34935041718750004 0.95964579375 0.1329278109375 0.693400859375 0.0947393171875 0.6405289468750001 0.311161921875 0.9067738796875 0.34935041718750004
2 0.7558993171874999 0.98448691875 0.8213724687499999 0.71648318125 0.458107690625 0.6643787703124999 0.3926345375 0.9323825093749999 0.7558993171874999 0.98448691875
0 0.8410372921875 0.6097554125 0.9523219609375 0.625717384375 0.9712729625 0.5481445265625 0.9809855453124999 0.3628174 0.9040596437499999 0.3517836328125 0.8410372921875 0.6097554125