9 0.6017587890625 0.9425918781249999 0.5881852078125 0.8620530750000001 0.43142232968750005 0.876843796875 0.4449959109375 0.9573826000000001 0.6017587890625 0.9425918781249999
10 0.1438244734375 0.397978875 0.11746310468750001 0.24156376875 0.050113553125 0.2479182609375 0.076474921875 0.40433336718749996 0.1438244734375 0.397978875
1 0.59098379375 0.5301978468749999 0.571694559375 0.41574522812500003 0.37165274375 0.4346193578125 0.390941978125 0.5490719765625001 0.59098379375 0.5301978468749999
9 0.53633473125 0.64128891875 0.5264764734375 0.582794965625 0.3986579640625 0.594854759375 0.408516221875 0.6533487109375 0.53633473125 0.64128891875
9 0.5222996671875 0.5883578968750001 0.5130837968749999 0.5336755578125 0.3919853328125 0.545101309375 0.401201203125 0.5997836484375 0.5222996671875 0.5883578968750001
6 0.39831994531250003 0.444990115625 0.36039118124999997 0.219939903125 0.207538775 0.23436166875 0.2454675390625 0.45941187968749997 0.39831994531250003 0.444990115625
6 0.2574471734375 0.46046908750000004 0.22904889062499997 0.2919679515625 0.11987679062500001 0.3022684390625 0.14827507499999998 0.4707695765625 0.2574471734375 0.46046908750000004
1 0.9211291390625 0.3935809359375 0.9008112046875001 0.27302452499999996 0.729495871875 0.289188284375 0.7498138062499999 0.4097446953125 0.9211291390625 0.3935809359375
5 0.6670249546875 0.27534206875 0.6524285265625 0.1887342015625 0.5722122625 0.19630267968749998 0.5868086906250001 0.282910546875 0.6670249546875 0.27534206875
9 0.8961493296875 0.2755019265625 0.886475446875 0.218101965625 0.7771313328125 0.22841868281250002 0.7868052171875 0.28581864375 0.8961493296875 0.2755019265625
1 0.707971484375 0.8539706328125 0.687396009375 0.7318861046875 0.4253715015625 0.75660835625 0.445946978125 0.8786928859375 0.707971484375 0.8539706328125
1 0.6284708328125 0.7467514343749999 0.6084104406249999 0.6277231421875 0.406854890625 0.64674009375 0.42691528281249996 0.7657683859375 0.6284708328125 0.7467514343749999
9 0.15686982656249998 0.4652220140625 0.14529657812500002 0.3965521796875 0.0745870015625 0.40322369374999995 0.0861602484375 0.471893528125 0.15686982656249998 0.4652220140625
3 0.53392976875 0.42047268437499996 0.5120680515625 0.29075624375000003 0.3720594203125 0.30396618750000004 0.39392113906250004 0.43368262656249995 0.53392976875 0.42047268437499996
7 0.752810253125 0.4032611265625 0.7309485359375001 0.2735446875 0.590951371875 0.286753546875 0.6128130890625 0.4164699875 0.752810253125 0.4032611265625