9 0.073185184375 0.56802093125 0.15261188750000002 0.5549025234375 0.12318243437500001 0.39788330312500003 0.043755732812499996 0.41100170937499997 0.073185184375 0.56802093125
10 0.5761522546875 0.1127673671875 0.730407540625 0.0872899921875 0.71776385625 0.0198303078125 0.56350856875 0.045307681249999995 0.5761522546875 0.1127673671875
1 0.48535832812499996 0.5596403249999999 0.5982305578125 0.5409979296875 0.5606762515625 0.340628996875 0.447804021875 0.35927139218750004 0.48535832812499996 0.5596403249999999
9 0.36896282187499996 0.5042838296875 0.4266490765625 0.4947561546875 0.40265341718750003 0.3667286328125 0.3449671609375 0.37625630781249997 0.36896282187499996 0.5042838296875
9 0.42068629062499996 0.4905423625 0.4746135640625 0.4816355328125 0.45187947343749996 0.3603390453125 0.3979522 0.36924587343750004 0.42068629062499996 0.4905423625
6 0.5527712328125001 0.36726461875 0.774713896875 0.330607746875 0.7460185671875 0.17750539062499998 0.5240759046875 0.2141622625 0.5527712328125001 0.36726461875
6 0.5241332140625 0.226148725 0.6903076453125 0.19870274062499999 0.6698125187499999 0.0893521203125 0.5036380874999999 0.11679810312500001 0.5241332140625 0.226148725
1 0.6530050000000001 0.8909408765625001 0.771896740625 0.8713042765625 0.739735321875 0.6997088 0.62084358125 0.7193453984375 0.6530050000000001 0.8909408765625001
5 0.74778541875 0.637250903125 0.8331973796875 0.623143946875 0.8181381984374999 0.5427965125 0.7327262359375 0.5569034671875001 0.74778541875 0.637250903125
9 0.7689801359375 0.8666228890625 0.825587503125 0.8572734078125 0.8050600828125001 0.747750490625 0.7484527171875001 0.757099971875 0.7689801359375 0.8666228890625
1 0.17187401875 0.6748658921875 0.2922727765625 0.6549803890625 0.24308232031250002 0.3925274109375 0.12268356093749999 0.41241291562500004 0.17187401875 0.6748658921875
1 0.27188725625 0.5959045640625 0.3892719765625 0.5765168703125 0.35143349375 0.3746317296875 0.2340487734375 0.394019425 0.27188725625 0.5959045640625
9 0.5099972359375 0.12543454375000002 0.5777188625 0.11424939062499999 0.5644443906250001 0.0434241875 0.49672276562500006 0.054609340625 0.5099972359375 0.12543454375000002
3 0.5899743625 0.5031645921875 0.7178996484375 0.482035978125 0.6916155093749999 0.3417984015625 0.5636902234375001 0.3629270140625 0.5899743625 0.5031645921875
7 0.6276187421875 0.722382925 0.755544028125 0.7012543124999999 0.7292620421875 0.5610282203125 0.6013367546875 0.582156834375 0.6276187421875 0.722382925