9 0.8421896546875001 0.636206896875 0.922155171875 0.636206896875 0.922155171875 0.479080459375 0.8421896546875001 0.479080459375 0.8421896546875001 0.636206896875
10 0.1923534484375 0.9078390796875 0.347655171875 0.9078390796875 0.347655171875 0.8403333328124999 0.1923534484375 0.8403333328124999 0.1923534484375 0.9078390796875
1 0.4044741375 0.621643678125 0.51811206875 0.621643678125 0.51811206875 0.42113793125 0.4044741375 0.42113793125 0.4044741375 0.621643678125
9 0.563568965625 0.621643678125 0.6216465515625 0.621643678125 0.6216465515625 0.49352873593749996 0.563568965625 0.49352873593749996 0.563568965625 0.621643678125
9 0.5143275859374999 0.6199540234375001 0.5686206890625 0.6199540234375001 0.5686206890625 0.49857471249999996 0.5143275859374999 0.49857471249999996 0.5143275859374999 0.6199540234375001
6 0.19362068906250002 0.7502643671875 0.41706896562500007 0.7502643671875 0.41706896562500007 0.597057471875 0.19362068906250002 0.597057471875 0.19362068906250002 0.7502643671875
6 0.251905171875 0.8480459765624999 0.419206896875 0.8480459765624999 0.419206896875 0.7386206890625 0.251905171875 0.7386206890625 0.251905171875 0.8480459765624999
1 0.29533620625 0.2444022984375 0.4150344828125 0.2444022984375 0.4150344828125 0.07268965468750001 0.29533620625 0.07268965468750001 0.29533620625 0.2444022984375
5 0.19005172343750001 0.38413793125 0.276043103125 0.38413793125 0.276043103125 0.3037356328125 0.19005172343750001 0.3037356328125 0.19005172343750001 0.38413793125
9 0.24033620625 0.18729885 0.2973275859375 0.18729885 0.2973275859375 0.07770115 0.24033620625 0.07770115 0.24033620625 0.18729885
1 0.7241206890624999 0.6221839078125 0.84533620625 0.6221839078125 0.84533620625 0.35955172343749997 0.7241206890624999 0.35955172343749997 0.7241206890624999 0.6221839078125
1 0.6150344828125001 0.6221839078125 0.7332155171875 0.6221839078125 0.7332155171875 0.42016092031249996 0.6150344828125001 0.42016092031249996 0.6150344828125001 0.6221839078125
9 0.3463965515625 0.9095172406250001 0.4145775859375 0.9095172406250001 0.4145775859375 0.838643678125 0.3463965515625 0.838643678125 0.3463965515625 0.9095172406250001
3 0.276818965625 0.599517240625 0.40561206875 0.599517240625 0.40561206875 0.4591839078125 0.276818965625 0.4591839078125 0.276818965625 0.599517240625
7 0.280181034375 0.3806896546875 0.4089741375 0.3806896546875 0.4089741375 0.24036781562499998 0.280181034375 0.24036781562499998 0.280181034375 0.3806896546875