9 0.9562442671875001 0.41100170937499997 0.8768175656249999 0.39788330312500003 0.8473881125 0.5549025234375 0.926814815625 0.56802093125 0.9562442671875001 0.41100170937499997
10 0.43649143125 0.045307681249999995 0.28223614375 0.0198303078125 0.269592459375 0.0872899921875 0.4238477453125 0.1127673671875 0.43649143125 0.045307681249999995
1 0.552195978125 0.35927139218750004 0.4393237484375 0.340628996875 0.40176944218750005 0.5409979296875 0.514641671875 0.5596403249999999 0.552195978125 0.35927139218750004
9 0.6550328390625 0.37625630781249997 0.5973465828125 0.3667286328125 0.5733509234375 0.4947561546875 0.6310371781249999 0.5042838296875 0.6550328390625 0.37625630781249997
9 0.6020478 0.36924587343750004 0.5481205265625 0.3603390453125 0.5253864359375 0.4816355328125 0.579313709375 0.4905423625 0.6020478 0.36924587343750004
6 0.4759240953125 0.2141622625 0.25398143281249996 0.17750539062499998 0.22528610312500003 0.330607746875 0.4472287671875 0.36726461875 0.4759240953125 0.2141622625
6 0.4963619125 0.11679810312500001 0.33018748124999997 0.0893521203125 0.3096923546875 0.19870274062499999 0.4758667859375 0.226148725 0.4963619125 0.11679810312500001
1 0.37915641875 0.7193453984375 0.260264678125 0.6997088 0.228103259375 0.8713042765625 0.346995 0.8909408765625001 0.37915641875 0.7193453984375
5 0.2672737640625 0.5569034671875001 0.1818618015625 0.5427965125 0.16680262031249998 0.623143946875 0.25221458124999996 0.637250903125 0.2672737640625 0.5569034671875001
9 0.2515472828125 0.757099971875 0.19493991718749998 0.747750490625 0.174412496875 0.8572734078125 0.2310198640625 0.8666228890625 0.2515472828125 0.757099971875
1 0.8773164390625 0.41241291562500004 0.7569176796875 0.3925274109375 0.7077272234375 0.6549803890625 0.82812598125 0.6748658921875 0.8773164390625 0.41241291562500004
1 0.7659512265624999 0.394019425 0.64856650625 0.3746317296875 0.6107280234375 0.5765168703125 0.72811274375 0.5959045640625 0.7659512265624999 0.394019425
9 0.5032772343749999 0.054609340625 0.435555609375 0.0434241875 0.4222811375 0.11424939062499999 0.4900027640625 0.12543454375000002 0.5032772343749999 0.054609340625
3 0.4363097765625 0.3629270140625 0.308384490625 0.3417984015625 0.2821003515625 0.482035978125 0.4100256375 0.5031645921875 0.4363097765625 0.3629270140625
7 0.39866324531249997 0.582156834375 0.2707379578125 0.5610282203125 0.24445597187499998 0.7012543124999999 0.3723812578125 0.722382925 0.39866324531249997 0.582156834375