9 0.1578103453125 0.479080459375 0.077844828125 0.479080459375 0.077844828125 0.636206896875 0.1578103453125 0.636206896875 0.1578103453125 0.479080459375
10 0.8076465515625 0.8403333328124999 0.652344828125 0.8403333328124999 0.652344828125 0.9078390796875 0.8076465515625 0.9078390796875 0.8076465515625 0.8403333328124999
1 0.5955258625 0.42113793125 0.48188793125 0.42113793125 0.48188793125 0.621643678125 0.5955258625 0.621643678125 0.5955258625 0.42113793125
9 0.43643103437499997 0.49352873593749996 0.3783534484375 0.49352873593749996 0.3783534484375 0.621643678125 0.43643103437499997 0.621643678125 0.43643103437499997 0.49352873593749996
9 0.48567241406250006 0.49857471249999996 0.43137931093750004 0.49857471249999996 0.43137931093750004 0.6199540234375001 0.48567241406250006 0.6199540234375001 0.48567241406250006 0.49857471249999996
6 0.8063793109375 0.597057471875 0.5829310343749999 0.597057471875 0.5829310343749999 0.7502643671875 0.8063793109375 0.7502643671875 0.8063793109375 0.597057471875
6 0.7480948281249999 0.7386206890625 0.580793103125 0.7386206890625 0.580793103125 0.8480459765624999 0.7480948281249999 0.8480459765624999 0.7480948281249999 0.7386206890625
1 0.70466379375 0.07268965468750001 0.5849655171875 0.07268965468750001 0.5849655171875 0.2444022984375 0.70466379375 0.2444022984375 0.70466379375 0.07268965468750001
5 0.8099482765625 0.3037356328125 0.7239568968750001 0.3037356328125 0.7239568968750001 0.38413793125 0.8099482765625 0.38413793125 0.8099482765625 0.3037356328125
9 0.7596637937499999 0.07770115 0.7026724140625 0.07770115 0.7026724140625 0.18729885 0.7596637937499999 0.18729885 0.7596637937499999 0.07770115
1 0.2758793109375 0.35955172343749997 0.15466379375 0.35955172343749997 0.15466379375 0.6221839078125 0.2758793109375 0.6221839078125 0.2758793109375 0.35955172343749997
1 0.3849655171875 0.42016092031249996 0.2667844828125 0.42016092031249996 0.2667844828125 0.6221839078125 0.3849655171875 0.6221839078125 0.3849655171875 0.42016092031249996
9 0.6536034484375 0.838643678125 0.5854224140625 0.838643678125 0.5854224140625 0.9095172406250001 0.6536034484375 0.9095172406250001 0.6536034484375 0.838643678125
3 0.723181034375 0.4591839078125 0.59438793125 0.4591839078125 0.59438793125 0.599517240625 0.723181034375 0.599517240625 0.723181034375 0.4591839078125
7 0.719818965625 0.24036781562499998 0.5910258625 0.24036781562499998 0.5910258625 0.3806896546875 0.719818965625 0.3806896546875 0.719818965625 0.24036781562499998