1 1 0.206513190625 0.8142760812500001 0.20435209687500003 0.8113331203125 0.45726965937499997 1 0.459464996875 1 0.206513190625
9 0.8155782968749999 0.2886234640625 0.68721525 0.28712982343750004 0.68546566875 0.437488490625 0.8138287156249999 0.43898212968749994 0.8155782968749999 0.2886234640625
10 0.779710409375 0.1013771078125 0.690475809375 0.10033876875 0.6881295374999999 0.30197688437500003 0.7773641359375 0.303015221875 0.779710409375 0.1013771078125
0 0.52490695625 0.512366640625 0.3693713765625 0.5105568203125 0.3678988296875 0.637107171875 0.523434409375 0.6389169921875 0.52490695625 0.512366640625
1 0.78574196875 0.5172333890624999 0.6247718796874999 0.5153603328125 0.6215305718749999 0.7939176171875 0.7825006609375 0.7957906734375 0.78574196875 0.5172333890624999
6 0.6981075671875 0.1077542 0.5436588875 0.10595702656249999 0.5412486828125 0.3130893671875 0.6956973625 0.314886540625 0.6981075671875 0.1077542
7 0.5438101984375 0.1022954734375 0.3752318 0.10033388593749999 0.3703069734375 0.523572471875 0.538885371875 0.5255340578125 0.5438101984375 0.1022954734375
5 0.4346505703125 0.10774746718749999 0.3448507828125 0.10670255312500002 0.3437454125 0.2016977296875 0.4335452015625 0.20274264375 0.4346505703125 0.10774746718749999
9 1 0.45745017343749994 0.860267121875 0.4558242359375 0.8585729484375 0.6014212390625 0.9999788109375001 0.60306664375 1 0.6012456609375 1 0.45745017343749994
2 0.9993114296875 0.464237609375 0.8633392140625 0.4533872453125 0.861723834375 0.5249495984375 0.7767803625 0.5213419203125 0.7732855140625 0.887083121875 0.9950602734375 0.8949755078124999 0.9993114296875 0.464237609375
3 0.6787029343750001 0.338573596875 0.558795978125 0.3371783546875 0.55729700625 0.4659996515625 0.6772039640624999 0.46739489531249995 0.6787029343750001 0.338573596875