1 0.2237 0.22760942812499999 0.047599999999999996 0.22760942812499999 0.047599999999999996 0.46010100937500004 0.2237 0.46010100937500004 0.2237 0.22760942812499999
9 0.3397 0.3050505046875 0.22160000000000002 0.3050505046875 0.22160000000000002 0.44326599375000003 0.3397 0.44326599375000003 0.3397 0.3050505046875
10 0.3387 0.13333333281249998 0.2566 0.13333333281249998 0.2566 0.31868686875 0.3387 0.31868686875 0.3387 0.13333333281249998
0 0.6296999999999999 0.5138047140625 0.4866 0.5138047140625 0.4866 0.6301346796875 0.6296999999999999 0.6301346796875 0.6296999999999999 0.5138047140625
1 0.3947 0.515488215625 0.2466 0.515488215625 0.2466 0.771548821875 0.3947 0.771548821875 0.3947 0.515488215625
6 0.4737 0.14006734062499998 0.3316 0.14006734062499998 0.3316 0.33047138125000003 0.4737 0.33047138125000003 0.4737 0.14006734062499998
7 0.6287 0.1367003359375 0.47359999999999997 0.1367003359375 0.47359999999999997 0.525757575 0.6287 0.525757575 0.6287 0.1367003359375
5 0.65658 0.1428787875 0.57396 0.1428787875 0.57396 0.2302020203125 0.65658 0.2302020203125 0.65658 0.1428787875
9 0.1787 0.45824915781250003 0.0486 0.45824915781250003 0.0486 0.5920875421875 0.1787 0.5920875421875 0.1787 0.45824915781250003
2 0.2548 0.5193602687500001 0.17662 0.5217676765625 0.1759 0.45597643125 0.0507 0.46449495 0.05 0.8604377109374999 0.2541 0.85555555625 0.2548 0.5193602687500001
3 0.45730000000000004 0.3524242421875 0.34698 0.3524242421875 0.34698 0.4708417515625 0.45730000000000004 0.4708417515625 0.45730000000000004 0.3524242421875