1 0.786631990625 0.4542033859375 0.977125990625 0.4676221671875 0.98585525 0.40505263593749996 0.9925680437500001 0.2128234015625 0.82198405 0.200807121875 0.786631990625 0.4542033859375
9 0.8124802109375 0.2853714 0.684726996875 0.27637220625 0.6637103125 0.4270154609375 0.791463528125 0.4360146546875 0.8124802109375 0.2853714
10 0.8007302578125 0.0955471375 0.711919596875 0.0892911359375 0.6837352234375 0.291310896875 0.7725458859375001 0.2975668984375 0.8007302578125 0.0955471375
0 0.4940771203125 0.49270298593749995 0.3392804640625 0.481798796875 0.32159163281250003 0.608588675 0.4763882921875 0.6194928625 0.4940771203125 0.49270298593749995
1 0.753438165625 0.51282580625 0.5932328203125 0.5015406203125 0.5542969171875 0.7806251375000001 0.7145022609375 0.7919103234375 0.753438165625 0.51282580625
6 0.7185759796875 0.0971716546875 0.564861059375 0.0863436671875 0.5359087203125 0.29386805312500003 0.689623640625 0.3046960421875 0.7185759796875 0.0971716546875
7 0.5654812109375 0.0826815359375 0.39770370312500003 0.0708629515625 0.3385446796875 0.4949026109375 0.5063221875 0.5067211953124999 0.5654812109375 0.0826815359375
5 0.45597854218749995 0.08176811875 0.366605378125 0.0754724953125 0.35332723593750004 0.170647471875 0.4427004015625 0.176943096875 0.45597854218749995 0.08176811875
9 0.9763258406249999 0.4655276046875 0.835591771875 0.45561401406249996 0.8152406593749999 0.6014865921875 0.9559747281250001 0.6114001828125 0.9763258406249999 0.4655276046875
2 0.973104471875 0.472174971875 0.838966221875 0.4533502921875 0.8281833265625 0.5250023515625 0.7439791437500001 0.5164211812499999 0.6936153859374999 0.8828990984375 0.9136556718750001 0.9037726109375 0.973104471875 0.472174971875
3 0.6696484203125 0.32745086093750003 0.550311121875 0.31904450156249997 0.53230486875 0.44810962187500003 0.6516421640625001 0.45651598125000004 0.6696484203125 0.32745086093750003