1 0.7763 0.46010100937500004 0.9523999999999999 0.46010100937500004 0.9523999999999999 0.22760942812499999 0.7763 0.22760942812499999 0.7763 0.46010100937500004
9 0.6603 0.44326599375000003 0.7784 0.44326599375000003 0.7784 0.3050505046875 0.6603 0.3050505046875 0.6603 0.44326599375000003
10 0.6613 0.31868686875 0.7434000000000001 0.31868686875 0.7434000000000001 0.13333333281249998 0.6613 0.13333333281249998 0.6613 0.31868686875
0 0.37029999999999996 0.6301346796875 0.5134000000000001 0.6301346796875 0.5134000000000001 0.5138047140625 0.37029999999999996 0.5138047140625 0.37029999999999996 0.6301346796875
1 0.6053 0.771548821875 0.7534 0.771548821875 0.7534 0.515488215625 0.6053 0.515488215625 0.6053 0.771548821875
6 0.5263 0.33047138125000003 0.6684 0.33047138125000003 0.6684 0.14006734062499998 0.5263 0.14006734062499998 0.5263 0.33047138125000003
7 0.3713 0.525757575 0.5264 0.525757575 0.5264 0.1367003359375 0.3713 0.1367003359375 0.3713 0.525757575
5 0.34342 0.2302020203125 0.42604 0.2302020203125 0.42604 0.1428787875 0.34342 0.1428787875 0.34342 0.2302020203125
9 0.8212999999999999 0.5920875421875 0.9513999999999999 0.5920875421875 0.9513999999999999 0.45824915781250003 0.8212999999999999 0.45824915781250003 0.8212999999999999 0.5920875421875
2 0.7459 0.85555555625 0.95 0.8604377109374999 0.9493 0.46449495 0.8240999999999999 0.45597643125 0.82338 0.5217676765625 0.7452 0.5193602687500001 0.7459 0.85555555625
3 0.5427 0.4708417515625 0.6530199999999999 0.4708417515625 0.6530199999999999 0.3524242421875 0.5427 0.3524242421875 0.5427 0.4708417515625