1 0.17801594999999998 0.200807121875 0.007431956250000001 0.2128234015625 0.014144750000000001 0.40505263593749996 0.022874009375 0.4676221671875 0.21336800937499997 0.4542033859375 0.17801594999999998 0.200807121875
9 0.20853647187500002 0.4360146546875 0.3362896875 0.4270154609375 0.315273003125 0.27637220625 0.1875197890625 0.2853714 0.20853647187500002 0.4360146546875
10 0.2274541140625 0.2975668984375 0.3162647765625 0.291310896875 0.288080403125 0.0892911359375 0.1992697421875 0.0955471375 0.2274541140625 0.2975668984375
0 0.5236117078125 0.6194928625 0.6784083671875 0.608588675 0.6607195359375 0.481798796875 0.5059228796874999 0.49270298593749995 0.5236117078125 0.6194928625
1 0.28549773906250003 0.7919103234375 0.44570308281250004 0.7806251375000001 0.4067671796875 0.5015406203125 0.246561834375 0.51282580625 0.28549773906250003 0.7919103234375
6 0.310376359375 0.3046960421875 0.46409127968749997 0.29386805312500003 0.435138940625 0.0863436671875 0.28142402031249997 0.0971716546875 0.310376359375 0.3046960421875
7 0.4936778125 0.5067211953124999 0.6614553203125 0.4949026109375 0.602296296875 0.0708629515625 0.43451878906249997 0.0826815359375 0.4936778125 0.5067211953124999
5 0.5572995984375 0.176943096875 0.6466727640625 0.170647471875 0.6333946218750001 0.0754724953125 0.5440214578125 0.08176811875 0.5572995984375 0.176943096875
9 0.044025271875 0.6114001828125 0.184759340625 0.6014865921875 0.164408228125 0.45561401406249996 0.023674159375 0.4655276046875 0.044025271875 0.6114001828125
2 0.08634432812500001 0.9037726109375 0.3063846140625 0.8828990984375 0.25602085625000004 0.5164211812499999 0.1718166734375 0.5250023515625 0.161033778125 0.4533502921875 0.026895528125000002 0.472174971875 0.08634432812500001 0.9037726109375
3 0.3483578359375 0.45651598125000004 0.46769513125 0.44810962187500003 0.449688878125 0.31904450156249997 0.3303515796875 0.32745086093750003 0.3483578359375 0.45651598125000004