1 0 0.459464996875 0.1886668796875 0.45726965937499997 0.18572391875 0.20435209687500003 0 0.206513190625 0 0.459464996875
9 0.186171284375 0.43898212968749994 0.31453433125 0.437488490625 0.31278475 0.28712982343750004 0.184421703125 0.2886234640625 0.186171284375 0.43898212968749994
10 0.2226358640625 0.303015221875 0.3118704625 0.30197688437500003 0.30952419062500003 0.10033876875 0.22028959062500003 0.1013771078125 0.2226358640625 0.303015221875
0 0.47656559062500004 0.6389169921875 0.6321011703125 0.637107171875 0.6306286234375 0.5105568203125 0.47509304375 0.512366640625 0.47656559062500004 0.6389169921875
1 0.21749933906250002 0.7957906734375 0.378469428125 0.7939176171875 0.37522812031249997 0.5153603328125 0.21425803124999998 0.5172333890624999 0.21749933906250002 0.7957906734375
6 0.30430263750000003 0.314886540625 0.4587513171875 0.3130893671875 0.4563411125 0.10595702656249999 0.3018924328125 0.1077542 0.30430263750000003 0.314886540625
7 0.461114628125 0.5255340578125 0.6296930265625 0.523572471875 0.6247682 0.10033388593749999 0.4561898015625 0.1022954734375 0.461114628125 0.5255340578125
5 0.5664547984375 0.20274264375 0.6562545875 0.2016977296875 0.6551492171875 0.10670255312500002 0.5653494296875 0.10774746718749999 0.5664547984375 0.20274264375
9 0 0.6012456609375 0.0000211890625 0.60306664375 0.1414270515625 0.6014212390625 0.139732878125 0.4558242359375 0 0.45745017343749994 0 0.6012456609375
2 0.0049397265625 0.8949755078124999 0.22671448593750002 0.887083121875 0.2232196375 0.5213419203125 0.138276165625 0.5249495984375 0.1366607859375 0.4533872453125 0.0006885703125 0.464237609375 0.0049397265625 0.8949755078124999
3 0.3227960359375 0.46739489531249995 0.44270299375000005 0.4659996515625 0.44120402187499996 0.3371783546875 0.321297065625 0.338573596875 0.3227960359375 0.46739489531249995