3 0.5802558515625 0.742007175 0.7954834609375 0.7470242953125 0.778715896875 0.48497095625000003 0.5634882875 0.4799538375 0.5802558515625 0.742007175
0 0.4798535390625 0.19871870625000002 0.5503603359375 0.2003622734375 0.5451262421874999 0.118560771875 0.4746194453125 0.11691720624999999 0.4798535390625 0.19871870625000002
0 0.3041549484375 0.38859295 0.37772498906249996 0.3903079234375 0.3652952234375 0.1960482640625 0.29172518593749996 0.1943332921875 0.3041549484375 0.38859295
1 0.7607497578125 0.26855630937499997 0.895497628125 0.2716973859375 0.8900022390625001 0.185812209375 0.75525436875 0.1826711328125 0.7607497578125 0.26855630937499997
6 0.6158094859375 0.4856925171875 0.804094484375 0.4900815828125 0.7945434359375 0.34081216875 0.6062584375 0.336423103125 0.6158094859375 0.4856925171875
2 0.663650846875 0.9480627734375 0.8241491 0.9518041109375 0.8198278046875 0.898799325 0.89004354375 0.9015978125 0.8818391703125 0.7597947015625001 0.8137761749999999 0.7607638531250001 0.8139435984375 0.7348617296875 0.6491566703125 0.7359344343750001 0.663650846875 0.9480627734375
9 0.819757925 0.9008306796875001 0.8917963437499999 0.9025099484375 0.8823755703125 0.7552765546875 0.8103371515625 0.753597284375 0.819757925 0.9008306796875001
2 0.3821887 0.4864152921875 0.5735282374999999 0.49087556406250005 0.554946496875 0.20046918125 0.363606959375 0.1960089109375 0.3821887 0.4864152921875
7 0.4025517234375 0.852327565625 0.592359640625 0.8567521328125001 0.5689390984375 0.49072211875000005 0.3791311828125 0.4862975515625 0.4025517234375 0.852327565625
9 0.375675625 0.48009481249999997 0.5012511703125 0.48302207499999994 0.4951014265625 0.38691025625000003 0.36952588125 0.38398299375 0.375675625 0.48009481249999997
4 0.49983364999999996 0.48707823437500003 0.5718720671875 0.488757503125 0.5651989875 0.3844666984375 0.49316057031250005 0.382787428125 0.49983364999999996 0.48707823437500003
0 0.592050496875 0.9486125718749999 0.66255729375 0.9502561390625001 0.6566725671875 0.85828616875 0.58616576875 0.8566426015624999 0.592050496875 0.9486125718749999
1 0.5573161734375 0.3352822203125 0.7027679859375 0.3386728140625 0.688506178125 0.11578088281250001 0.5430543640625001 0.11239029062499999 0.5573161734375 0.3352822203125
9 0.6949770640625 0.2670230984375 0.76701548125 0.2687023703125 0.757595453125 0.121480609375 0.685557034375 0.1198013375 0.6949770640625 0.2670230984375
9 0.8429582874999999 0.192882365625 0.890525571875 0.1939911953125 0.8829368437499999 0.0753900703125 0.8353695578125 0.074281240625 0.8429582874999999 0.192882365625
9 0.58552725625 0.85861423125 0.6575656750000001 0.8602935031250001 0.649718628125 0.7376552421875 0.577680209375 0.7359759703125001 0.58552725625 0.85861423125
10 0.788530303125 0.3447495828125 0.9034019046875 0.347427328125 0.897645221875 0.257458475 0.7827736187500001 0.2547807296875 0.788530303125 0.3447495828125