3 0.5637210703125 0.7045502531250001 0.798754515625 0.6797840484375001 0.760286790625 0.3932875859375 0.525253346875 0.418053790625 0.5637210703125 0.7045502531250001
0 0.412407540625 0.119826128125 0.489402565625 0.11171292343749999 0.4773946390625 0.022281354687499998 0.40039961249999995 0.030394559375 0.412407540625 0.119826128125
0 0.23548315312499998 0.35385333124999996 0.3158233109375 0.34538763906250003 0.28730725625 0.13300833437499998 0.2069670984375 0.14147402656250002 0.23548315312499998 0.35385333124999996
1 0.7240281203125 0.157266559375 0.871175859375 0.14176114374999998 0.858568475 0.047864995312500005 0.7114207359375 0.0633704078125 0.7240281203125 0.157266559375
6 0.5827374078124999 0.4170144484375 0.7883489078125 0.39534852656249997 0.766437128125 0.23215595000000003 0.5608256296875 0.253821871875 0.5827374078124999 0.4170144484375
2 0.6705140375 0.9199426015625001 0.84578178125 0.9014740953124999 0.8369873640625001 0.8436561453125 0.9137540421875 0.8368569578124999 0.8938856109375 0.6817047921875 0.8197561546875001 0.692353946875 0.8179433125 0.66377893125 0.6383707937499999 0.6881575640625 0.6705140375 0.9199426015625001
9 0.8370676671874999 0.8459051078125001 0.91573525625 0.837615659375 0.8941223515625 0.6766490140625 0.8154547609374999 0.6849384625 0.8370676671874999 0.8459051078125001
2 0.3280934015625 0.4506967515625 0.5370405265625 0.42867934375 0.4944107609375 0.11118519375 0.2854636328125 0.1332026015625 0.3280934015625 0.4506967515625
7 0.378481765625 0.8511689625000001 0.5857563265625 0.8293277968749999 0.5320255031250001 0.4291561953125 0.324750940625 0.45099735937499996 0.378481765625 0.8511689625000001
9 0.3205057703125 0.4446466125 0.45763712187500005 0.43019665468749996 0.44352853281250004 0.32511996875000004 0.3063971796875 0.339569925 0.3205057703125 0.4446466125
4 0.45640416874999995 0.4348672234375 0.535071759375 0.426577775 0.5197625484375 0.3125592046875 0.44109495781249997 0.320848653125 0.45640416874999995 0.4348672234375
0 0.5924957562500001 0.9306274484375001 0.66949078125 0.92251424375 0.6559901890625001 0.8219657375 0.5789951624999999 0.8300789421875001 0.5924957562500001 0.9306274484375001
1 0.6243323375000001 0 0.474660478125 0.0157713890625 0.5073795640625 0.25945365 0.6662162515625 0.24271653437500001 0.633626834375 0 0.6243323375000001 0
9 0.6674234921875 0 0.6305916468749999 0.0038810859374999998 0.65220284375 0.1648350109375 0.730870434375 0.1565455625 0.7098511453125 0 0.6674234921875 0
9 0.799462178125 0 0.8078245390625 0.062280439062500005 0.8597690953124999 0.0568068796875 0.8521416671875001 0 0.799462178125 0
9 0.5784509250000001 0.8323421156249999 0.6571185140625 0.8240526671874999 0.639116015625 0.689975275 0.5604484249999999 0.6982647234375 0.5784509250000001 0.8323421156249999
10 0.7601847687500001 0.23734252812499998 0.8856271703124999 0.22412427343750002 0.872420328125 0.12576353906249998 0.7469779265625001 0.13898179375 0.7601847687500001 0.23734252812499998