3 0.7599655171874999 0.2843218390625 0.5467586203125 0.2843218390625 0.5467586203125 0.543218390625 0.7599655171874999 0.543218390625 0.7599655171874999 0.2843218390625
0 0.551482759375 0.8195517234375 0.48163793125 0.8195517234375 0.48163793125 0.900367815625 0.551482759375 0.900367815625 0.551482759375 0.8195517234375
0 0.368155171875 0.627632184375 0.2952758625 0.627632184375 0.2952758625 0.8195517234375 0.368155171875 0.8195517234375 0.368155171875 0.627632184375
1 0.88936206875 0.756931034375 0.7558793109375 0.756931034375 0.7558793109375 0.841781609375 0.88936206875 0.841781609375 0.88936206875 0.756931034375
6 0.784818965625 0.5387471265625 0.5983017234375 0.5387471265625 0.5983017234375 0.686218390625 0.784818965625 0.686218390625 0.784818965625 0.5387471265625
2 0.775405171875 0.082367815625 0.6164137937499999 0.082367815625 0.6155 0.29191954062500003 0.7790517234375 0.29678160937500003 0.7772413796875 0.271149425 0.8448275859375001 0.27367816093749997 0.8439655171875 0.13356321875 0.774482759375 0.13471264375 0.775405171875 0.082367815625
9 0.8456465515625 0.13270115 0.7742844828125001 0.13270115 0.7742844828125001 0.2781609203125 0.8456465515625 0.2781609203125 0.8456465515625 0.13270115
2 0.5560258625000001 0.532643678125 0.366482759375 0.532643678125 0.366482759375 0.8195517234375 0.5560258625000001 0.8195517234375 0.5560258625000001 0.532643678125
7 0.551482759375 0.171068965625 0.363456896875 0.171068965625 0.363456896875 0.5326896546875 0.551482759375 0.5326896546875 0.551482759375 0.171068965625
9 0.484818965625 0.5387471265625 0.3604224140625 0.5387471265625 0.3604224140625 0.63370115 0.484818965625 0.63370115 0.484818965625 0.5387471265625
4 0.554517240625 0.53470115 0.483155171875 0.53470115 0.483155171875 0.6377356328125 0.554517240625 0.6377356328125 0.554517240625 0.53470115
0 0.6151896546875 0.0801724140625 0.545344828125 0.0801724140625 0.545344828125 0.1710344828125 0.6151896546875 0.1710344828125 0.6151896546875 0.0801724140625
1 0.693905171875 0.686218390625 0.549818965625 0.686218390625 0.549818965625 0.9064252875 0.693905171875 0.9064252875 0.693905171875 0.686218390625
9 0.76208620625 0.756931034375 0.6907241375 0.756931034375 0.6907241375 0.9023793109374999 0.76208620625 0.9023793109374999 0.76208620625 0.756931034375
9 0.88936206875 0.8337011499999999 0.8422413796875 0.8337011499999999 0.8422413796875 0.9508735625 0.88936206875 0.9508735625 0.88936206875 0.8337011499999999
9 0.6159482765625001 0.169068965625 0.54458620625 0.169068965625 0.54458620625 0.290229884375 0.6159482765625001 0.290229884375 0.6159482765625001 0.169068965625
10 0.8923965515625 0.6821839078124999 0.7786034484375 0.6821839078124999 0.7786034484375 0.7710689656249999 0.8923965515625 0.7710689656249999 0.8923965515625 0.6821839078124999