0 0.52168795625 0.0101735640625 0.26639598593749997 0.0101735640625 0.26639598593749997 0.1750200265625 0.52168795625 0.1750200265625 0.52168795625 0.0101735640625
3 0.6315784671875 0.543044059375 0.47172445312500005 0.543044059375 0.47172445312500005 0.7067823765625 0.6315784671875 0.7067823765625 0.6315784671875 0.543044059375
1 0.7519799265625 0.0101735640625 0.511587590625 0.0101735640625 0.511587590625 0.37138851875 0.7519799265625 0.37138851875 0.7519799265625 0.0101735640625
1 0.27244525625 0.057543390625 0.0104835765625 0.057543390625 0.0104835765625 0.5059813078125 0.27244525625 0.5059813078125 0.27244525625 0.057543390625
9 0.9921989046874999 0.555620828125 0.8031660578125001 0.555620828125 0.8031660578125001 0.7301735640625 0.9921989046874999 0.7301735640625 0.9921989046874999 0.555620828125
9 0.8083576640624999 0.550881175 0.6292883218750001 0.550881175 0.6292883218750001 0.7254205609375 0.8083576640624999 0.7254205609375 0.8083576640624999 0.550881175
9 0.2732664234375 0.504819759375 0.1441332109375 0.504819759375 0.1441332109375 0.7835781046875 0.2732664234375 0.7835781046875 0.2732664234375 0.504819759375
6 0.7271259125 0.718050734375 0.43206204374999996 0.718050734375 0.43206204374999996 0.9047129500000001 0.7271259125 0.9047129500000001 0.7271259125 0.718050734375
7 0.5167244531249999 0.160480640625 0.2680474453125 0.160480640625 0.2680474453125 0.491722296875 0.5167244531249999 0.491722296875 0.5167244531249999 0.160480640625
5 0.383777371875 0.8121094796874999 0.2140145984375 0.8121094796874999 0.2140145984375 0.9636849125 0.383777371875 0.9636849125 0.383777371875 0.8121094796874999
2 1 0.647610146875 0.9937956203124999 0.1068491328125 0.746341240625 0.104739653125 0.747773721875 0.3721094796875 0.6974178828125 0.3721094796875 0.6989051093749999 0.5531375171875 0.8053284671875 0.5468491328125 0.8067609484375 0.7278905203125 1 0.7341789046875 1 0.647610146875