0 0 0.46762194062500007 0.1727003546875 0.5013160375 0.2313431890625 0.22439958125 0.0580898765625 0.1905976015625 0 0.4649029515625 0 0.46762194062500007
3 0.72206875 0.732622325 0.7587886375 0.5592278890625 0.5818564515625 0.52470815625 0.5451365640625 0.698102590625 0.72206875 0.732622325
1 0 0.7277416640625 0.3319919078125 0.7925137828125 0.38721216406250003 0.5317590328125 0.0017671875 0.456558140625 0 0.4649029515625 0 0.7277416640625
1 0.5875834234374999 0.3007353640625 0.6457651624999999 0.0259962359375 0.5525521203125 0.007810231250000001 0.143510834375 0.0149500734375 0.103010834375 0.206194528125 0.5875834234374999 0.3007353640625
9 0.6917663015625 1 0.7079295812499999 0.9236756187499999 0.5193115609375 0.8868759609374999 0.49535518749999996 1 0.6917663015625 1
9 0.701601028125 0.9283049390624999 0.742734846875 0.7340675421875 0.554131253125 0.6972706984375 0.512997434375 0.8915080953125001 0.701601028125 0.9283049390624999
9 0.887360059375 0.3601497609375 0.9170231046874999 0.2200783328125 0.6158026953125 0.1613097796875 0.5861396484375 0.301381209375 0.887360059375 0.3601497609375
6 0.9140002718750001 0.8779913421875 0.9817790640625 0.5579341109375 0.78007579375 0.5185815015624999 0.712297003125 0.8386387328125 0.9140002718750001 0.8779913421875
7 0.5160623328125 0.5627000890625 0.57318565 0.2929589171875 0.215252878125 0.2231256984375 0.1581295609375 0.49286686875 0.5160623328125 0.5627000890625
5 1 0.315199775 0.9318011328125 0.3018940734375 0.892805115625 0.4860365890625 1 0.506950471875 1 0.315199775
2 0.6916430390625 1 0.70463679375 0.927093696875 0.5093363265625 0.8873722640624999 0.5405778140625 0.7732600578125 0.3453043515625 0.733482059375 0.3337371671875 0.7881032859375 0.045152004687500004 0.7301818718749999 0.0059191859375 0.9235019234375 0.3980129328125 1 0.6916430390625 1