0 1 0.4649029515625 0.9419101234375 0.1905976015625 0.7686568109375 0.22439958125 0.8272996453125 0.5013160375 1 0.46762194062500007 1 0.4649029515625
3 0.4548634359375 0.698102590625 0.4181435484375 0.52470815625 0.2412113625 0.5592278890625 0.27793125 0.732622325 0.4548634359375 0.698102590625
1 1 0.4649029515625 0.9982328125000001 0.456558140625 0.6127878359375 0.5317590328125 0.6680080921875 0.7925137828125 1 0.7277416640625 1 0.4649029515625
1 0.8969891656250001 0.206194528125 0.856489165625 0.0149500734375 0.4474478796875 0.007810231250000001 0.3542348375 0.0259962359375 0.4124165765625 0.3007353640625 0.8969891656250001 0.206194528125
9 0.5046448125 1 0.48068843906250003 0.8868759609374999 0.29207041875 0.9236756187499999 0.3082336984375 1 0.5046448125 1
9 0.487002565625 0.8915080953125001 0.445868746875 0.6972706984375 0.257265153125 0.7340675421875 0.29839897187500003 0.9283049390624999 0.487002565625 0.8915080953125001
9 0.4138603515625 0.301381209375 0.3841973046875 0.1613097796875 0.0829768953125 0.2200783328125 0.112639940625 0.3601497609375 0.4138603515625 0.301381209375
6 0.287702996875 0.8386387328125 0.21992420625000003 0.5185815015624999 0.0182209359375 0.5579341109375 0.085999728125 0.8779913421875 0.287702996875 0.8386387328125
7 0.8418704390625 0.49286686875 0.784747121875 0.2231256984375 0.42681435 0.2929589171875 0.4839376671875 0.5627000890625 0.8418704390625 0.49286686875
5 0 0.506950471875 0.107194884375 0.4860365890625 0.0681988671875 0.3018940734375 0 0.315199775 0 0.506950471875
2 0.6019870671875001 1 0.9940808140625 0.9235019234375 0.9548479953125 0.7301818718749999 0.6662628328125 0.7881032859375 0.6546956484375 0.733482059375 0.45942218593749995 0.7732600578125 0.49066367343749995 0.8873722640624999 0.29536320625 0.927093696875 0.3083569609375 1 0.6019870671875001 1