0 0 0.82836366875 0.0013401640625 0.8409628921875001 0.1633622265625 0.8117723109374999 0.1360420765625 0.554928625 0 0.5794385421875 0 0.82836366875
3 0.6832628749999999 0.5075695140625001 0.6661560468750001 0.346743875 0.49930420625 0.37680460937500004 0.516411034375 0.5376302484375 0.6832628749999999 0.5075695140625001
1 0 0.5897950359374999 0.33722545625 0.529039071875 0.3114997953125 0.287185584375 0 0.34330670625000004 0 0.5897950359374999
1 0.5271014640625 1 0.499969453125 0.7449250578125 0.0430043796875 0.82725381875 0.061379181250000005 1 0.5271014640625 1
9 0.4735887484375 0.0122523578125 0.49375762500000003 0.201865103125 0.671629525 0.1698189515625 0.6544216578125 0.008043425 0.4735887484375 0.0122523578125
9 0.6853937234374999 0.34562615625 0.6662305609375 0.1654683921875 0.48837226562499997 0.1975120953125 0.507535428125 0.3776698578125 0.6853937234374999 0.34562615625
9 0.796576171875 0.8230529843750001 0.782756940625 0.6931348765625 0.4986979390625 0.7443121484375 0.5125171703125 0.8742302562500001 0.796576171875 0.8230529843750001
6 0.88920163125 0.51113490625 0.8576252796875 0.2142775796875 0.6674136359375 0.24854691562500003 0.6989899875 0.545404240625 0.88920163125 0.51113490625
7 0.48590993437499996 0.7519674125 0.4592976859375 0.501778896875 0.12175739062499999 0.562591584375 0.1483696390625 0.8127801 0.48590993437499996 0.7519674125
5 0.8000044828125 0.5767141421875001 0.8181717000000001 0.7475087671875 0.9621844953125 0.7215628125 0.9656981328124999 0.65451863125 0.9544621609374999 0.5488863921875 0.8000044828125 0.5767141421875001
2 0.016070090625 0.0926507734375 0.040383962499999995 0.341812634375 0.31268459375 0.291284990625 0.3180734390625 0.341946903125 0.5023846125 0.307215684375 0.4845877234375 0.2012999484375 0.668918359375 0.1666213546875 0.657341178125 0.007975471875 0.46064914375 0.01255353125 0.016070090625 0.0926507734375