0 1 0.5794385421875 0.8639579234375001 0.554928625 0.8366377734375 0.8117723109374999 0.9986598359375 0.8409628921875001 1 0.82836366875 1 0.5794385421875
3 0.483588965625 0.5376302484375 0.5006957937500001 0.37680460937500004 0.33384395312500004 0.346743875 0.316737125 0.5075695140625001 0.483588965625 0.5376302484375
1 1 0.34330670625000004 0.6885002046875 0.287185584375 0.66277454375 0.529039071875 1 0.5897950359374999 1 0.34330670625000004
1 0.9386208187499999 1 0.9569956203125001 0.82725381875 0.5000305468749999 0.7449250578125 0.4728985359375 1 0.9386208187499999 1
9 0.3455783421875 0.008043425 0.328370475 0.1698189515625 0.506242375 0.201865103125 0.5264112515625 0.0122523578125 0.3455783421875 0.008043425
9 0.492464571875 0.3776698578125 0.511627734375 0.1975120953125 0.3337694390625 0.1654683921875 0.3146062765625 0.34562615625 0.492464571875 0.3776698578125
9 0.4874828296875 0.8742302562500001 0.5013020609375001 0.7443121484375 0.21724305937500002 0.6931348765625 0.20342382812499998 0.8230529843750001 0.4874828296875 0.8742302562500001
6 0.30101001250000003 0.545404240625 0.33258636406250003 0.24854691562500003 0.1423747203125 0.2142775796875 0.11079836875 0.51113490625 0.30101001250000003 0.545404240625
7 0.8516303609375001 0.8127801 0.8782426093750001 0.562591584375 0.5407023140625 0.501778896875 0.514090065625 0.7519674125 0.8516303609375001 0.8127801
5 0.0455378390625 0.5488863921875 0.0343018671875 0.65451863125 0.0378155046875 0.7215628125 0.1818283 0.7475087671875 0.1999955171875 0.5767141421875001 0.0455378390625 0.5488863921875
2 0.53935085625 0.01255353125 0.342658821875 0.007975471875 0.331081640625 0.1666213546875 0.5154122765625 0.2012999484375 0.49761538749999995 0.307215684375 0.6819265609375 0.341946903125 0.68731540625 0.291284990625 0.9596160375 0.341812634375 0.983929909375 0.0926507734375 0.53935085625 0.01255353125