1 0.6139086078125 1 0.6192913234375 0.815102034375 0.2214417640625 0.801215878125 0.215654796875 1 0.6139086078125 1
5 1 0.712594375 0.880278671875 0.7084157375 0.8767607671875 0.8292568546875 0.9980286859374999 0.833489471875 1 0.7657742234375 1 0.712594375
3 0.759193475 0.587305878125 0.7632708734375 0.4472460046875 0.628203053125 0.44253172812499997 0.62412565625 0.582591603125 0.759193475 0.587305878125
0 0.09567920625000001 0.0473934453125 0.0884531859375 0.2956095328125 0.214922003125 0.3000236796875 0.222469971875 0.040748621875 0.09567920625000001 0.0473934453125
2 0.403026321875 0.0312860640625 0.21715180781250001 0.0410273359375 0.2097687421875 0.2946379390625 0.644623415625 0.30483492968750003 0.6468357453125 0.2288407109375 0.8093013499999999 0.2361058453125 0.821852128125 0.041347040625 0.403026321875 0.0312860640625
0 0.2611768875 0.79517383125 0.268941046875 0.5284725421875 0.08186420625 0.5219429921875001 0.0741000484375 0.7886442828125 0.2611768875 0.79517383125
6 1 0.4548988703125 0.79615415625 0.44778403281249995 0.7888340984375 0.69923025625 1 0.7066005859375 1 0.4548988703125
10 1 0.3443842390625 0.802001046875 0.3374734765625 0.7985597953125 0.4556815 1 0.4627123734375 1 0.3443842390625
9 0.8677762687499999 0.9345146625 0.8714952203124999 0.8067675375000001 0.6158857921875 0.79784599375 0.6121668421875001 0.9255931187499999 0.8677762687499999 0.9345146625
9 0.8048782453125 0.4197047859375 0.8103149578125001 0.2329520375 0.6495928125 0.22734234843749998 0.6441561015625 0.41409509531250005 0.8048782453125 0.4197047859375
9 0.8047208171875001 0.2360210109375 0.8101572562499999 0.049277634375000004 0.6494351125 0.0436679453125 0.6439986734375001 0.2304113203125 0.8047208171875001 0.2360210109375
1 0.49563461875000003 0.5330268125 0.5025119375 0.296788803125 0.1362439140625 0.2840049375 0.12936659687500002 0.5202429468750001 0.49563461875000003 0.5330268125
7 0.6048868781250001 0.80907448125 0.6125953875000001 0.5442847625 0.2546150859375 0.5317901640625 0.246906575 0.796579884375 0.6048868781250001 0.80907448125