1 0.0269396546875 0.5762887828125 0.24427586250000002 0.5762887828125 0.24427586250000002 0.21023866406249997 0.0269396546875 0.21023866406249997 0.0269396546875 0.5762887828125
5 0.2395258625 0.9248926015625001 0.3506982765625 0.9248926015625001 0.3506982765625 0.813317421875 0.2395258625 0.813317421875 0.2395258625 0.9248926015625001
3 0.45812068906250003 0.698782815625 0.5869741375 0.698782815625 0.5869741375 0.574510740625 0.45812068906250003 0.574510740625 0.45812068906250003 0.698782815625
0 0.7046896546875 0.19083532187500002 0.9588103453124999 0.19083532187500002 0.9588103453124999 0.074474940625 0.7046896546875 0.074474940625 0.7046896546875 0.19083532187500002
2 0.9558534484375001 0.1859546546875 0.7094741375 0.1859546546875 0.7140517234375 0.5859188546875 0.7839655171875 0.5859188546875 0.7825 0.735441528125 0.9618965515625 0.741766109375 0.9558534484375001 0.1859546546875
0 0.2511034484375 0.2465990453125 0.4964655171875 0.2465990453125 0.4964655171875 0.074474940625 0.2511034484375 0.074474940625 0.2511034484375 0.2465990453125
6 0.35620689687499996 0.95453460625 0.5875344828125 0.95453460625 0.5875344828125 0.7290214796875001 0.35620689687499996 0.7290214796875001 0.35620689687499996 0.95453460625
10 0.5803534484374999 0.9496420046875 0.6891034484375 0.9496420046875 0.6891034484375 0.7314439140625 0.5803534484374999 0.7314439140625 0.5803534484374999 0.9496420046875
9 0.14250000000000002 0.8078758953125 0.2600258625 0.8078758953125 0.2600258625 0.5726968968749999 0.14250000000000002 0.5726968968749999 0.14250000000000002 0.8078758953125
9 0.6136206890625 0.7362887828125 0.785431034375 0.7362887828125 0.785431034375 0.5884128875 0.6136206890625 0.5884128875 0.6136206890625 0.7362887828125
9 0.782431034375 0.7312291171874999 0.9542327593750001 0.7312291171874999 0.9542327593750001 0.583353221875 0.782431034375 0.583353221875 0.782431034375 0.7312291171874999
1 0.4995517234375 0.4550835328125 0.7168879312499999 0.4550835328125 0.7168879312499999 0.11809069218749998 0.4995517234375 0.11809069218749998 0.4995517234375 0.4550835328125
7 0.2493534484375 0.5628878281249999 0.492956896875 0.5628878281249999 0.492956896875 0.2335202859375 0.2493534484375 0.2335202859375 0.2493534484375 0.5628878281249999