1 0.9730603453125 0.21023866406249997 0.7557241375 0.21023866406249997 0.7557241375 0.5762887828125 0.9730603453125 0.5762887828125 0.9730603453125 0.21023866406249997
5 0.7604741374999999 0.813317421875 0.6493017234375 0.813317421875 0.6493017234375 0.9248926015625001 0.7604741374999999 0.9248926015625001 0.7604741374999999 0.813317421875
3 0.5418793109375 0.574510740625 0.41302586249999995 0.574510740625 0.41302586249999995 0.698782815625 0.5418793109375 0.698782815625 0.5418793109375 0.574510740625
0 0.2953103453125 0.074474940625 0.0411896546875 0.074474940625 0.0411896546875 0.19083532187500002 0.2953103453125 0.19083532187500002 0.2953103453125 0.074474940625
2 0.0381034484375 0.741766109375 0.21749999999999997 0.735441528125 0.21603448281249998 0.5859188546875 0.2859482765625 0.5859188546875 0.2905258625 0.1859546546875 0.044146551562500004 0.1859546546875 0.0381034484375 0.741766109375
0 0.7488965515625 0.074474940625 0.5035344828125 0.074474940625 0.5035344828125 0.2465990453125 0.7488965515625 0.2465990453125 0.7488965515625 0.074474940625
6 0.6437931031249999 0.7290214796875001 0.4124655171875 0.7290214796875001 0.4124655171875 0.95453460625 0.6437931031249999 0.95453460625 0.6437931031249999 0.7290214796875001
10 0.4196465515625 0.7314439140625 0.3108965515625 0.7314439140625 0.3108965515625 0.9496420046875 0.4196465515625 0.9496420046875 0.4196465515625 0.7314439140625
9 0.8574999999999999 0.5726968968749999 0.7399741375 0.5726968968749999 0.7399741375 0.8078758953125 0.8574999999999999 0.8078758953125 0.8574999999999999 0.5726968968749999
9 0.3863793109375 0.5884128875 0.214568965625 0.5884128875 0.214568965625 0.7362887828125 0.3863793109375 0.7362887828125 0.3863793109375 0.5884128875
9 0.217568965625 0.583353221875 0.045767240625 0.583353221875 0.045767240625 0.7312291171874999 0.217568965625 0.7312291171874999 0.217568965625 0.583353221875
1 0.5004482765625 0.11809069218749998 0.28311206875 0.11809069218749998 0.28311206875 0.4550835328125 0.5004482765625 0.4550835328125 0.5004482765625 0.11809069218749998
7 0.7506465515625 0.2335202859375 0.507043103125 0.2335202859375 0.507043103125 0.5628878281249999 0.7506465515625 0.5628878281249999 0.7506465515625 0.2335202859375