1 0.784345203125 1 0.7785582359375 0.801215878125 0.38070867656249996 0.815102034375 0.3860913921875 1 0.784345203125 1
5 0 0.7657742234375 0.0019713140625 0.833489471875 0.1232392328125 0.8292568546875 0.119721328125 0.7084157375 0 0.712594375 0 0.7657742234375
3 0.37587434375 0.582591603125 0.371796946875 0.44253172812499997 0.2367291265625 0.4472460046875 0.240806525 0.587305878125 0.37587434375 0.582591603125
0 0.7775300281249999 0.040748621875 0.785077996875 0.3000236796875 0.9115468140624999 0.2956095328125 0.90432079375 0.0473934453125 0.7775300281249999 0.040748621875
2 0.178147871875 0.041347040625 0.19069865 0.2361058453125 0.3531642546875 0.2288407109375 0.35537658437499997 0.30483492968750003 0.7902312578124999 0.2946379390625 0.7828481921875 0.0410273359375 0.596973678125 0.0312860640625 0.178147871875 0.041347040625
0 0.9258999515624999 0.7886442828125 0.91813579375 0.5219429921875001 0.731058953125 0.5284725421875 0.7388231125 0.79517383125 0.9258999515624999 0.7886442828125
6 0 0.7066005859375 0.21116590156249998 0.69923025625 0.20384584375 0.44778403281249995 0 0.4548988703125 0 0.7066005859375
10 0 0.4627123734375 0.20144020468749999 0.4556815 0.197998953125 0.3374734765625 0 0.3443842390625 0 0.4627123734375
9 0.3878331578125 0.9255931187499999 0.3841142078125 0.79784599375 0.12850477968750001 0.8067675375000001 0.13222373125 0.9345146625 0.3878331578125 0.9255931187499999
9 0.3558438984375 0.41409509531250005 0.3504071875 0.22734234843749998 0.18968504218749999 0.2329520375 0.19512175468749998 0.4197047859375 0.3558438984375 0.41409509531250005
9 0.3560013265625 0.2304113203125 0.3505648875 0.0436679453125 0.18984274375000001 0.049277634375000004 0.1952791828125 0.2360210109375 0.3560013265625 0.2304113203125
1 0.870633403125 0.5202429468750001 0.8637560859375 0.2840049375 0.4974880625 0.296788803125 0.50436538125 0.5330268125 0.870633403125 0.5202429468750001
7 0.753093425 0.796579884375 0.7453849140625 0.5317901640625 0.3874046125 0.5442847625 0.39511312187500003 0.80907448125 0.753093425 0.796579884375