1 0.4994441890625 1 0.5332952046874999 0.79555683125 0.1586736421875 0.7165166890625 0.12210175625 0.9373925515625 0.4188383203125 1 0.4994441890625 1
5 0.79378216875 0.738582071875 0.7750748171875 0.8515651 0.8892626453125001 0.87565720625 0.9079699953124999 0.7626741781249999 0.79378216875 0.738582071875
3 0.5891425046875 0.446893259375 0.56745990625 0.577845284375 0.6946419421875001 0.60467899375 0.7163245390624999 0.47372697031250005 0.5891425046875 0.446893259375
0 0.1323668 0.00693705 0.097206228125 0.21928927968749998 0.21629131093749998 0.24441464062499998 0.25455179375000003 0.013340493749999998 0.1323668 0.00693705
2 0.21210145625000001 0.2384983671875 0.6222015187500001 0.320209340625 0.6339661453125001 0.24915689218749998 0.786743440625 0.282932278125 0.8234037734375 0.10197962499999999 0.4243740984375 0.022240504687500003 0.249426815625 0.013071906250000001 0.21210145625000001 0.2384983671875
0 0.0621676609375 0.4309046703125 0.0208797703125 0.6802628390625001 0.1970343390625 0.7174290984375 0.23832223125000002 0.4680709296875 0.0621676609375 0.4309046703125
6 0.7473655640625 0.47968684531249994 0.708439303125 0.7147819578125 0.9392330515625 0.7634763546875 0.9781593140625 0.5283812421875 0.7473655640625 0.47968684531249994
10 0.76693606875 0.3769867421875 0.7486363453125 0.48750790312500003 0.9719437718749999 0.5346227859375 0.990243496875 0.4241016234375 0.76693606875 0.3769867421875
9 0.532269515625 0.7787747328125 0.5124930484375 0.898214684375 0.75317900625 0.94899620625 0.7729554750000001 0.8295562546875 0.532269515625 0.7787747328125
9 0.6367651875 0.2482060375 0.6078540890624999 0.422814578125 0.7591926515625 0.4547449921875 0.7881037484375 0.2801364515625 0.6367651875 0.2482060375
9 0.6599918703125 0.07556259843749999 0.631082225 0.25016237812500003 0.782420784375 0.2820927921875 0.8113304328125001 0.10749301250000001 0.6599918703125 0.07556259843749999
1 0.1438959328125 0.2163101609375 0.107324046875 0.437186021875 0.452207925 0.5099519109374999 0.488779809375 0.28907605 0.1438959328125 0.2163101609375
7 0.22434681250000002 0.46881263593750006 0.18335485 0.716383540625 0.5204348734375001 0.78750291875 0.5614268359375 0.539932015625 0.22434681250000002 0.46881263593750006