1 0.5811616796875 1 0.87789824375 0.9373925515625 0.8413263578124999 0.7165166890625 0.46670479531250003 0.79555683125 0.5005558109375 1 0.5811616796875 1
5 0.0920300046875 0.7626741781249999 0.11073735468749998 0.87565720625 0.22492518281249999 0.8515651 0.20621783124999998 0.738582071875 0.0920300046875 0.7626741781249999
3 0.28367546093749996 0.47372697031250005 0.30535805781250003 0.60467899375 0.43254009375 0.577845284375 0.41085749531250004 0.446893259375 0.28367546093749996 0.47372697031250005
0 0.7454482062500001 0.013340493749999998 0.7837086890625 0.24441464062499998 0.902793771875 0.21928927968749998 0.8676332 0.00693705 0.7454482062500001 0.013340493749999998
2 0.750573184375 0.013071906250000001 0.5756259015625 0.022240504687500003 0.1765962265625 0.10197962499999999 0.213256559375 0.282932278125 0.3660338546875 0.24915689218749998 0.37779848125000004 0.320209340625 0.78789854375 0.2384983671875 0.750573184375 0.013071906250000001
0 0.76167776875 0.4680709296875 0.8029656609375 0.7174290984375 0.9791202296874999 0.6802628390625001 0.9378323390625001 0.4309046703125 0.76167776875 0.4680709296875
6 0.0218406859375 0.5283812421875 0.0607669484375 0.7634763546875 0.291560696875 0.7147819578125 0.2526344359375 0.47968684531249994 0.0218406859375 0.5283812421875
10 0.009756503125 0.4241016234375 0.028056228125 0.5346227859375 0.2513636546875 0.48750790312500003 0.23306393124999997 0.3769867421875 0.009756503125 0.4241016234375
9 0.227044525 0.8295562546875 0.24682099375000002 0.94899620625 0.4875069515625 0.898214684375 0.467730484375 0.7787747328125 0.227044525 0.8295562546875
9 0.21189625156249997 0.2801364515625 0.2408073484375 0.4547449921875 0.3921459109375 0.422814578125 0.3632348125 0.2482060375 0.21189625156249997 0.2801364515625
9 0.1886695671875 0.10749301250000001 0.217579215625 0.2820927921875 0.368917775 0.25016237812500003 0.3400081296875 0.07556259843749999 0.1886695671875 0.10749301250000001
1 0.511220190625 0.28907605 0.547792075 0.5099519109374999 0.8926759531249999 0.437186021875 0.8561040671875 0.2163101609375 0.511220190625 0.28907605
7 0.4385731640625 0.539932015625 0.47956512656249994 0.78750291875 0.81664515 0.716383540625 0.7756531875 0.46881263593750006 0.4385731640625 0.539932015625