9 0.423019375 0.30373629375 0.3648293640625 0.0339668234375 0.240289634375 0.052458021875000004 0.2984796421875 0.3222274921875 0.423019375 0.30373629375
5 0.5777452125 0.026908915625 0.6027134359375 0.14266185625 0.7129615359375 0.1262926265625 0.69267888125 0.0322620375 0.5777452125 0.026908915625
2 0.06513338125 0.48645748125 0.15874126093750002 0.46832967343750004 0.198567015625 0.670371609375 0.3761230625 0.6588612484375 0.2463165046875 0.0515631734375 0.0020443078125 0.08783180625 0.0050194578125 0.21565639218750002 0.06513338125 0.48645748125
0 0.0053735828125000005 0.2308710015625 0.0114273125 0.49096397031250005 0.059923178125 0.483763484375 0.0053735828125000005 0.2308710015625
6 0.9588794515625001 0.5197406265625 0.8698893734375 0.107181728125 0.6770381578125 0.1358155640625 0.766028234375 0.5483744625 0.9588794515625001 0.5197406265625
9 0.6868934624999999 0.7046604249999999 0.750374615625 0.9989596890625 0.8748914609374999 0.9804718875 0.8114103078125 0.6861726234375001 0.6868934624999999 0.7046604249999999
9 0.3765833203125 0.6554656296875 0.328778696875 0.4338429203125 0.149990265625 0.46038876562500003 0.19779488750000002 0.682011475 0.3765833203125 0.6554656296875
1 0.450900321875 1 0.3721719375 0.6350144234374999 0.0929415953125 0.6764735140625 0.1627271390625 1 0.450900321875 1
3 0.6873561015625 0.40980658593749997 0.6532925328125 0.2518875390625 0.513728853125 0.2726094390625 0.547792421875 0.4305284859375 0.6873561015625 0.40980658593749997
0 0.173095375 1 0.1059289953125 0.6886159875 0.045009340625 0.6976611109374999 0.1102246625 1 0.173095375 1
7 0.734188234375 1 0.7529732390625 0.997210871875 0.658118078125 0.5574613875 0.370855128125 0.6001131281250001 0.4571118140625 1 0.734188234375 1
2 1 0.5039436671875 0.662258009375 0.564062496875 0.7588247015625 0.9977050515625001 1 0.961896234375 1 0.5039436671875