9 0.2758687265625 0.5327272734374999 0.0047297296875 0.5327272734374999 0.0047297296875 0.6579746828124999 0.2758687265625 0.6579746828124999 0.2758687265625 0.5327272734374999
5 0.146428571875 0.212888378125 0.0054054046875 0.212888378125 0.0054054046875 0.3237629453125 0.146428571875 0.3237629453125 0.146428571875 0.212888378125
2 0.0042471046875 0.9223245109375 0.400675675 0.9198849250000001 0.3966023171875 0.8248561562500001 0.5968918921874999 0.828515534375 0.6111969109375 0.653072496875 0 0.651898734375 0.0042471046875 0.9223245109375
0 0.3973359078125 1 0.3973359078125 0.9243958578125 0 0.9243958578125 0 1 0.3973359078125 1
6 0.560540540625 0.0559493671875 0.1504633203125 0.0559493671875 0.1504633203125 0.2498964328125 0.560540540625 0.2498964328125 0.560540540625 0.0559493671875
9 1 0.23463751406250002 0.699749034375 0.23463751406250002 0.699749034375 0.3598619109375 1 0.3598619109375 1 0.23463751406250002
9 0.607992278125 0.6519102421875 0.387702703125 0.6519102421875 0.387702703125 0.8317146140625 0.607992278125 0.8317146140625 0.607992278125 0.6519102421875
1 1 0.6519102421875 0.5876640921875 0.6519102421875 0.5876640921875 0.9327272734375001 1 0.9327272734375001 1 0.6519102421875
3 0.41583011562500005 0.29743383125 0.258861003125 0.29743383125 0.258861003125 0.43779056406250005 0.41583011562500005 0.43779056406250005 0.41583011562500005 0.29743383125
0 1 0.9226237046874999 0.6012162156249999 0.9226237046874999 0.6012162156249999 1 1 1 1 0.9226237046874999
7 0.9909652515625 0.35696202499999996 0.553861003125 0.35696202499999996 0.553861003125 0.6458573078125001 0.9909652515625 0.6458573078125001 0.9909652515625 0.35696202499999996
2 0.9948262546875 0.351346375 0.9948262546875 0.00339470625 0.5509073359375 0.0019217484375 0.5608108109375001 0.3543153046875 0.9948262546875 0.351346375