9 0.7015203578125 0.3222274921875 0.7597103656249999 0.052458021875000004 0.6351706359375 0.0339668234375 0.576980625 0.30373629375 0.7015203578125 0.3222274921875
5 0.30732111875 0.0322620375 0.2870384640625 0.1262926265625 0.39728656406249996 0.14266185625 0.4222547875 0.026908915625 0.30732111875 0.0322620375
2 0.9949805421875 0.21565639218750002 0.9979556921875 0.08783180625 0.7536834953125 0.0515631734375 0.6238769375000001 0.6588612484375 0.801432984375 0.670371609375 0.8412587390624999 0.46832967343750004 0.9348666187499999 0.48645748125 0.9949805421875 0.21565639218750002
0 0.9400768218750001 0.483763484375 0.9885726874999999 0.49096397031250005 0.9946264171875001 0.2308710015625 0.9400768218750001 0.483763484375
6 0.233971765625 0.5483744625 0.3229618421875 0.1358155640625 0.1301106265625 0.107181728125 0.0411205484375 0.5197406265625 0.233971765625 0.5483744625
9 0.1885896921875 0.6861726234375001 0.1251085390625 0.9804718875 0.24962538437499998 0.9989596890625 0.3131065375 0.7046604249999999 0.1885896921875 0.6861726234375001
9 0.8022051125 0.682011475 0.8500097343749999 0.46038876562500003 0.6712213031250001 0.4338429203125 0.6234166796875 0.6554656296875 0.8022051125 0.682011475
1 0.8372728609375001 1 0.9070584046875 0.6764735140625 0.6278280625 0.6350144234374999 0.5490996781249999 1 0.8372728609375001 1
3 0.452207578125 0.4305284859375 0.48627114687499995 0.2726094390625 0.3467074671875 0.2518875390625 0.3126438984375 0.40980658593749997 0.452207578125 0.4305284859375
0 0.8897753375 1 0.954990659375 0.6976611109374999 0.8940710046874999 0.6886159875 0.8269046250000001 1 0.8897753375 1
7 0.5428881859375 1 0.629144871875 0.6001131281250001 0.341881921875 0.5574613875 0.2470267609375 0.997210871875 0.265811765625 1 0.5428881859375 1
2 0 0.961896234375 0.24117529843750002 0.9977050515625001 0.337741990625 0.564062496875 0 0.5039436671875 0 0.961896234375