9 0.8880517234375 0.7610574406249999 0.9666465515624999 0.7610574406249999 0.9666465515624999 0.571958225 0.8880517234375 0.571958225 0.8880517234375 0.7610574406249999
7 0.48783620625 0.46775456875000004 0.686344828125 0.46775456875000004 0.686344828125 0.218015665625 0.48783620625 0.218015665625 0.48783620625 0.46775456875000004
1 0.2589224140625 0.9210574406250001 0.43677586249999995 0.9210574406250001 0.43677586249999995 0.610744125 0.2589224140625 0.610744125 0.2589224140625 0.9210574406250001
9 0.12125 0.778015665625 0.260681034375 0.778015665625 0.260681034375 0.610744125 0.12125 0.610744125 0.12125 0.778015665625
9 0.2188965515625 0.5016579640625001 0.308706896875 0.5016579640625001 0.308706896875 0.290744125 0.2188965515625 0.290744125 0.2188965515625 0.5016579640625001
9 0.438206896875 0.8180939953124999 0.5343965515625 0.8180939953124999 0.5343965515625 0.60718015625 0.438206896875 0.60718015625 0.438206896875 0.8180939953124999
10 0.8143965515625 0.5016579640625001 0.9682499999999999 0.5016579640625001 0.9682499999999999 0.33922976562499996 0.8143965515625 0.33922976562499996 0.8143965515625 0.5016579640625001
0 0.48783620625 0.22287206249999997 0.6865 0.22287206249999997 0.6865 0.0871148828125 0.48783620625 0.0871148828125 0.48783620625 0.22287206249999997
0 0.050775862500000005 0.23990861562500002 0.22385344843750002 0.23990861562500002 0.22385344843750002 0.10415143593750001 0.050775862500000005 0.10415143593750001 0.050775862500000005 0.23990861562500002
6 0.6767413796875 0.55741514375 0.8209741375 0.55741514375 0.8209741375 0.2204438640625 0.6767413796875 0.2204438640625 0.6767413796875 0.55741514375
1 0.763181034375 0.76832898125 0.8866034484374999 0.76832898125 0.8866034484374999 0.55741514375 0.763181034375 0.55741514375 0.763181034375 0.76832898125
3 0.5901465515625001 0.7396736296875 0.6973103453125 0.7396736296875 0.6973103453125 0.6051697125 0.5901465515625001 0.6051697125 0.5901465515625001 0.7396736296875
2 0.0698275859375 0.77454308125 0.2602844828125 0.7703002609375 0.261681034375 0.6103002609375 0.289482759375 0.60822454375 0.2908706890625 0.5008224546875 0.2199741375 0.5008224546875 0.2185775859375 0.2439817234375 0.0378534484375 0.23766318593750002 0.0350775859375 0.6208224546875 0.0656896546875 0.6229765015625001 0.0698275859375 0.77454308125
2 0.4910603453125 0.5008224546875 0.48967241406250006 0.1450391640625 0.3075517234375 0.1471409921875 0.3089396546875 0.2903002609375 0.21580172343749998 0.2903002609375 0.2185775859375 0.4924020890625 0.4910603453125 0.5008224546875
5 0.6398103453124999 0.9159791125 0.7676724140625 0.9159791125 0.7676724140625 0.823355090625 0.6398103453124999 0.823355090625 0.6398103453124999 0.9159791125