9 0.0659218078125 0.6887372968750001 0.040340100000000004 0.6914282421875 0.0648085421875 0.9009403140625001 0.09039025 0.8982493687499999 0.0659218078125 0.6887372968750001
7 0.275283084375 0.549844009375 0.494594325 0.526774621875 0.4622794265625 0.2500769390625 0.2429681859375 0.273146328125 0.275283084375 0.549844009375
1 0.724228421875 1 0.8048800500000001 0.9915162421874999 0.7659991296875 0.6585967140625 0.569507609375 0.6792656906250001 0.6069654453125 1 0.724228421875 1
9 0.7857002718749999 0.844129234375 0.939742915625 0.8279254625 0.9180988609374999 0.642597315625 0.7640562156249999 0.6588010890625 0.7857002718749999 0.844129234375
9 0.6968823296875 0.543520565625 0.796104309375 0.5330833890625 0.7688131703125001 0.2994018515625 0.6695911890625 0.3098390296875 0.6968823296875 0.543520565625
9 0.48848678593750006 0.920343378125 0.5947565921875 0.9091648390625 0.567465453125 0.6754833046875001 0.461195646875 0.68666184375 0.48848678593750006 0.920343378125
10 0.138199159375 0.6022885453125 0.11718180468749999 0.42232657187499995 0.01852705625 0.43270408125 0.0241011046875 0.5523811578125 0.031243615625 0.61353921875 0.138199159375 0.6022885453125
0 0.24342514531249998 0.2785449953125 0.46290781875000003 0.25545757343750003 0.44534155625 0.10504569687500001 0.22585887968749999 0.1281331171875 0.24342514531249998 0.2785449953125
0 0.7567589703125 0.2436548171875 0.94797414375 0.22354086093749997 0.9304078796875 0.073128984375 0.73919270625 0.0932429421875 0.7567589703125 0.2436548171875
6 0.1381469609375 0.6648289984375 0.29749452656250003 0.6480672000000001 0.2538922171875 0.27472059375 0.094544653125 0.2914823921875 0.1381469609375 0.6648289984375
1 0.0929311953125 0.906137546875 0.22928760625 0.8917941921875 0.201996465625 0.6581126578125 0.0656400578125 0.6724560125 0.0929311953125 0.906137546875
3 0.298353334375 0.8523904906249999 0.416747309375 0.839936609375 0.399343209375 0.6909132828125 0.2809492359375 0.7033671640625 0.298353334375 0.8523904906249999
2 1 0.5260615203125 0.961960209375 0.21955128125 0.7631147515625 0.24755448281249998 0.7948056875 0.5322829171875 0.7164795625 0.54052205625 0.73191020625 0.6593566734375 0.7628939859375 0.6584255234375 0.7851400468749999 0.8355348828125001 0.996104784375 0.8181020374999999 0.9810644328125001 0.6496932875 1 0.6463375734375 1 0.5260615203125
2 0.45080801875 0.1694361734375 0.495311125 0.563786803125 0.7952590374999999 0.5227912921875 0.7721748859375 0.2985504125 0.66927660625 0.3093743 0.6522859296875 0.1506 0.45080801875 0.1694361734375
5 0.379898409375 1 0.372706959375 0.938422909375 0.2314456453125 0.9532822124999999 0.2369017109375 1 0.379898409375 1