9 0.11194827656249999 0.571958225 0.0333534484375 0.571958225 0.0333534484375 0.7610574406249999 0.11194827656249999 0.7610574406249999 0.11194827656249999 0.571958225
7 0.51216379375 0.218015665625 0.31365517187499997 0.218015665625 0.31365517187499997 0.46775456875000004 0.51216379375 0.46775456875000004 0.51216379375 0.218015665625
1 0.7410775859375 0.610744125 0.5632241375 0.610744125 0.5632241375 0.9210574406250001 0.7410775859375 0.9210574406250001 0.7410775859375 0.610744125
9 0.8787499999999999 0.610744125 0.739318965625 0.610744125 0.739318965625 0.778015665625 0.8787499999999999 0.778015665625 0.8787499999999999 0.610744125
9 0.7811034484375 0.290744125 0.691293103125 0.290744125 0.691293103125 0.5016579640625001 0.7811034484375 0.5016579640625001 0.7811034484375 0.290744125
9 0.5617931031250001 0.60718015625 0.46560344843749996 0.60718015625 0.46560344843749996 0.8180939953124999 0.5617931031250001 0.8180939953124999 0.5617931031250001 0.60718015625
10 0.1856034484375 0.33922976562499996 0.03175 0.33922976562499996 0.03175 0.5016579640625001 0.1856034484375 0.5016579640625001 0.1856034484375 0.33922976562499996
0 0.51216379375 0.0871148828125 0.3135 0.0871148828125 0.3135 0.22287206249999997 0.51216379375 0.22287206249999997 0.51216379375 0.0871148828125
0 0.9492241375000001 0.10415143593750001 0.7761465515625 0.10415143593750001 0.7761465515625 0.23990861562500002 0.9492241375000001 0.23990861562500002 0.9492241375000001 0.10415143593750001
6 0.32325862031249997 0.2204438640625 0.17902586250000002 0.2204438640625 0.17902586250000002 0.55741514375 0.32325862031249997 0.55741514375 0.32325862031249997 0.2204438640625
1 0.23681896562500002 0.55741514375 0.11339655156249999 0.55741514375 0.11339655156249999 0.76832898125 0.23681896562500002 0.76832898125 0.23681896562500002 0.55741514375
3 0.40985344843749993 0.6051697125 0.30268965468750003 0.6051697125 0.30268965468750003 0.7396736296875 0.40985344843749993 0.7396736296875 0.40985344843749993 0.6051697125
2 0.9343103453125 0.6229765015625001 0.9649224140625 0.6208224546875 0.9621465515625 0.23766318593750002 0.7814224140625 0.2439817234375 0.7800258625 0.5008224546875 0.7091293109375 0.5008224546875 0.710517240625 0.60822454375 0.738318965625 0.6103002609375 0.7397155171875001 0.7703002609375 0.9301724140625 0.77454308125 0.9343103453125 0.6229765015625001
2 0.7814224140625 0.4924020890625 0.7841982765625 0.2903002609375 0.6910603453124999 0.2903002609375 0.6924482765625 0.1471409921875 0.5103275859374999 0.1450391640625 0.5089396546875 0.5008224546875 0.7814224140625 0.4924020890625
5 0.36018965468749997 0.823355090625 0.23232758593749997 0.823355090625 0.23232758593749997 0.9159791125 0.36018965468749997 0.9159791125 0.36018965468749997 0.823355090625