9 0.07578891875 0.8363856890625 0.056483229687500004 0.9129618609374999 0.2593431984375 0.9529265 0.2786488875 0.8763503265624999 0.07578891875 0.8363856890625
7 0.7135291984375 0.7322760484375 0.7678355859375 0.5168693125 0.499923178125 0.4640889515625 0.44561679062500004 0.6794956875 0.7135291984375 0.7322760484375
1 0.360496946875 0.3784623546875 0.409152659375 0.18546906875 0.0762578390625 0.11988678125 0.027602128124999997 0.31288006562500004 0.360496946875 0.3784623546875
9 0.40867155000000005 0.18737739375 0.44681596875 0.0360772453125 0.2673720765625 0.0007257156249999999 0.2292276578125 0.15202586406250002 0.40867155000000005 0.18737739375
9 0.738819428125 0.30712096875 0.76338901875 0.2096654875 0.5371269765625 0.1650905 0.5125573859375 0.2625459796875 0.738819428125 0.30712096875
9 0.33761398593749997 0.4851462546875 0.363928775 0.3807684234375 0.13766673437500002 0.3361934359375 0.11135194374999999 0.44057126718750006 0.33761398593749997 0.4851462546875
10 0.3347592109375 0.967783909375 0.419756940625 0.9845289749999999 0.5142722484375 0.9812284281249999 0.5484629890625 0.8456105703125001 0.3742148890625 0.8112826421875001 0.3347592109375 0.967783909375
0 0.8539131828125001 0.7601092859375 0.9082620218749999 0.54453416875 0.762625790625 0.5158429515625 0.7082769515625 0.73141806875 0.8539131828125001 0.7601092859375
0 0.9622039921875001 0.2544792453125 0.9964233203124999 0.1187479953125 0.997619359375 0.06736127187499999 0.8631858328125 0.04087705625 0.8165677609375 0.2257880265625 0.9622039921875001 0.2544792453125
6 0.6740934984375 0.8778525453125001 0.713551534375 0.7213419234375 0.35205885000000003 0.6501256828125 0.3126008140625 0.8066363031250001 0.6740934984375 0.8778525453125001
1 0.294646478125 0.8778523312500001 0.3284113859375 0.7439235421875 0.1021493421875 0.699348553125 0.068384434375 0.8332773453125 0.294646478125 0.8778523312500001
3 0.2952020875 0.6623530343749999 0.32451909375 0.5460668859375 0.1802273265625 0.5176405359375 0.1509103203125 0.633926684375 0.2952020875 0.6623530343749999
2 0.2727161125 0 0.2376129984375 0.153226146875 0.40887414375000003 0.18855632656250002 0.4034951390625 0.21916336875 0.5183331812499999 0.24336803749999997 0.5377284875 0.16643639375 0.81364158125 0.2192022375 0.8650097562499999 0.041236379687500005 0.6556944453125 0 0.2727161125 0
2 0.8931885859375001 0.3362168578125 0.739231915625 0.307467346875 0.764711840625 0.20640101875 0.5471436609375 0.1667005375 0.463566909375 0.46059890625 0.845620253125 0.534284840625 0.8931885859375001 0.3362168578125
5 0 0.684340290625 0.041890267187500003 0.6925929265625 0.0768697421875 0.55384655625 0 0.5387027515625 0 0.684340290625