9 0.9096097500000001 0.8982493687499999 0.9351914578124999 0.9009403140625001 0.9596598999999999 0.6914282421875 0.9340781921874999 0.6887372968750001 0.9096097500000001 0.8982493687499999
7 0.7570318140625 0.273146328125 0.5377205734375 0.2500769390625 0.505405675 0.526774621875 0.724716915625 0.549844009375 0.7570318140625 0.273146328125
1 0.3930345546875 1 0.430492390625 0.6792656906250001 0.2340008703125 0.6585967140625 0.19511995 0.9915162421874999 0.27577157812499997 1 0.3930345546875 1
9 0.235943784375 0.6588010890625 0.08190113906249999 0.642597315625 0.060257084375000006 0.8279254625 0.214299728125 0.844129234375 0.235943784375 0.6588010890625
9 0.33040881093749996 0.3098390296875 0.2311868296875 0.2994018515625 0.20389569062500001 0.5330833890625 0.3031176703125 0.543520565625 0.33040881093749996 0.3098390296875
9 0.538804353125 0.68666184375 0.43253454687500004 0.6754833046875001 0.40524340781249996 0.9091648390625 0.5115132140624999 0.920343378125 0.538804353125 0.68666184375
10 0.968756384375 0.61353921875 0.9758988953125 0.5523811578125 0.98147294375 0.43270408125 0.8828181953125 0.42232657187499995 0.8618008406250001 0.6022885453125 0.968756384375 0.61353921875
0 0.7741411203124999 0.1281331171875 0.55465844375 0.10504569687500001 0.53709218125 0.25545757343750003 0.7565748546875 0.2785449953125 0.7741411203124999 0.1281331171875
0 0.26080729375 0.0932429421875 0.0695921203125 0.073128984375 0.05202585625 0.22354086093749997 0.2432410296875 0.2436548171875 0.26080729375 0.0932429421875
6 0.905455346875 0.2914823921875 0.7461077828125 0.27472059375 0.7025054734375 0.6480672000000001 0.8618530390625001 0.6648289984375 0.905455346875 0.2914823921875
1 0.9343599421875 0.6724560125 0.798003534375 0.6581126578125 0.77071239375 0.8917941921875 0.9070688046875001 0.906137546875 0.9343599421875 0.6724560125
3 0.7190507640625 0.7033671640625 0.600656790625 0.6909132828125 0.583252690625 0.839936609375 0.701646665625 0.8523904906249999 0.7190507640625 0.7033671640625
2 0 0.6463375734375 0.0189355671875 0.6496932875 0.003895215625 0.8181020374999999 0.214859953125 0.8355348828125001 0.2371060140625 0.6584255234375 0.26808979375 0.6593566734375 0.2835204375 0.54052205625 0.20519431250000003 0.5322829171875 0.2368852484375 0.24755448281249998 0.038039790625 0.21955128125 0 0.5260615203125 0 0.6463375734375
2 0.3477140703125 0.1506 0.33072339375 0.3093743 0.2278251140625 0.2985504125 0.20474096249999998 0.5227912921875 0.504688875 0.563786803125 0.54919198125 0.1694361734375 0.3477140703125 0.1506
5 0.7630982890625 1 0.7685543546875 0.9532822124999999 0.627293040625 0.938422909375 0.620101590625 1 0.7630982890625 1