2 0.10127071875 0.9188197765625 0.42539594843749995 0.9159011171874999 0.42202578281249997 0.510925040625 0.3257826890625 0.50797448125 0.32410681406249997 0.3895853265625 0.102965009375 0.3895853265625 0.10127071875 0.9188197765625
3 0.476040515625 0.5694098890625 0.639797421875 0.5694098890625 0.639797421875 0.39835725625 0.476040515625 0.39835725625 0.476040515625 0.5694098890625
9 0.6985819515625 0.57086124375 0.9144014734375 0.57086124375 0.9144014734375 0.4421371609375 0.6985819515625 0.4421371609375 0.6985819515625 0.57086124375
1 0.6901841625 0.8496491234375 0.9983793734375 0.8496491234375 0.9983793734375 0.560925040625 0.6901841625 0.560925040625 0.6901841625 0.8496491234375
10 1 0.22637958593750002 0.87493554375 0.22637958593750002 0.87493554375 0.452073365625 1 0.452073365625 1 0.22637958593750002
7 0.107937384375 0.3987240828125 0.480515653125 0.3987240828125 0.480515653125 0.005773525 0.107937384375 0.005773525 0.107937384375 0.3987240828125
1 0.4102578265625 0.9369218500000001 0.7100552484375 0.9369218500000001 0.7100552484375 0.638500796875 0.4102578265625 0.638500796875 0.4102578265625 0.9369218500000001
9 0.105138121875 0.5272248796875 0.315359115625 0.5272248796875 0.315359115625 0.3936523125 0.105138121875 0.3936523125 0.105138121875 0.5272248796875
6 0.5726151015625 0.44480063750000004 0.888931859375 0.44480063750000004 0.888931859375 0.22419457812500002 0.5726151015625 0.22419457812500002 0.5726151015625 0.44480063750000004
0 0.46624309375 0.221770334375 0.5840883984375 0.221770334375 0.5840883984375 0.005773525 0.46624309375 0.005773525 0.46624309375 0.221770334375
9 0.1023388578125 0.65086124375 0.32375690625 0.65086124375 0.32375690625 0.512440190625 0.1023388578125 0.512440190625 0.1023388578125 0.65086124375
0 0.1023388578125 0.9975279109375 0.41893185937500005 0.9975279109375 0.41893185937500005 0.914864434375 0.1023388578125 0.914864434375 0.1023388578125 0.9975279109375
0 0.71257826875 0.9175279109375 0.9955801109375001 0.9175279109375 0.9955801109375001 0.844561403125 0.71257826875 0.844561403125 0.71257826875 0.9175279109375