2 0.8812057624999999 0.012432345312499999 0.54459348125 0.0688467265625 0.6145634328125 0.48793489218749997 0.7151408125 0.4751391171875 0.7363138421875 0.59753998125 0.9663020359375001 0.5611134296875 0.8812057624999999 0.012432345312499999
3 0.5487893609375 0.4362291921875 0.37848164687499997 0.463203284375 0.4065549296875 0.640451015625 0.57686264375 0.6134769234374999 0.5487893609375 0.4362291921875
9 0.317107346875 0.471382371875 0.0926543421875 0.506932234375 0.11378063125 0.6403183828125 0.3382336359375 0.6047685203125 0.317107346875 0.471382371875
1 0.017268521875 0.529426528125 0.3274718109375 0.480295153125 0.2800862046875 0.1811142046875 0.006617715624999999 0.22442735625000002 0.017268521875 0.529426528125
10 0.15319459062500002 0.6235214734375 0.030788315625 0.642908721875 0.06782934375 0.8767765687500001 0.19023561875 0.8573893187499999 0.15319459062500002 0.6235214734375
7 1 0.8073432671875 0.959630890625 0.5524627421875 0.5721482796874999 0.613833959375 0.6333109734375 1 0.6690000203124999 1 1 0.9475747531250001 1 0.8073432671875
1 0.5568872390624999 0.044571117187499995 0.245096946875 0.093953846875 0.29407402656250003 0.4031829671875 0.6058643203125 0.3538002359375 0.5568872390624999 0.044571117187499995
9 0.9414524890625 0.418846871875 0.722821971875 0.45347454374999996 0.7447439984375 0.5918847765625 0.9633745156250001 0.5572571046875 0.9414524890625 0.418846871875
6 0.4688024390625 0.581259278125 0.13983198125000001 0.6333630796875 0.176038009375 0.861958940625 0.505008465625 0.8098551390625 0.4688024390625 0.581259278125
0 0.6485268390625001 1 0.6160335671875 0.7948455484375 0.49347407031249996 0.8142570671874999 0.522892859375 1 0.6485268390625001 1
9 0.9240724421875001 0.290271609375 0.693796953125 0.3267436640625 0.7165147171874999 0.4701779828125 0.9467902078125 0.43370592812500003 0.9240724421875001 0.290271609375
0 0.543107575 0.015955034375 0.5514862953125 0.06885618906249999 0.8807440468750001 0.0167068828125 0.8787684562500001 0.0042334984375 0.543107575 0.015955034375
0 0.0068053984375000005 0.229801865625 0.257631259375 0.190074953125 0.24565594375000002 0.11446578125 0.0041137203125 0.152722309375 0.0068053984375000005 0.229801865625