2 0.40850454843749995 0.0588351984375 0.0666726328125 0.0597390421875 0.029438628124999998 0.6185531703125 0.2628080453125 0.6158338031249999 0.273305759375 0.4908024390625 0.3750879828125 0.486503359375 0.40850454843749995 0.0588351984375
3 0.6092131453125 0.42206948281249995 0.4364016140625 0.42408318906250003 0.423789409375 0.6047029359375 0.596600940625 0.602689228125 0.6092131453125 0.42206948281249995
9 0.899107915625 0.4171601640625 0.671355065625 0.4198140828125 0.66186386875 0.5557378078124999 0.8896167187499999 0.5530838890625 0.899107915625 0.4171601640625
1 0.993610559375 0.121917778125 0.68304876875 0.1255366359375 0.6617603109375 0.43040929375000003 0.97763610625 0.4267285125 0.993610559375 0.121917778125
10 0.832060165625 0.7813942734375 0.9543225765625 0.77996959375 0.970963628125 0.541652578125 0.8487012203125 0.5430772546875 0.832060165625 0.7813942734375
7 0.40090559218750005 1 0.4285390390625 0.6042605609375 0.035359765625 0.6088421312500001 0.008046237500000001 1 0.40090559218750005 1
1 0.7104534609375001 0.033138321875 0.3940793125 0.0368249109375 0.37207586875 0.3519368953125 0.6884500171875 0.34825030625000003 0.7104534609375001 0.033138321875
9 0.263725221875 0.470603528125 0.0418804578125 0.4731886 0.0320317671875 0.6142319921875 0.25387653125 0.61164691875 0.263725221875 0.470603528125
6 0.8629351968750001 0.550584640625 0.5291283078125 0.554474365625 0.5128623859375 0.787419103125 0.846669278125 0.783529378125 0.8629351968750001 0.550584640625
0 0.5101162593749999 1 0.5247913328125 0.78983785 0.40042999687499997 0.7912869859375 0.3858561140625 1 0.5101162593749999 1
9 0.281703415625 0.339948815625 0.0480424796875 0.342671578125 0.037836296874999994 0.48883463281250006 0.2714972328125 0.48611186875 0.281703415625 0.339948815625
0 0.0700809578125 0.02705788125 0.06750819687500001 0.063902475 0.401606603125 0.060009353125 0.40458715781250004 0.01732474375 0.0700809578125 0.02705788125
0 0.9973661406250001 0.050257032812500005 0.7116860140625 0.053585954687500006 0.7063059843749999 0.1306335375 0.9933290687499999 0.127288965625 0.9973661406250001 0.050257032812500005