2 0.6249120171875 0.486503359375 0.726694240625 0.4908024390625 0.7371919546875 0.6158338031249999 0.9705613718749999 0.6185531703125 0.9333273671875 0.0597390421875 0.5914954515625 0.0588351984375 0.6249120171875 0.486503359375
3 0.403399059375 0.602689228125 0.576210590625 0.6047029359375 0.5635983859375 0.42408318906250003 0.3907868546875 0.42206948281249995 0.403399059375 0.602689228125
9 0.11038328125 0.5530838890625 0.33813613125 0.5557378078124999 0.32864493437500003 0.4198140828125 0.100892084375 0.4171601640625 0.11038328125 0.5530838890625
1 0.02236389375 0.4267285125 0.3382396890625 0.43040929375000003 0.31695123125 0.1255366359375 0.006389440624999999 0.121917778125 0.02236389375 0.4267285125
10 0.1512987796875 0.5430772546875 0.029036371875 0.541652578125 0.045677423437499996 0.77996959375 0.16793983437499999 0.7813942734375 0.1512987796875 0.5430772546875
7 0.9919537625 1 0.9646402343749999 0.6088421312500001 0.5714609609375 0.6042605609375 0.5990944078125 1 0.9919537625 1
1 0.3115499828125 0.34825030625000003 0.62792413125 0.3519368953125 0.6059206875 0.0368249109375 0.2895465390625 0.033138321875 0.3115499828125 0.34825030625000003
9 0.74612346875 0.61164691875 0.9679682328125001 0.6142319921875 0.9581195421875 0.4731886 0.7362747781250001 0.470603528125 0.74612346875 0.61164691875
6 0.15333072187500002 0.783529378125 0.4871376140625 0.787419103125 0.4708716921875 0.554474365625 0.137064803125 0.550584640625 0.15333072187500002 0.783529378125
0 0.6141438859374999 1 0.599570003125 0.7912869859375 0.47520866718750004 0.78983785 0.489883740625 1 0.6141438859374999 1
9 0.7285027671875001 0.48611186875 0.962163703125 0.48883463281250006 0.9519575203124999 0.342671578125 0.718296584375 0.339948815625 0.7285027671875001 0.48611186875
0 0.5954128421875 0.01732474375 0.5983933968749999 0.060009353125 0.932491803125 0.063902475 0.9299190421875 0.02705788125 0.5954128421875 0.01732474375
0 0.0066709312500000005 0.127288965625 0.29369401562499997 0.1306335375 0.2883139859375 0.053585954687500006 0.002633859375 0.050257032812500005 0.0066709312500000005 0.127288965625