2 0.897034990625 0.3895853265625 0.6758931859375 0.3895853265625 0.6742173109375 0.50797448125 0.5779742171875 0.510925040625 0.5746040515625 0.9159011171874999 0.89872928125 0.9188197765625 0.897034990625 0.3895853265625
3 0.523959484375 0.39835725625 0.360202578125 0.39835725625 0.360202578125 0.5694098890625 0.523959484375 0.5694098890625 0.523959484375 0.39835725625
9 0.30141804843750003 0.4421371609375 0.0855985265625 0.4421371609375 0.0855985265625 0.57086124375 0.30141804843750003 0.57086124375 0.30141804843750003 0.4421371609375
1 0.3098158375 0.560925040625 0.0016206265625000001 0.560925040625 0.0016206265625000001 0.8496491234375 0.3098158375 0.8496491234375 0.3098158375 0.560925040625
10 0 0.452073365625 0.12506445625 0.452073365625 0.12506445625 0.22637958593750002 0 0.22637958593750002 0 0.452073365625
7 0.892062615625 0.005773525 0.519484346875 0.005773525 0.519484346875 0.3987240828125 0.892062615625 0.3987240828125 0.892062615625 0.005773525
1 0.5897421734375 0.638500796875 0.2899447515625 0.638500796875 0.2899447515625 0.9369218500000001 0.5897421734375 0.9369218500000001 0.5897421734375 0.638500796875
9 0.894861878125 0.3936523125 0.684640884375 0.3936523125 0.684640884375 0.5272248796875 0.894861878125 0.5272248796875 0.894861878125 0.3936523125
6 0.42738489843750005 0.22419457812500002 0.11106814062499999 0.22419457812500002 0.11106814062499999 0.44480063750000004 0.42738489843750005 0.44480063750000004 0.42738489843750005 0.22419457812500002
0 0.53375690625 0.005773525 0.4159116015625 0.005773525 0.4159116015625 0.221770334375 0.53375690625 0.221770334375 0.53375690625 0.005773525
9 0.8976611421875 0.512440190625 0.6762430937499999 0.512440190625 0.6762430937499999 0.65086124375 0.8976611421875 0.65086124375 0.8976611421875 0.512440190625
0 0.8976611421875 0.914864434375 0.581068140625 0.914864434375 0.581068140625 0.9975279109375 0.8976611421875 0.9975279109375 0.8976611421875 0.914864434375
0 0.28742173125 0.844561403125 0.0044198890625 0.844561403125 0.0044198890625 0.9175279109375 0.28742173125 0.9175279109375 0.28742173125 0.844561403125