2 0.0336979640625 0.5611134296875 0.2636861578125 0.59753998125 0.2848591875 0.4751391171875 0.3854365671875 0.48793489218749997 0.45540651875 0.0688467265625 0.1187942375 0.012432345312499999 0.0336979640625 0.5611134296875
3 0.42313735625 0.6134769234374999 0.5934450703125 0.640451015625 0.621518353125 0.463203284375 0.45121063906250003 0.4362291921875 0.42313735625 0.6134769234374999
9 0.6617663640625 0.6047685203125 0.88621936875 0.6403183828125 0.9073456578125001 0.506932234375 0.6828926531249999 0.471382371875 0.6617663640625 0.6047685203125
1 0.9933822843750001 0.22442735625000002 0.7199137953125 0.1811142046875 0.6725281890625 0.480295153125 0.982731478125 0.529426528125 0.9933822843750001 0.22442735625000002
10 0.8097643812499999 0.8573893187499999 0.93217065625 0.8767765687500001 0.969211684375 0.642908721875 0.846805409375 0.6235214734375 0.8097643812499999 0.8573893187499999
7 0.3666890265625 1 0.4278517203125 0.613833959375 0.040369109375000004 0.5524627421875 0 0.8073432671875 0 0.9475747531250001 0.3309999796875 1 0.3666890265625 1
1 0.3941356796875 0.3538002359375 0.7059259734375 0.4031829671875 0.754903053125 0.093953846875 0.4431127609375 0.044571117187499995 0.3941356796875 0.3538002359375
9 0.036625484375 0.5572571046875 0.2552560015625 0.5918847765625 0.277178028125 0.45347454374999996 0.058547510937500005 0.418846871875 0.036625484375 0.5572571046875
6 0.494991534375 0.8098551390625 0.8239619906250001 0.861958940625 0.8601680187499999 0.6333630796875 0.5311975609374999 0.581259278125 0.494991534375 0.8098551390625
0 0.477107140625 1 0.5065259296875 0.8142570671874999 0.3839664328125 0.7948455484375 0.35147316093750003 1 0.477107140625 1
9 0.05320979218750001 0.43370592812500003 0.28348528281249996 0.4701779828125 0.306203046875 0.3267436640625 0.0759275578125 0.290271609375 0.05320979218750001 0.43370592812500003
0 0.12123154375 0.0042334984375 0.119255953125 0.0167068828125 0.44851370468749996 0.06885618906249999 0.45689242500000005 0.015955034375 0.12123154375 0.0042334984375
0 0.9958862796875 0.152722309375 0.75434405625 0.11446578125 0.742368740625 0.190074953125 0.9931946015625 0.229801865625 0.9958862796875 0.152722309375