2 0.6003967328125001 0.900017659375 0.8597275015625 0.965592071875 0.9802409125 0.56582625 0.9831799796875 0.48166238281249996 0.744693296875 0.4213586078125 0.6003967328125001 0.900017659375
6 0.3715268953125 0.8307246296875 0.477255278125 0.4800035453125 0.27431930000000004 0.4286891265625 0.168590915625 0.7794102109375001 0.3715268953125 0.8307246296875
3 0.3640633734375 0.2824341078125 0.42472012656249997 0.0812241609375 0.261836053125 0.040037271875 0.2011793015625 0.24124721718750003 0.3640633734375 0.2824341078125
0 0 0.9089213703125001 0.1480372734375 0.9463540953124999 0.1995386859375 0.7755141453125 0 0.7250587656249999 0 0.9089213703125001
10 0.1700267546875 0.768051753125 0.1185253421875 0.9388917031249999 0.32146132031249997 0.9902061234374999 0.3729627328125 0.8193661734375001 0.1700267546875 0.768051753125
9 0.515564809375 0.3726255453125 0.6155579515625 0.04092934375 0.4889691296875 0.0089200765625 0.46425592968749996 0.009351446874999999 0.36613400937499996 0.3348404515625 0.515564809375 0.3726255453125
9 0.9952390953125001 0.1363344671875 0.9548056265625 0.126110453125 0.8563594218749999 0.45267517343749997 0.9830733421875 0.48471607343749995 0.9952390953125001 0.1363344671875
1 0.582364190625 1 0.719922309375 0.543693640625 0.46331535468749996 0.47880797187499996 0.3100213015625 0.9873134 0.360193703125 1 0.582364190625 1
5 0.1443197140625 0.0149359546875 0.1080541625 0.13523566250000002 0.2085984234375 0.1606593 0.253100590625 0.013037178125000002 0.1443197140625 0.0149359546875
0 0.8493548875 1 0.865389078125 0.9468115484374999 0.610108503125 0.882261265625 0.5746149843749999 1 0.8493548875 1
7 0 0.74790070625 0.18373739375 0.7943605687499999 0.31342750937499997 0.3641538765625 0.0477727546875 0.296980378125 0 0.4554516609375 0 0.74790070625