2 0.255306703125 0.4213586078125 0.0168200203125 0.48166238281249996 0.0197590875 0.56582625 0.1402724984375 0.965592071875 0.3996032671875 0.900017659375 0.255306703125 0.4213586078125
6 0.8314090843749999 0.7794102109375001 0.7256807000000001 0.4286891265625 0.522744721875 0.4800035453125 0.6284731046875 0.8307246296875 0.8314090843749999 0.7794102109375001
3 0.7988206984375 0.24124721718750003 0.7381639468750001 0.040037271875 0.5752798734375 0.0812241609375 0.6359366265624999 0.2824341078125 0.7988206984375 0.24124721718750003
0 1 0.7250587656249999 0.8004613140625001 0.7755141453125 0.8519627265624999 0.9463540953124999 1 0.9089213703125001 1 0.7250587656249999
10 0.6270372671875 0.8193661734375001 0.6785386796874999 0.9902061234374999 0.8814746578125 0.9388917031249999 0.8299732453124999 0.768051753125 0.6270372671875 0.8193661734375001
9 0.633865990625 0.3348404515625 0.5357440703125 0.009351446874999999 0.5110308703124999 0.0089200765625 0.3844420484375 0.04092934375 0.484435190625 0.3726255453125 0.633865990625 0.3348404515625
9 0.016926657812500003 0.48471607343749995 0.143640578125 0.45267517343749997 0.045194373437500004 0.126110453125 0.0047609046874999995 0.1363344671875 0.016926657812500003 0.48471607343749995
1 0.639806296875 1 0.6899786984375 0.9873134 0.5366846453125 0.47880797187499996 0.280077690625 0.543693640625 0.417635809375 1 0.639806296875 1
5 0.746899409375 0.013037178125000002 0.7914015765625 0.1606593 0.8919458375 0.13523566250000002 0.8556802859375001 0.0149359546875 0.746899409375 0.013037178125000002
0 0.42538501562500003 1 0.389891496875 0.882261265625 0.13461092187499998 0.9468115484374999 0.15064511249999998 1 0.42538501562500003 1
7 1 0.4554516609375 0.9522272453125 0.296980378125 0.6865724906249999 0.3641538765625 0.8162626062499999 0.7943605687499999 1 0.74790070625 1 0.4554516609375