2 0.6436893203125 0.7265848218750001 0.199935275 0.7265848218750001 0.199935275 0.973616071875 0.6436893203125 0.973616071875 0.6436893203125 0.7265848218750001
6 0.53491909375 0.3166294640625 0.2097734625 0.3166294640625 0.2097734625 0.5078794640625001 0.53491909375 0.5078794640625001 0.53491909375 0.3166294640625
3 0.866990290625 0.203102678125 0.680453075 0.203102678125 0.680453075 0.3566071421875 0.866990290625 0.3566071421875 0.866990290625 0.203102678125
0 0.21987055 0.088883928125 0.0610679609375 0.088883928125 0.0610679609375 0.3427008921875 0.21987055 0.3427008921875 0.21987055 0.088883928125
10 0.21987055 0.3148883921875 0.0610679609375 0.3148883921875 0.0610679609375 0.5061383921875 0.21987055 0.5061383921875 0.21987055 0.3148883921875
9 0.9432686078125 0.37225446406249996 0.6357605171875 0.37225446406249996 0.6357605171875 0.5130803578124999 0.9432686078125 0.5130803578124999 0.9432686078125 0.37225446406249996
9 0.9437864078124999 0.832633928125 0.6410355984375 0.832633928125 0.6410355984375 0.9788392859374999 0.9437864078124999 0.9788392859374999 0.9437864078124999 0.832633928125
1 0.532912621875 0.4953571421875 0.0588025890625 0.4953571421875 0.0588025890625 0.7371875 0.532912621875 0.7371875 0.532912621875 0.4953571421875
5 0.9755663437500001 0.093571428125 0.7514886734374999 0.093571428125 0.7514886734374999 0.1883258921875 0.9755663437500001 0.1883258921875 0.9755663437500001 0.093571428125
0 0.21734627812500001 0.7304017859374999 0.0661165046875 0.7304017859374999 0.0661165046875 0.9772767859375 0.21734627812500001 0.9772767859375 0.21734627812500001 0.7304017859374999
7 0.5990291265625001 0.0834821421875 0.20019417499999997 0.0834821421875 0.20019417499999997 0.3338392859375 0.5990291265625001 0.3338392859375 0.5990291265625001 0.0834821421875