2 0.3563106796875 0.973616071875 0.800064725 0.973616071875 0.800064725 0.7265848218750001 0.3563106796875 0.7265848218750001 0.3563106796875 0.973616071875
6 0.46508090625 0.5078794640625001 0.7902265374999999 0.5078794640625001 0.7902265374999999 0.3166294640625 0.46508090625 0.3166294640625 0.46508090625 0.5078794640625001
3 0.133009709375 0.3566071421875 0.319546925 0.3566071421875 0.319546925 0.203102678125 0.133009709375 0.203102678125 0.133009709375 0.3566071421875
0 0.78012945 0.3427008921875 0.9389320390625 0.3427008921875 0.9389320390625 0.088883928125 0.78012945 0.088883928125 0.78012945 0.3427008921875
10 0.78012945 0.5061383921875 0.9389320390625 0.5061383921875 0.9389320390625 0.3148883921875 0.78012945 0.3148883921875 0.78012945 0.5061383921875
9 0.05673139218749999 0.5130803578124999 0.3642394828125 0.5130803578124999 0.3642394828125 0.37225446406249996 0.05673139218749999 0.37225446406249996 0.05673139218749999 0.5130803578124999
9 0.05621359218750001 0.9788392859374999 0.3589644015625 0.9788392859374999 0.3589644015625 0.832633928125 0.05621359218750001 0.832633928125 0.05621359218750001 0.9788392859374999
1 0.467087378125 0.7371875 0.9411974109375001 0.7371875 0.9411974109375001 0.4953571421875 0.467087378125 0.4953571421875 0.467087378125 0.7371875
5 0.024433656249999998 0.1883258921875 0.2485113265625 0.1883258921875 0.2485113265625 0.093571428125 0.024433656249999998 0.093571428125 0.024433656249999998 0.1883258921875
0 0.782653721875 0.9772767859375 0.9338834953124999 0.9772767859375 0.9338834953124999 0.7304017859374999 0.782653721875 0.7304017859374999 0.782653721875 0.9772767859375
7 0.4009708734375 0.3338392859375 0.799805825 0.3338392859375 0.799805825 0.0834821421875 0.4009708734375 0.0834821421875 0.4009708734375 0.3338392859375