1 0.3798158921875 0.011183907812500001 0.10193798437499998 0.011183907812500001 0.10193798437499998 0.3220344828125 0.3798158921875 0.3220344828125 0.3798158921875 0.011183907812500001
3 0.6661434109375 0.6566666671875 0.5374709296875 0.6566666671875 0.5374709296875 0.7935172406250001 0.6661434109375 0.7935172406250001 0.6661434109375 0.6566666671875
1 0.9321705421875001 0.300229884375 0.6683333328125001 0.300229884375 0.6683333328125001 0.6026896546875 0.9321705421875001 0.6026896546875 0.9321705421875001 0.300229884375
5 0.5545542640625001 0.198505746875 0.38575581406250004 0.198505746875 0.38575581406250004 0.30379310312499996 0.5545542640625001 0.30379310312499996 0.5545542640625001 0.198505746875
6 0.8722674421875001 0.59741379375 0.6717732562500001 0.59741379375 0.6717732562500001 0.8790574718749999 0.8722674421875001 0.8790574718749999 0.8722674421875001 0.59741379375
0 0.6788081390625 0.7976896546875001 0.3921317828125 0.7976896546875001 0.3921317828125 0.9020114937500001 0.6788081390625 0.9020114937500001 0.6788081390625 0.7976896546875001
10 0.9602034890625 0.59741379375 0.8617151156249999 0.59741379375 0.8617151156249999 0.872793103125 0.9602034890625 0.872793103125 0.9602034890625 0.59741379375
9 0.2989922484375 0.3022758625 0.11608527187499999 0.3022758625 0.11608527187499999 0.42536781562500003 0.2989922484375 0.42536781562500003 0.2989922484375 0.3022758625
9 0.3024321703125 0.42634482812499996 0.11952519375 0.42634482812499996 0.11952519375 0.5494252875 0.3024321703125 0.5494252875 0.3024321703125 0.42634482812499996
2 0.393313953125 0.8757471265625 0.39778100781250003 0.5406206890624999 0.2942538765625 0.5406206890624999 0.295736434375 0.428344828125 0.1197286828125 0.428344828125 0.11976744218749999 0.8739080453125 0.393313953125 0.8757471265625
7 0.6735465109375001 0.31786206875 0.3946705421875 0.31786206875 0.3946705421875 0.6057586203125 0.6735465109375001 0.6057586203125 0.6735465109375001 0.31786206875