1 0.154940296875 1 0.38943176562500004 0.9515814046875001 0.33253171406250004 0.6760141921875 0.0243076953125 0.73965733125 0.07806413125 1 0.154940296875 1
3 0.6057061453125 0.323555471875 0.63205394375 0.4511579765625 0.7677481875 0.42313936874999997 0.7414003890624999 0.2955368640625 0.6057061453125 0.323555471875
1 0.1978076921875 0.1327168890625 0.25183268281250004 0.3943601609375 0.5517367953125001 0.33243494375 0.4977118046875 0.07079167187499999 0.1978076921875 0.1327168890625
5 0.1742661984375 0.52801996875 0.2088304453125 0.6954147749999999 0.31322816875 0.673858378125 0.2786639203125 0.506463571875 0.1742661984375 0.52801996875
6 0.5047466625 0.13127681875 0.54580113125 0.33010379843750004 0.8250650390625 0.27244043906250004 0.7840105703125 0.0736134609375 0.5047466625 0.13127681875
0 0.7429442374999999 0.28212319531249996 0.8016459171875001 0.5664156953124999 0.90508628125 0.5450569765625 0.8463846015625001 0.260764478125 0.7429442374999999 0.28212319531249996
10 0.77995989375 0.0853605984375 0.7688027125 0.031326309375 0.584781940625 0.0238280375 0.4867403171875 0.0440720046875 0.506907425 0.1417414 0.77995989375 0.0853605984375
9 0.3294900078125 0.7602111 0.3669432078125 0.9415971140625 0.4889950859375 0.9163954296875 0.4515418859375 0.7350094140625 0.3294900078125 0.7602111
9 0.4518062625 0.7313980640625 0.4892594609375 0.9127840781250001 0.61129994375 0.8875847468750001 0.57384674375 0.70619873125 0.4518062625 0.7313980640625
2 0.8788017671875 0.5492619703125 0.5455923046875 0.6134454093749999 0.5667911812499999 0.7161116625 0.455160425 0.737628646875 0.49120089531250005 0.9121728062500001 0.9329913546874999 0.8209103375 0.8788017671875 0.5492619703125
7 0.26824839843750004 0.385580340625 0.3253528203125 0.6621373203124999 0.6108167671875 0.6031937546874999 0.5537123453125 0.326636778125 0.26824839843750004 0.385580340625