1 0.6201841078125 0.3220344828125 0.898062015625 0.3220344828125 0.898062015625 0.011183907812500001 0.6201841078125 0.011183907812500001 0.6201841078125 0.3220344828125
3 0.3338565890625 0.7935172406250001 0.46252907031249996 0.7935172406250001 0.46252907031249996 0.6566666671875 0.3338565890625 0.6566666671875 0.3338565890625 0.7935172406250001
1 0.06782945781250001 0.6026896546875 0.33166666718750004 0.6026896546875 0.33166666718750004 0.300229884375 0.06782945781250001 0.300229884375 0.06782945781250001 0.6026896546875
5 0.4454457359375 0.30379310312499996 0.6142441859375001 0.30379310312499996 0.6142441859375001 0.198505746875 0.4454457359375 0.198505746875 0.4454457359375 0.30379310312499996
6 0.12773255781249998 0.8790574718749999 0.32822674375 0.8790574718749999 0.32822674375 0.59741379375 0.12773255781249998 0.59741379375 0.12773255781249998 0.8790574718749999
0 0.3211918609375 0.9020114937500001 0.6078682171875001 0.9020114937500001 0.6078682171875001 0.7976896546875001 0.3211918609375 0.7976896546875001 0.3211918609375 0.9020114937500001
10 0.0397965109375 0.872793103125 0.138284884375 0.872793103125 0.138284884375 0.59741379375 0.0397965109375 0.59741379375 0.0397965109375 0.872793103125
9 0.7010077515625001 0.42536781562500003 0.8839147281249999 0.42536781562500003 0.8839147281249999 0.3022758625 0.7010077515625001 0.3022758625 0.7010077515625001 0.42536781562500003
9 0.6975678296875001 0.5494252875 0.88047480625 0.5494252875 0.88047480625 0.42634482812499996 0.6975678296875001 0.42634482812499996 0.6975678296875001 0.5494252875
2 0.8802325578125 0.8739080453125 0.8802713171875001 0.428344828125 0.704263565625 0.428344828125 0.7057461234375 0.5406206890624999 0.6022189921875001 0.5406206890624999 0.6066860468749999 0.8757471265625 0.8802325578125 0.8739080453125
7 0.3264534890625 0.6057586203125 0.6053294578124999 0.6057586203125 0.6053294578124999 0.31786206875 0.3264534890625 0.31786206875 0.3264534890625 0.6057586203125