1 0.46516117343749996 0.9786743421875 0.4123944078125 0.6890658843749999 0.1216568109375 0.7403677640625 0.1679146796875 0.9942523703124999 0.46516117343749996 0.9786743421875
3 0.5135529703125 0.3098369640625 0.64818018125 0.2860814234375 0.622091728125 0.1428959109375 0.48746451718749995 0.16665145312500002 0.5135529703125 0.3098369640625
1 0.7184206265624999 0.658613684375 0.994467746875 0.609904003125 0.9368084546875 0.29344309375 0.660761334375 0.342152775 0.7184206265624999 0.658613684375
5 0.44215806718749995 0.8172162484375001 0.6187682046874999 0.78605264375 0.5986967937500001 0.6758914390624999 0.42208665625 0.7070550453125 0.44215806718749995 0.8172162484375001
6 0.6653662109375 0.34703778281250003 0.8751389078124999 0.310022503125 0.8214478812499999 0.0153412828125 0.6116751859375 0.0523565625 0.6653662109375 0.34703778281250003
0 0.33460392968749997 0.1891184390625 0.6345471515625001 0.1361921875 0.6146598015625 0.027041196875 0.314716578125 0.079967446875 0.33460392968749997 0.1891184390625
10 0.8640982390625 0.31197067500000003 0.9671444765625001 0.29378773125 0.91464765625 0.005660862500000001 0.8116014203124999 0.0238438078125 0.8640982390625 0.31197067500000003
9 0.1402254859375 0.7584291546874999 0.33159706718750004 0.7246608296875 0.3081314828125 0.5958708359375 0.1167599015625 0.6296391625 0.1402254859375 0.7584291546874999
9 0.12017276562500001 0.62798184375 0.311544346875 0.59421351875 0.28808095625 0.465435553125 0.0967093734375 0.499203878125 0.12017276562500001 0.62798184375
2 0.304157475 0.5933571046874999 0.28120264375000004 0.4761576015625 0.389520825 0.45704440156250004 0.32096035624999997 0.1072293625 0.0351051953125 0.15965579218749998 0.1200044015625 0.6258516937499999 0.304157475 0.5933571046874999
7 0.42873191093749996 0.690688975 0.7205137578125 0.6392028328125 0.6656307203125 0.3379792875 0.37384887187500004 0.38946542968750003 0.42873191093749996 0.690688975