1 0.8718864375 0.47332903281250005 0.8446388031250001 0.2168285375 0.5125802671875 0.276732671875 0.5398279031250001 0.5332331671875 0.8718864375 0.47332903281250005
7 0 0.7515703703125001 0.0130170015625 0.8741082484374999 0.2627849140625 0.8290495359375001 0.22885985312499998 0.5096899125000001 0 0.5509767625 0 0.7515703703125001
3 0.48734794687500005 0.64145465 0.4755120578125 0.5300353734375001 0.254519678125 0.5699029140625 0.26635556875 0.681322190625 0.48734794687500005 0.64145465
9 0 0.19433924375 0.1538230328125 0.1665892109375 0.14458322343750002 0.079608625 0 0.10569177656249999 0 0.19433924375
9 0.5345176703125001 0.45974547499999996 0.5206223875 0.3289397390625 0.3021409359375 0.368354303125 0.31603621875 0.4991600390625 0.5345176703125001 0.45974547499999996
9 0.750755528125 0.6154295921874999 0.73686024375 0.48462385937499997 0.5183787921875 0.5240384234375 0.532274075 0.6548441578124999 0.750755528125 0.6154295921874999
9 0.7193154609375 0.9388576640625 0.700548778125 0.7621941375 0.54667363125 0.789953575 0.5654403125 0.9666171015625 0.7193154609375 0.9388576640625
10 0.34136624375 0.28684426875 0.318629303125 0.072805996875 0.14914943593750002 0.1033805609375 0.17188637812500002 0.3174188328125 0.34136624375 0.28684426875
1 0 0.3432305875 0.1804795390625 0.3106716578125 0.1638783390625 0.1543932890625 0 0.1839573234375 0 0.3432305875
6 0.3208989015625 0.5000071328125 0.297621525 0.28088138281249997 0.030138487499999998 0.32913594687500003 0.0534158625 0.5482616984375001 0.3208989015625 0.5000071328125
2 0.324480353125 1 0.704124859375 0.9378859796875 0.69372135 0.7679761453125 0.556688071875 0.7897874578125 0.5475818125 0.7040640546875 0.3343805421875 0.7454478484375 0.3316496625 0.719740225 0.24723000312500001 0.7334609390625 0.27189222343749997 1 0.324480353125 1
2 0.9805282875 0.557596890625 0.6575610171874999 0.6158609390625001 0.68932059375 0.9148354062499999 0.9698203328125 0.8642325984375001 0.9805282875 0.557596890625