1 0.5868117453125 0.499549921875 0.554821315625 0.744077140625 0.87426693125 0.8147024249999999 0.9062573625000001 0.5701752078125 0.5868117453125 0.499549921875
7 0.325725409375 0.2052211125 0.0558060140625 0.14554543281250001 0.02125045 0.40967991875000004 0.023202690625 0.4515953125 0.2858952640625 0.5096732359375 0.325725409375 0.2052211125
3 0.32590962968750004 0.346822071875 0.312013553125 0.45304036875 0.52461175625 0.500043075 0.5385078328125 0.39382478125 0.32590962968750004 0.346822071875
9 0.205826303125 0.8352168453125 0.0427839625 0.7991702968750001 0.0402819921875 0.8182947640625 0.0428287203125 0.8729740671874999 0.1964435578125 0.9069363156250001 0.205826303125 0.8352168453125
9 0.36987518124999996 0.5232383046875 0.35356125 0.6479381140625 0.5637438984375 0.6944067734375 0.5800578328125 0.5697069640625 0.36987518124999996 0.5232383046875
9 0.582202546875 0.3827979375 0.565888615625 0.50749774375 0.7760712640625 0.553966403125 0.792385196875 0.4292665953125 0.582202546875 0.3827979375
9 0.6211319890625 0.0855802328125 0.599098728125 0.2539972203125 0.74712908125 0.28672481250000004 0.7691623421875 0.118307825 0.6211319890625 0.0855802328125
10 0.2266091640625 0.6915093734375 0.19991456875 0.8955564765625 0.3629569078125 0.931603025 0.38965150312499996 0.727555921875 0.2266091640625 0.6915093734375
1 0.23476105781249998 0.6983134546875001 0.056721549999999996 0.658951225 0.039125046875 0.793454696875 0.0398261859375 0.8085084515625001 0.21527021093749998 0.84729685 0.23476105781249998 0.6983134546875001
6 0.1172683140625 0.4657306171875 0.0899392171875 0.6746277171874999 0.3472621734375 0.7315184890624999 0.374591271875 0.5226213875 0.1172683140625 0.4657306171875
2 0.3898330421875 0.31264236875 0.3930392671875 0.2881347640625 0.5980777203125001 0.33627817968749996 0.6087690390625 0.25455629062499996 0.7406615546875 0.2809154671875 0.7544666953125 0.118631525 0.33924631875 0.033804239062500005 0.3085866359375 0.2961319765625 0.3898330421875 0.31264236875
2 1 0.197671221875 0.73965626875 0.1401125953125 0.702368534375 0.42513112968750005 1 0.4909335890625 1 0.197671221875