1 0.738822221875 0.112294371875 0.49625555625000006 0.112294371875 0.49625555625000006 0.42334776406249996 0.738822221875 0.42334776406249996 0.738822221875 0.112294371875
7 0.57015555625 1 0.57015555625 0.7068686875 0.26814444375 0.7068686875 0.26814444375 1 0.57015555625 1
3 0.5099888890625001 0.48215007187500003 0.40462222187499997 0.48215007187500003 0.40462222187499997 0.689163059375 0.5099888890625001 0.689163059375 0.5099888890625001 0.48215007187500003
9 1 0.7423376625 0.9010777781250001 0.7423376625 0.9010777781250001 0.90109668125 1 0.90109668125 1 0.7423376625
9 0.6890333328125 0.421053390625 0.5653333328125 0.421053390625 0.5653333328125 0.6257142859375 0.6890333328125 0.6257142859375 0.6890333328125 0.421053390625
9 0.5083777781250001 0.2375036078125 0.38467777812500004 0.2375036078125 0.38467777812500004 0.4421645015625 0.5083777781250001 0.4421645015625 0.5083777781250001 0.2375036078125
9 0.2569 0.2979797984375 0.0898333328125 0.2979797984375 0.0898333328125 0.4421212125 0.2569 0.4421212125 0.2569 0.2979797984375
10 0.9605111109375001 0.5817027421875001 0.7581 0.5817027421875001 0.7581 0.7404617609375 0.9605111109375001 0.7404617609375 0.9605111109375001 0.5817027421875001
1 0.9107111109374999 0.7319047624999999 0.762922221875 0.7319047624999999 0.762922221875 0.9052669546875001 0.9107111109374999 0.9052669546875001 0.9107111109374999 0.7319047624999999
6 0.77095555625 0.6213275609375 0.5637333328125 0.6213275609375 0.5637333328125 0.87189033125 0.77095555625 0.87189033125 0.77095555625 0.6213275609375
2 0.1 0.715295815625 0.35944444375 0.7118326125000001 0.35804444375 0.6329004328125001 0.3337333328125 0.6329004328125001 0.33644444375 0.4329004328125 0.255377778125 0.4329004328125 0.252677778125 0.30481962500000004 0.093277778125 0.31184704218750003 0.1 0.715295815625
2 0.39987777812499997 0.012150071875 0.11714444375 0.012150071875 0.11714444375 0.3232034625 0.39987777812499997 0.3232034625 0.39987777812499997 0.012150071875