1 0.46017209687499994 0.5332331671875 0.48741973281249995 0.276732671875 0.155361196875 0.2168285375 0.1281135625 0.47332903281250005 0.46017209687499994 0.5332331671875
7 1 0.5509767625 0.771140146875 0.5096899125000001 0.7372150859375 0.8290495359375001 0.9869829984375 0.8741082484374999 1 0.7515703703125001 1 0.5509767625
3 0.73364443125 0.681322190625 0.745480321875 0.5699029140625 0.5244879421875 0.5300353734375001 0.512652053125 0.64145465 0.73364443125 0.681322190625
9 1 0.10569177656249999 0.8554167765624999 0.079608625 0.8461769671875 0.1665892109375 1 0.19433924375 1 0.10569177656249999
9 0.68396378125 0.4991600390625 0.6978590640625 0.368354303125 0.4793776125 0.3289397390625 0.4654823296875 0.45974547499999996 0.68396378125 0.4991600390625
9 0.467725925 0.6548441578124999 0.4816212078125 0.5240384234375 0.26313975625 0.48462385937499997 0.24924447187499998 0.6154295921874999 0.467725925 0.6548441578124999
9 0.4345596875 0.9666171015625 0.45332636875 0.789953575 0.299451221875 0.7621941375 0.2806845390625 0.9388576640625 0.4345596875 0.9666171015625
10 0.8281136218749999 0.3174188328125 0.8508505640624999 0.1033805609375 0.681370696875 0.072805996875 0.65863375625 0.28684426875 0.8281136218749999 0.3174188328125
1 1 0.1839573234375 0.8361216609375001 0.1543932890625 0.8195204609375001 0.3106716578125 1 0.3432305875 1 0.1839573234375
6 0.9465841375 0.5482616984375001 0.9698615125 0.32913594687500003 0.702378475 0.28088138281249997 0.6791010984375 0.5000071328125 0.9465841375 0.5482616984375001
2 0.7281077765624999 1 0.752769996875 0.7334609390625 0.6683503375 0.719740225 0.6656194578125 0.7454478484375 0.4524181875 0.7040640546875 0.443311928125 0.7897874578125 0.30627865 0.7679761453125 0.29587514062500003 0.9378859796875 0.675519646875 1 0.7281077765624999 1
2 0.0301796671875 0.8642325984375001 0.31067940625 0.9148354062499999 0.34243898281249996 0.6158609390625001 0.0194717125 0.557596890625 0.0301796671875 0.8642325984375001