1 0.0937426375 0.5701752078125 0.12573306875 0.8147024249999999 0.44517868437499997 0.744077140625 0.4131882546875 0.499549921875 0.0937426375 0.5701752078125
7 0.7141047359375 0.5096732359375 0.976797309375 0.4515953125 0.9787495500000001 0.40967991875000004 0.9441939859374999 0.14554543281250001 0.674274590625 0.2052211125 0.7141047359375 0.5096732359375
3 0.46149216718749997 0.39382478125 0.47538824375 0.500043075 0.687986446875 0.45304036875 0.6740903703125001 0.346822071875 0.46149216718749997 0.39382478125
9 0.8035564421875 0.9069363156250001 0.9571712796874999 0.8729740671874999 0.9597180078124999 0.8182947640625 0.9572160375 0.7991702968750001 0.794173696875 0.8352168453125 0.8035564421875 0.9069363156250001
9 0.4199421671875 0.5697069640625 0.43625610156250005 0.6944067734375 0.64643875 0.6479381140625 0.6301248187499999 0.5232383046875 0.4199421671875 0.5697069640625
9 0.20761480312499997 0.4292665953125 0.2239287359375 0.553966403125 0.43411138437499996 0.50749774375 0.41779745312500005 0.3827979375 0.20761480312499997 0.4292665953125
9 0.23083765781249999 0.118307825 0.25287091875 0.28672481250000004 0.400901271875 0.2539972203125 0.3788680109375 0.0855802328125 0.23083765781249999 0.118307825
10 0.610348496875 0.727555921875 0.6370430921875 0.931603025 0.80008543125 0.8955564765625 0.7733908359375 0.6915093734375 0.610348496875 0.727555921875
1 0.7847297890625 0.84729685 0.9601738140625 0.8085084515625001 0.960874953125 0.793454696875 0.94327845 0.658951225 0.7652389421875 0.6983134546875001 0.7847297890625 0.84729685
6 0.625408728125 0.5226213875 0.6527378265625 0.7315184890624999 0.9100607828125 0.6746277171874999 0.8827316859375 0.4657306171875 0.625408728125 0.5226213875
2 0.6914133640625 0.2961319765625 0.66075368125 0.033804239062500005 0.24553330468749998 0.118631525 0.2593384453125 0.2809154671875 0.3912309609375 0.25455629062499996 0.4019222796875 0.33627817968749996 0.6069607328125 0.2881347640625 0.6101669578125 0.31264236875 0.6914133640625 0.2961319765625
2 0 0.4909335890625 0.297631465625 0.42513112968750005 0.26034373125 0.1401125953125 0 0.197671221875 0 0.4909335890625