0 0.24998053437499998 0.2510709875 0.0339978265625 0.23476290937500002 0.025059803125000002 0.48980557812500003 0.0267594015625 0.522235840625 0.23991347031250002 0.5383303390624999 0.24998053437499998 0.2510709875
6 1 0.574915053125 0.6951005453125 0.551893190625 0.6862012671875 0.8058303171875 1 0.82952413125 1 0.574915053125
7 1 0.3077022640625 0.6977989359375 0.2848841453125 0.6878217015625 0.56958025 1 0.5931517109375 1 0.3077022640625
1 0.1415824 0.8649041015625001 0.5236916546875 0.893755796875 0.535734353125 0.5501225437499999 0.1536250984375 0.521270846875 0.1415824 0.8649041015625001
1 0.5366037828125 0.2884499171875 0.546452425 0.007423120312500001 0.5218304781249999 0.00556400625 0.106626421875 0.0103953421875 0.098042434375 0.255335725 0.5366037828125 0.2884499171875
9 0.5104269593749999 0.8824741046875 0.690018309375 0.8960344015624999 0.6988277593750001 0.6446605234375 0.5192364078125 0.631100225 0.5104269593749999 0.8824741046875
3 0.2787104734375 0.4548644796875 0.506497628125 0.47206386875 0.5113004359375 0.33501787968749996 0.283513278125 0.3178184890625 0.2787104734375 0.4548644796875
9 0.7172263 0.21467182187499997 0.7240195078125 0.020830575 0.5477488671875 0.0075210109375 0.5409556609374999 0.20136225937500002 0.7172263 0.21467182187499997
1 1 0.04166886875 0.7303425046875 0.0213080015625 0.7204920171875 0.30238746562499996 1 0.32349210781250004 1 0.04166886875
10 1 0.80869984375 0.6836084203125 0.78481025 0.6795580906249999 0.9003846484375 1 0.9245800671875 1 0.80869984375
0 0.5299568 1 0.5343810390625 0.8737562249999999 0.148951071875 0.84465379375 0.1443162359375 0.9769068609374999 0.4501596640625 1 0.5299568 1