0 0.7600865296875 0.5383303390624999 0.9732405984374999 0.522235840625 0.974940196875 0.48980557812500003 0.9660021734375001 0.23476290937500002 0.750019465625 0.2510709875 0.7600865296875 0.5383303390624999
6 0 0.82952413125 0.3137987328125 0.8058303171875 0.3048994546875 0.551893190625 0 0.574915053125 0 0.82952413125
7 0 0.5931517109375 0.3121782984375 0.56958025 0.3022010640625 0.2848841453125 0 0.3077022640625 0 0.5931517109375
1 0.8463749015625 0.521270846875 0.46426564687500005 0.5501225437499999 0.4763083453125 0.893755796875 0.8584175999999999 0.8649041015625001 0.8463749015625 0.521270846875
1 0.901957565625 0.255335725 0.8933735781250001 0.0103953421875 0.47816952187500006 0.00556400625 0.453547575 0.007423120312500001 0.4633962171875 0.2884499171875 0.901957565625 0.255335725
9 0.4807635921875 0.631100225 0.30117224062500003 0.6446605234375 0.30998169062500003 0.8960344015624999 0.489573040625 0.8824741046875 0.4807635921875 0.631100225
3 0.7164867218750001 0.3178184890625 0.4886995640625 0.33501787968749996 0.493502371875 0.47206386875 0.7212895265625 0.4548644796875 0.7164867218750001 0.3178184890625
9 0.45904433906250003 0.20136225937500002 0.45225113281249996 0.0075210109375 0.2759804921875 0.020830575 0.2827737 0.21467182187499997 0.45904433906250003 0.20136225937500002
1 0 0.32349210781250004 0.2795079828125 0.30238746562499996 0.2696574953125 0.0213080015625 0 0.04166886875 0 0.32349210781250004
10 0 0.9245800671875 0.320441909375 0.9003846484375 0.3163915796875 0.78481025 0 0.80869984375 0 0.9245800671875
0 0.5498403359374999 1 0.8556837640625 0.9769068609374999 0.8510489281250001 0.84465379375 0.4656189609375 0.8737562249999999 0.4700432 1 0.5498403359374999 1