0 0.2211504421875 0.2780960546875 0.007699115625 0.2780960546875 0.007699115625 0.55874785625 0.2211504421875 0.55874785625 0.2211504421875 0.2780960546875
6 1 0.5384734140625 0.6632079640625 0.5384734140625 0.6632079640625 0.78656946875 1 0.78656946875 1 0.5384734140625
7 0.9928982296875001 0.2780960546875 0.6567477875 0.2780960546875 0.6567477875 0.5562435671875 0.9928982296875001 0.5562435671875 0.9928982296875001 0.2780960546875
1 0.5085398234375 0.5484734140625 0.1368584078125 0.5484734140625 0.1368584078125 0.8842024015625001 0.5085398234375 0.8842024015625001 0.5085398234375 0.5484734140625
1 0.500486725 0.0025728984375 0.0738938046875 0.0025728984375 0.0738938046875 0.29343053124999996 0.500486725 0.29343053124999996 0.500486725 0.0025728984375
9 0.6699778765625 0.62859348125 0.49528761093749996 0.62859348125 0.49528761093749996 0.8741852484375 0.6699778765625 0.8741852484375 0.6699778765625 0.62859348125
3 0.47752212343749995 0.340668953125 0.255951328125 0.340668953125 0.255951328125 0.47456260781250004 0.47752212343749995 0.47456260781250004 0.47752212343749995 0.340668953125
9 0.6732079640624999 0.0052144078125 0.5017477875 0.0052144078125 0.5017477875 0.208250428125 0.6732079640624999 0.208250428125 0.6732079640624999 0.0052144078125
1 0.6793584078125 0 0.6793584078125 0.2934819890625 1 0.2934819890625 1 0 0.6793584078125 0
10 0.99612831875 0.7662778734375 0.6599778765625001 0.7662778734375 0.6599778765625001 0.879193825 0.99612831875 0.879193825 0.99612831875 0.7662778734375
0 0.5182300890625 0.863927959375 0.143318584375 0.863927959375 0.143318584375 0.9993653515625001 0.5182300890625 0.9993653515625001 0.5182300890625 0.863927959375