0 0.7788495578125 0.55874785625 0.9923008843750001 0.55874785625 0.9923008843750001 0.2780960546875 0.7788495578125 0.2780960546875 0.7788495578125 0.55874785625
6 0 0.78656946875 0.33679203593749996 0.78656946875 0.33679203593749996 0.5384734140625 0 0.5384734140625 0 0.78656946875
7 0.0071017703125 0.5562435671875 0.34325221250000004 0.5562435671875 0.34325221250000004 0.2780960546875 0.0071017703125 0.2780960546875 0.0071017703125 0.5562435671875
1 0.4914601765625 0.8842024015625001 0.8631415921875 0.8842024015625001 0.8631415921875 0.5484734140625 0.4914601765625 0.5484734140625 0.4914601765625 0.8842024015625001
1 0.499513275 0.29343053124999996 0.9261061953124999 0.29343053124999996 0.9261061953124999 0.0025728984375 0.499513275 0.0025728984375 0.499513275 0.29343053124999996
9 0.3300221234375 0.8741852484375 0.5047123890625 0.8741852484375 0.5047123890625 0.62859348125 0.3300221234375 0.62859348125 0.3300221234375 0.8741852484375
3 0.5224778765625 0.47456260781250004 0.744048671875 0.47456260781250004 0.744048671875 0.340668953125 0.5224778765625 0.340668953125 0.5224778765625 0.47456260781250004
9 0.3267920359375 0.208250428125 0.4982522125 0.208250428125 0.4982522125 0.0052144078125 0.3267920359375 0.0052144078125 0.3267920359375 0.208250428125
1 0 0 0 0.2934819890625 0.3206415921875 0.2934819890625 0.3206415921875 0 0 0
10 0.0038716812500000004 0.879193825 0.3400221234375 0.879193825 0.3400221234375 0.7662778734375 0.0038716812500000004 0.7662778734375 0.0038716812500000004 0.879193825
0 0.4817699109375 0.9993653515625001 0.856681415625 0.9993653515625001 0.856681415625 0.863927959375 0.4817699109375 0.863927959375 0.4817699109375 0.9993653515625001