1 0.7803791859375 0.8640124874999999 0.9943709796875 0.8789625624999999 0.9995153734375 0.5845100375000001 0.7855235796875 0.5695599625 0.7803791859375 0.8640124874999999
0 0.7082979093749999 0.1564144828125 0.710317446875 0.0408211 0.5997367296875 0.033095617187499995 0.59771719375 0.14868900000000002 0.7082979093749999 0.1564144828125
5 0.8239303921875001 1 0.8256325312499999 0.9025736703125 0.656207121875 0.8907371296875001 0.654298184375 1 0.8239303921875001 1
2 1 0.0610591484375 0.69531973125 0.039773317187500004 0.6910886171875 0.2819519265625 1 0.3035333546875 1 0.0610591484375
6 0.42287915312499996 0.38167295156250003 0.241065384375 0.368970925 0.2355366 0.685425040625 0.41735036875000003 0.6981270671875001 0.42287915312499996 0.38167295156250003
10 0.42595584375 0.20557072187499997 0.2460198375 0.19299988125 0.242510278125 0.39387851406249996 0.422446284375 0.40644935625 0.42595584375 0.20557072187499997
9 0.7006575890625 0.27159725625000003 0.59382020625 0.26413329375 0.5893010328125 0.5227996671875 0.6961384171875 0.5302636328125 0.7006575890625 0.27159725625000003
9 1 0.441278346875 0.7824024328125 0.4260763625 0.7796619671875 0.5829339140625 0.9992748562499999 0.5982766953125 1 0.556771240625 1 0.441278346875
9 1 0.28698961562499997 0.8338312109375 0.2753805921875 0.830850228125 0.44600480156250005 1 0.45782208593749996 1 0.28698961562499997
3 0.3566859484375 0.8051603046875 0.23179033906250002 0.7964347421875 0.22887941562499997 0.9630488984375001 0.353775025 0.9717744609375 0.3566859484375 0.8051603046875
0 0.600499078125 0.20398134687499997 0.413076409375 0.1908874671875 0.410624628125 0.3312214484375 0.598047296875 0.3443153296875 0.600499078125 0.20398134687499997
1 0.592762740625 0.32466004375 0.40534007031249997 0.3115661640625 0.39860932031249996 0.6968177640625 0.586031990625 0.7099116453125001 0.592762740625 0.32466004375
7 0.7517314109375001 1 0.75688944375 0.704766778125 0.4217209859375 0.68135095625 0.416153853125 1 0.7517314109375001 1