1 0.2207291078125 0.235902465625 0.00649349375 0.2789869625 0.0127582046875 0.5481445218750001 0.015469503125 0.5605872640625 0.2798911296875 0.507409959375 0.2207291078125 0.235902465625
0 0.4390536375 0.8673752406249999 0.467389825 0.9974162171875 0.571419784375 0.9968109890625 0.57302790625 0.9964875828125 0.5404506671875 0.8469834875 0.4390536375 0.8673752406249999
0 0.0835841859375 0.5203885171875 0.0124451671875 0.5346951437499999 0.012758206250000001 0.548144528125 0.0447699546875 0.6950534640625 0.1184166890625 0.6802425171875 0.0835841859375 0.5203885171875
5 0.17156371875 0.2117600015625 0.32691841250000003 0.180516928125 0.30289463125 0.07026653125 0.14753993906250001 0.1015096046875 0.17156371875 0.2117600015625
2 0.48172645625 0.997332809375 0.427372028125 0.74788841875 0.13176765625 0.8073368234375 0.173558828125 0.9991256749999999 0.48172645625 0.997332809375
6 0.647639390625 0.5897152453125 0.8143535937499999 0.5561876859375 0.750770965625 0.26439306406249996 0.5840567625 0.297920621875 0.647639390625 0.5897152453125
10 0.6830222234375001 0.7520948187500001 0.848014609375 0.7189135296875 0.80765365 0.5336882390625 0.6426612640625 0.566869528125 0.6830222234375001 0.7520948187500001
9 0.4209862359375 0.7597693453125001 0.5189508140625 0.7400678828125 0.46697902031250005 0.501557925 0.369014440625 0.5212593875 0.4209862359375 0.7597693453125001
9 0.10412538125 0.6804803625 0.3137955203125 0.6383140187499999 0.2822793703125 0.4936794953125 0.07260923124999999 0.5358458374999999 0.10412538125 0.6804803625
9 0.1350876078125 0.82257280625 0.3000688125 0.7893937640625001 0.2657866375 0.6320653421875 0.10080543281250001 0.66524438125 0.1350876078125 0.82257280625
3 0.6155729859375 0.1846161984375 0.7300960609375 0.1615846921875 0.69661959375 0.007953840625 0.58209651875 0.030985348437499997 0.6155729859375 0.1846161984375
0 0.5259613062499999 0.79693119375 0.69781859375 0.7623693203124999 0.6696223953125 0.6329707765625 0.49776510781249994 0.667532653125 0.5259613062499999 0.79693119375
1 0.50678965 0.6842576421875 0.6786469375 0.6496957671875 0.6012413734375001 0.294464659375 0.4293840875 0.32902653593750003 0.50678965 0.6842576421875
7 0.46003177187500005 0 0.20559064375 0.051170146875 0.276417453125 0.3762099109375 0.58375029375 0.314402815625 0.5152412953125001 0 0.46003177187500005 0