1 0.7201088703125 0.507409959375 0.9845304968749999 0.5605872640625 0.9872417953125 0.5481445218750001 0.9935065062499999 0.2789869625 0.7792708921875 0.235902465625 0.7201088703125 0.507409959375
0 0.45954933281250004 0.8469834875 0.42697209375 0.9964875828125 0.428580215625 0.9968109890625 0.5326101750000001 0.9974162171875 0.5609463625 0.8673752406249999 0.45954933281250004 0.8469834875
0 0.8815833109375 0.6802425171875 0.9552300453125 0.6950534640625 0.98724179375 0.548144528125 0.9875548328124999 0.5346951437499999 0.9164158140625001 0.5203885171875 0.8815833109375 0.6802425171875
5 0.8524600609374999 0.1015096046875 0.6971053687500001 0.07026653125 0.6730815875 0.180516928125 0.8284362812499999 0.2117600015625 0.8524600609374999 0.1015096046875
2 0.8264411718750001 0.9991256749999999 0.8682323437499999 0.8073368234375 0.572627971875 0.74788841875 0.51827354375 0.997332809375 0.8264411718750001 0.9991256749999999
6 0.41594323749999995 0.297920621875 0.24922903437500002 0.26439306406249996 0.18564640625 0.5561876859375 0.35236060937499997 0.5897152453125 0.41594323749999995 0.297920621875
10 0.3573387359375 0.566869528125 0.19234635 0.5336882390625 0.151985390625 0.7189135296875 0.31697777656250004 0.7520948187500001 0.3573387359375 0.566869528125
9 0.630985559375 0.5212593875 0.5330209796875 0.501557925 0.4810491859375 0.7400678828125 0.5790137640624999 0.7597693453125001 0.630985559375 0.5212593875
9 0.9273907687499999 0.5358458374999999 0.7177206296875001 0.4936794953125 0.6862044796875 0.6383140187499999 0.89587461875 0.6804803625 0.9273907687499999 0.5358458374999999
9 0.8991945671874999 0.66524438125 0.7342133625 0.6320653421875 0.6999311875 0.7893937640625001 0.8649123921875 0.82257280625 0.8991945671874999 0.66524438125
3 0.41790348125000004 0.030985348437499997 0.30338040624999996 0.007953840625 0.2699039390625 0.1615846921875 0.3844270140625 0.1846161984375 0.41790348125000004 0.030985348437499997
0 0.5022348921875001 0.667532653125 0.3303776046875 0.6329707765625 0.30218140625 0.7623693203124999 0.47403869375 0.79693119375 0.5022348921875001 0.667532653125
1 0.5706159125 0.32902653593750003 0.3987586265625 0.294464659375 0.3213530625 0.6496957671875 0.49321035 0.6842576421875 0.5706159125 0.32902653593750003
7 0.4847587046875 0 0.41624970625 0.314402815625 0.723582546875 0.3762099109375 0.79440935625 0.051170146875 0.539968228125 0 0.4847587046875 0