9 0.536726246875 0.263655171875 0.5993320796875 0.263655171875 0.5993320796875 0.1367356328125 0.536726246875 0.1367356328125 0.536726246875 0.263655171875
5 0.47670743125000004 0.404367815625 0.5948259640625 0.404367815625 0.5948259640625 0.3357471265625 0.47670743125000004 0.3357471265625 0.47670743125000004 0.404367815625
2 0.7658513640625 0.1819540234375 0.6013170265625 0.18298850625000002 0.6021636875 0.1363218390625 0.5340451546875 0.1373333328125 0.535700846875 0.338356321875 0.7650423328125 0.3373333328125 0.7658513640625 0.1819540234375
1 0.6537158984375 0.764 0.7901975546875 0.764 0.7901975546875 0.6220229890625 0.6537158984375 0.6220229890625 0.6537158984375 0.764
6 0.5300940734374999 0.5974482765625 0.6225776109375001 0.5974482765625 0.6225776109375001 0.4114252875 0.5300940734374999 0.4114252875 0.5300940734374999 0.5974482765625
0 0.7620225781250001 0.4705402296875 0.82178739375 0.4705402296875 0.82178739375 0.213229884375 0.7620225781250001 0.213229884375 0.7620225781250001 0.4705402296875
0 0.769134525 0.9764482765625001 0.8160959546875001 0.9764482765625001 0.8160959546875001 0.8147701156249999 0.769134525 0.8147701156249999 0.769134525 0.9764482765625001
10 0.458946378125 0.5939770109375 0.5357855125000001 0.5939770109375 0.5357855125000001 0.5157356328125 0.458946378125 0.5157356328125 0.458946378125 0.5939770109375
3 0.6657761046874999 0.5940459765625 0.750733771875 0.5940459765625 0.750733771875 0.520942528125 0.6657761046874999 0.520942528125 0.6657761046874999 0.5940459765625
9 0.4048730015625 0.49313793125 0.46321730937499994 0.49313793125 0.46321730937499994 0.4044712640625 0.4048730015625 0.4044712640625 0.4048730015625 0.49313793125
7 0.6169614296875 0.9842183906249999 0.7700376296875 0.9842183906249999 0.7700376296875 0.8219540234375 0.6169614296875 0.8219540234375 0.6169614296875 0.9842183906249999
9 0.5300376296875 0.7035402296875 0.62395108125 0.7035402296875 0.62395108125 0.6305172406249999 0.5300376296875 0.6305172406249999 0.5300376296875 0.7035402296875
9 0.48598306718749995 0.7765172406249999 0.57989651875 0.7765172406249999 0.57989651875 0.703505746875 0.48598306718749995 0.703505746875 0.48598306718749995 0.7765172406249999
9 0.656726246875 0.8286781609375 0.7534807156250001 0.8286781609375 0.7534807156250001 0.7521839078125 0.656726246875 0.7521839078125 0.656726246875 0.8286781609375
1 0.46577610468749997 0.5233563218749999 0.5298024453125 0.5233563218749999 0.5298024453125 0.410206896875 0.46577610468749997 0.410206896875 0.46577610468749997 0.5233563218749999