9 0.7645325296875 0.45292658281250003 0.751324546875 0.5210017859375 0.8893109890625001 0.5462077734374999 0.9025189703125 0.47813256875 0.7645325296875 0.45292658281250003
5 0.6105996203124999 0.4298810890625 0.5856800984375 0.5583186953125 0.6602842515625 0.5719466375 0.6852037734375 0.44350903124999996 0.6105996203124999 0.4298810890625
2 0.8526517859375 0.4667884765625 0.888488359375 0.2880855328125 0.7193898843750001 0.25810719843749996 0.6698934125 0.50728125625 0.8880955374999999 0.5490043890625 0.9035662296875 0.4751357625 0.8526517859375 0.4667884765625
1 0.260826515625 0.14601915000000001 0.232032915625 0.2944241203125 0.38638978125 0.3226204921875 0.41518338125 0.1742155234375 0.260826515625 0.14601915000000001
6 0.40653805624999995 0.36135957812499997 0.3870267609375 0.46192266249999997 0.589270246875 0.49886648750000007 0.6087815421875 0.3983034 0.40653805624999995 0.36135957812499997
0 0.586539384375 0.16995012812500002 0.5739307734375 0.2349361203125 0.8536775999999999 0.28603748125 0.8662862109375 0.2210514890625 0.586539384375 0.16995012812500002
0 0.2110932359375 0.1077753609375 0.053449789062499996 0.078978628125 0.0435423140625 0.1300427015625 0.20118576250000003 0.1588394375 0.2110932359375 0.1077753609375
10 0.3920014328125 0.4564233953125 0.3757906453125 0.5399753515625 0.4608543734375 0.555513946875 0.4770651640625 0.47196198906250003 0.3920014328125 0.4564233953125
3 0.4372741890625 0.22268312343750002 0.41935062968750003 0.31506286562499997 0.498828421875 0.329581075 0.5167519796875 0.237201334375 0.4372741890625 0.22268312343750002
9 0.48632354843750003 0.555357759375 0.474014621875 0.6187991453125 0.570412684375 0.6364081828125 0.5827216109375 0.5729667968750001 0.48632354843750003 0.555357759375
7 0.19356597343749998 0.156430725 0.043732842187499996 0.129060703125 0.011438284375 0.2955099484375 0.1612714140625 0.3228799703125 0.19356597343749998 0.156430725
9 0.2914850484375 0.3387964484375 0.271672084375 0.44091437187500004 0.3510623984375 0.45541660312500004 0.3708753640625 0.35329868124999997 0.2914850484375 0.3387964484375
9 0.20285050937500002 0.37220660781250003 0.18303754375 0.4743245296875 0.26241536249999997 0.488824478125 0.282228328125 0.3867065578125 0.20285050937500002 0.37220660781250003
9 0.1827624953125 0.17309868281250002 0.162350159375 0.2783058171875 0.24551441875000002 0.2934974359375 0.26592675625 0.1882902984375 0.1827624953125 0.17309868281250002
1 0.4675177265625 0.47695429375 0.454010059375 0.5465741046875 0.5770256859375 0.5690453718749999 0.5905333515625 0.49942556250000003 0.4675177265625 0.47695429375