9 0.463273753125 0.1367356328125 0.4006679203125 0.1367356328125 0.4006679203125 0.263655171875 0.463273753125 0.263655171875 0.463273753125 0.1367356328125
5 0.52329256875 0.3357471265625 0.40517403593749995 0.3357471265625 0.40517403593749995 0.404367815625 0.52329256875 0.404367815625 0.52329256875 0.3357471265625
2 0.2349576671875 0.3373333328125 0.464299153125 0.338356321875 0.4659548453125 0.1373333328125 0.3978363125 0.1363218390625 0.39868297343750003 0.18298850625000002 0.23414863593750002 0.1819540234375 0.2349576671875 0.3373333328125
1 0.3462841015625 0.6220229890625 0.20980244531249997 0.6220229890625 0.20980244531249997 0.764 0.3462841015625 0.764 0.3462841015625 0.6220229890625
6 0.4699059265625 0.4114252875 0.37742238906250003 0.4114252875 0.37742238906250003 0.5974482765625 0.4699059265625 0.5974482765625 0.4699059265625 0.4114252875
0 0.237977421875 0.213229884375 0.17821260625 0.213229884375 0.17821260625 0.4705402296875 0.237977421875 0.4705402296875 0.237977421875 0.213229884375
0 0.23086547500000001 0.8147701156249999 0.1839040453125 0.8147701156249999 0.1839040453125 0.9764482765625001 0.23086547500000001 0.9764482765625001 0.23086547500000001 0.8147701156249999
10 0.541053621875 0.5157356328125 0.46421448749999994 0.5157356328125 0.46421448749999994 0.5939770109375 0.541053621875 0.5939770109375 0.541053621875 0.5157356328125
3 0.33422389531249996 0.520942528125 0.249266228125 0.520942528125 0.249266228125 0.5940459765625 0.33422389531249996 0.5940459765625 0.33422389531249996 0.520942528125
9 0.5951269984375 0.4044712640625 0.5367826906250001 0.4044712640625 0.5367826906250001 0.49313793125 0.5951269984375 0.49313793125 0.5951269984375 0.4044712640625
7 0.3830385703125 0.8219540234375 0.2299623703125 0.8219540234375 0.2299623703125 0.9842183906249999 0.3830385703125 0.9842183906249999 0.3830385703125 0.8219540234375
9 0.4699623703125 0.6305172406249999 0.37604891875 0.6305172406249999 0.37604891875 0.7035402296875 0.4699623703125 0.7035402296875 0.4699623703125 0.6305172406249999
9 0.5140169328125 0.703505746875 0.42010348124999997 0.703505746875 0.42010348124999997 0.7765172406249999 0.5140169328125 0.7765172406249999 0.5140169328125 0.703505746875
9 0.34327375312499997 0.7521839078125 0.246519284375 0.7521839078125 0.246519284375 0.8286781609375 0.34327375312499997 0.8286781609375 0.34327375312499997 0.7521839078125
1 0.5342238953125 0.410206896875 0.4701975546875 0.410206896875 0.4701975546875 0.5233563218749999 0.5342238953125 0.5233563218749999 0.5342238953125 0.410206896875