9 0.41812915781250004 0.8887674578125001 0.4844350796875 0.8825888687500001 0.47660525 0.748402040625 0.410299328125 0.7545806296875 0.41812915781250004 0.8887674578125001
5 0.41062431562499996 0.67791605 0.5357238109375 0.6662588953124999 0.5314905109375 0.5937090515625 0.40639101718750004 0.60536620625 0.41062431562499996 0.67791605
2 0.415155725 0.8894843984374999 0.4872377515625 0.8816923453125 0.47308284218749996 0.6693223796875001 0.230250078125 0.693037725 0.23897878281249998 0.8573937468749999 0.4131734984375 0.840062084375 0.415155725 0.8894843984374999
1 0.186045278125 0.394529596875 0.33059318125 0.3810601796875 0.3218344359375 0.23095370312500002 0.1772865328125 0.24442312031250002 0.186045278125 0.394529596875
6 0.3765638265625 0.60064345 0.47451326250000003 0.5915162203125 0.46303726406249995 0.3948417390625 0.36508782968750003 0.4039689671875 0.3765638265625 0.60064345
0 0.177807409375 0.8298474046875001 0.24110440781250003 0.8239491953125 0.2252306 0.5519055125000001 0.161933603125 0.5578037218749999 0.177807409375 0.8298474046875001
0 0.196462340625 0.188667240625 0.188297109375 0.048732325 0.138560196875 0.0533669640625 0.146725428125 0.193301878125 0.196462340625 0.188667240625
10 0.4620504125 0.481794859375 0.5434308421875 0.4742115796875 0.53860403125 0.39149017656249996 0.4572236015625 0.39907345312500003 0.4620504125 0.481794859375
3 0.2340772046875 0.4975031296875 0.3240559828125 0.4891186328125 0.3195461375 0.4118293515625 0.229567359375 0.4202138515625 0.2340772046875 0.4975031296875
9 0.5457715375000001 0.5922683359375001 0.6075640703125 0.58651031875 0.6020941093750001 0.4927666859375 0.5403015765625 0.498524703125 0.5457715375000001 0.5922683359375001
7 0.357185884375 0.1660539796875 0.3494638359375 0.033714315625000005 0.1873406296875 0.048821453125 0.1950626765625 0.1811611171875 0.357185884375 0.1660539796875
9 0.36159311562499996 0.3691420546875 0.4610569796875 0.35987370625000004 0.456552096875 0.28266949375 0.35708823437500004 0.291937840625 0.36159311562499996 0.3691420546875
9 0.4037486078125 0.2876265390625 0.5032124703124999 0.278358190625 0.498708296875 0.20116613125 0.399244434375 0.2104344796875 0.4037486078125 0.2876265390625
9 0.21690233593750002 0.25329219375 0.319375121875 0.24374346406249997 0.3146560921875 0.162869225 0.2121833078125 0.172417953125 0.21690233593750002 0.25329219375
1 0.47489729062499997 0.5927755953125 0.5427076734375 0.5864568140624999 0.5357273390625 0.466828565625 0.46791695625 0.4731473453125 0.47489729062499997 0.5927755953125