9 0.589700671875 0.7545806296875 0.52339475 0.748402040625 0.5155649203125 0.8825888687500001 0.5818708421875 0.8887674578125001 0.589700671875 0.7545806296875
5 0.5936089828125 0.60536620625 0.4685094890625 0.5937090515625 0.46427618906249996 0.6662588953124999 0.589375684375 0.67791605 0.5936089828125 0.60536620625
2 0.5868265015625 0.840062084375 0.7610212171875 0.8573937468749999 0.769749921875 0.693037725 0.5269171578125 0.6693223796875001 0.5127622484375001 0.8816923453125 0.584844275 0.8894843984374999 0.5868265015625 0.840062084375
1 0.8227134671874999 0.24442312031250002 0.6781655640625 0.23095370312500002 0.66940681875 0.3810601796875 0.813954721875 0.394529596875 0.8227134671874999 0.24442312031250002
6 0.6349121703125 0.4039689671875 0.5369627359375 0.3948417390625 0.5254867375 0.5915162203125 0.6234361734375 0.60064345 0.6349121703125 0.4039689671875
0 0.838066396875 0.5578037218749999 0.7747694 0.5519055125000001 0.7588955921875 0.8239491953125 0.822192590625 0.8298474046875001 0.838066396875 0.5578037218749999
0 0.853274571875 0.193301878125 0.8614398031249999 0.0533669640625 0.8117028906250001 0.048732325 0.803537659375 0.188667240625 0.853274571875 0.193301878125
10 0.5427763984375 0.39907345312500003 0.46139596875000005 0.39149017656249996 0.45656915781249996 0.4742115796875 0.5379495875 0.481794859375 0.5427763984375 0.39907345312500003
3 0.7704326406249999 0.4202138515625 0.6804538625000001 0.4118293515625 0.6759440171875 0.4891186328125 0.7659227953125 0.4975031296875 0.7704326406249999 0.4202138515625
9 0.4596984234375 0.498524703125 0.39790589062500004 0.4927666859375 0.3924359296875 0.58651031875 0.4542284625 0.5922683359375001 0.4596984234375 0.498524703125
7 0.8049373234375 0.1811611171875 0.8126593703125 0.048821453125 0.6505361640625 0.033714315625000005 0.642814115625 0.1660539796875 0.8049373234375 0.1811611171875
9 0.642911765625 0.291937840625 0.543447903125 0.28266949375 0.5389430203125001 0.35987370625000004 0.6384068843749999 0.3691420546875 0.642911765625 0.291937840625
9 0.600755565625 0.2104344796875 0.5012917031249999 0.20116613125 0.49678752968750006 0.278358190625 0.5962513921875 0.2876265390625 0.600755565625 0.2104344796875
9 0.7878166921875 0.172417953125 0.6853439078125 0.162869225 0.6806248781249999 0.24374346406249997 0.7830976640625 0.25329219375 0.7878166921875 0.172417953125
1 0.5320830437499999 0.4731473453125 0.46427266093749997 0.466828565625 0.45729232656249996 0.5864568140624999 0.525102709375 0.5927755953125 0.5320830437499999 0.4731473453125