9 0.0974810296875 0.47813256875 0.11068901093750001 0.5462077734374999 0.248675453125 0.5210017859375 0.2354674703125 0.45292658281250003 0.0974810296875 0.47813256875
5 0.3147962265625 0.44350903124999996 0.3397157484375 0.5719466375 0.4143199015625 0.5583186953125 0.38940037968749996 0.4298810890625 0.3147962265625 0.44350903124999996
2 0.0964337703125 0.4751357625 0.1119044625 0.5490043890625 0.3301065875 0.50728125625 0.280610115625 0.25810719843749996 0.111511640625 0.2880855328125 0.1473482140625 0.4667884765625 0.0964337703125 0.4751357625
1 0.58481661875 0.1742155234375 0.61361021875 0.3226204921875 0.767967084375 0.2944241203125 0.739173484375 0.14601915000000001 0.58481661875 0.1742155234375
6 0.39121845781250003 0.3983034 0.41072975312500004 0.49886648750000007 0.6129732390625 0.46192266249999997 0.59346194375 0.36135957812499997 0.39121845781250003 0.3983034
0 0.1337137890625 0.2210514890625 0.14632240000000002 0.28603748125 0.4260692265625 0.2349361203125 0.413460615625 0.16995012812500002 0.1337137890625 0.2210514890625
0 0.7988142375 0.1588394375 0.9564576859375 0.1300427015625 0.9465502109375 0.078978628125 0.7889067640625 0.1077753609375 0.7988142375 0.1588394375
10 0.5229348359375 0.47196198906250003 0.5391456265625 0.555513946875 0.6242093546875 0.5399753515625 0.6079985671875 0.4564233953125 0.5229348359375 0.47196198906250003
3 0.48324802031249997 0.237201334375 0.501171578125 0.329581075 0.5806493703125 0.31506286562499997 0.5627258109375 0.22268312343750002 0.48324802031249997 0.237201334375
9 0.41727838906250003 0.5729667968750001 0.42958731562499997 0.6364081828125 0.525985378125 0.6187991453125 0.5136764515625 0.555357759375 0.41727838906250003 0.5729667968750001
7 0.8387285859375 0.3228799703125 0.988561715625 0.2955099484375 0.9562671578125 0.129060703125 0.8064340265625001 0.156430725 0.8387285859375 0.3228799703125
9 0.6291246359375 0.35329868124999997 0.6489376015625 0.45541660312500004 0.728327915625 0.44091437187500004 0.7085149515625 0.3387964484375 0.6291246359375 0.35329868124999997
9 0.717771671875 0.3867065578125 0.7375846375 0.488824478125 0.81696245625 0.4743245296875 0.7971494906250001 0.37220660781250003 0.717771671875 0.3867065578125
9 0.7340732437499999 0.1882902984375 0.75448558125 0.2934974359375 0.837649840625 0.2783058171875 0.8172375046875 0.17309868281250002 0.7340732437499999 0.1882902984375
1 0.40946664843749997 0.49942556250000003 0.42297431406249997 0.5690453718749999 0.545989940625 0.5465741046875 0.5324822734375 0.47695429375 0.40946664843749997 0.49942556250000003