7 1 0.2911278203125 0.63296195625 0.2911278203125 0.63296195625 0.601578946875 1 0.601578946875 1 0.2911278203125
2 0.12423912968749999 0 0.12423912968749999 0.29551378437500003 0.4941032609375 0.30283207968750003 0.49157608750000004 0.2042606515625 0.6420652171875 0.20290726874999998 0.6447010875 0.0043358390625 0.182092390625 0 0.12423912968749999 0
1 1 0.5839599 0.6383152171875001 0.5839599 0.6383152171875001 0.8920050125 1 0.8920050125 1 0.5839599
1 1 0.0057393484375 0.6356793484375001 0.0057393484375 0.6356793484375001 0.3061654140625 1 0.3061654140625 1 0.0057393484375
3 0.45711956562499995 0.445563909375 0.2906793484375 0.445563909375 0.2906793484375 0.60493734375 0.45711956562499995 0.60493734375 0.45711956562499995 0.445563909375
9 0.630543478125 0.6691729328125 0.49453804375 0.6691729328125 0.49453804375 0.889473684375 0.630543478125 0.889473684375 0.630543478125 0.6691729328125
9 0.4837228265625 0 0.4837228265625 0.203508771875 0.6467391296875 0.203508771875 0.6467391296875 0 0.4837228265625 0
9 0.3915760875 0.2937343359375 0.1199456515625 0.2937343359375 0.1199456515625 0.4238345859375 0.3915760875 0.4238345859375 0.3915760875 0.2937343359375
10 0.2315217390625 0.4138095234375 0.11722826093750001 0.4138095234375 0.11722826093750001 0.889473684375 0.2315217390625 0.889473684375 0.2315217390625 0.4138095234375
0 0.008668478125 0 0.008668478125 0.3036591484375 0.1365217390625 0.3036591484375 0.1365217390625 0 0.008668478125 0
0 1 0.8794486218750001 0.6383967390625 0.8794486218750001 0.6383967390625 0.99711779375 1 0.99711779375 1 0.8794486218750001
6 0.50296195625 0.6341102750000001 0.23937499999999998 0.6341102750000001 0.23937499999999998 0.899473684375 0.50296195625 0.899473684375 0.50296195625 0.6341102750000001