7 0 0.601578946875 0.36703804375 0.601578946875 0.36703804375 0.2911278203125 0 0.2911278203125 0 0.601578946875
2 0.817907609375 0 0.3552989125 0.0043358390625 0.3579347828125 0.20290726874999998 0.5084239125 0.2042606515625 0.5058967390625 0.30283207968750003 0.8757608703124999 0.29551378437500003 0.8757608703124999 0 0.817907609375 0
1 0 0.8920050125 0.3616847828125 0.8920050125 0.3616847828125 0.5839599 0 0.5839599 0 0.8920050125
1 0 0.3061654140625 0.36432065156250004 0.3061654140625 0.36432065156250004 0.0057393484375 0 0.0057393484375 0 0.3061654140625
3 0.542880434375 0.60493734375 0.7093206515625 0.60493734375 0.7093206515625 0.445563909375 0.542880434375 0.445563909375 0.542880434375 0.60493734375
9 0.369456521875 0.889473684375 0.50546195625 0.889473684375 0.50546195625 0.6691729328125 0.369456521875 0.6691729328125 0.369456521875 0.889473684375
9 0.35326087031250003 0 0.35326087031250003 0.203508771875 0.5162771734375 0.203508771875 0.5162771734375 0 0.35326087031250003 0
9 0.6084239124999999 0.4238345859375 0.8800543484375 0.4238345859375 0.8800543484375 0.2937343359375 0.6084239124999999 0.2937343359375 0.6084239124999999 0.4238345859375
10 0.7684782609374999 0.889473684375 0.8827717390625001 0.889473684375 0.8827717390625001 0.4138095234375 0.7684782609374999 0.4138095234375 0.7684782609374999 0.889473684375
0 0.8634782609375 0 0.8634782609375 0.3036591484375 0.9913315218750001 0.3036591484375 0.9913315218750001 0 0.8634782609375 0
0 0 0.99711779375 0.3616032609375 0.99711779375 0.3616032609375 0.8794486218750001 0 0.8794486218750001 0 0.99711779375
6 0.49703804375000005 0.899473684375 0.760625 0.899473684375 0.760625 0.6341102750000001 0.49703804375000005 0.6341102750000001 0.49703804375000005 0.899473684375