7 0.9026246765625 0.8403858890624999 0.9680742171875 0.58306529375 0.9722783203124999 0.5108836359375 0.6314932062499999 0.431846434375 0.5484727640625 0.75824856875 0.9026246765625 0.8403858890624999
2 0.49916490468749997 1 0.534443353125 0.8532196765625001 0.376725696875 0.8151338656249999 0.4057401828125 0.7121135125 0.0152636125 0.62969973125 0 0.689709959375 0 0.9244899421874999 0.3255771078125 1 0.49916490468749997 1
1 0.9908609281249999 0.19183258125 0.71478184375 0.1278024421875 0.6324048140625 0.4516749375 0.9711509828124999 0.5302392546875 0.9908609281249999 0.19183258125
1 0.8620267984375 1 0.9066460109375001 0.8245756625 0.5553485515625 0.7431003640625 0.49000608124999995 1 0.8620267984375 1
3 0.23022503749999998 0.512488990625 0.4050602484375 0.5530379625 0.4476796875 0.38547590781249996 0.2728444765625 0.3449269359375 0.23022503749999998 0.512488990625
9 0.504163296875 0.327055959375 0.6470286390625 0.3601902640625 0.7059411843750001 0.128570440625 0.563075840625 0.09543613749999999 0.504163296875 0.327055959375
9 0.502309034375 1 0.5395138640625 0.85372595 0.3682752640625 0.814011128125 0.3212256546875 0.9989907828125 0.3255771015625 1 0.502309034375 1
9 0.010277721875 0.630524609375 0.2956087859375 0.6967005328125 0.3304000296875 0.55991571875 0.0450689640625 0.4937397984375 0.010277721875 0.630524609375
10 0.28679339062500003 0.031358831250000004 0.178452621875 0.006231703125 0.16615314375 0.005802195312499999 0.039533621875 0.503617925 0.1595918921875 0.53146265625 0.28679339062500003 0.031358831250000004
0 0.9948843796875 0.12275257656250001 0.731683353125 0.061709203125 0.7115096624999999 0.141023840625 0.9900575203124999 0.20562655625 0.9948843796875 0.12275257656250001
6 0.226753803125 0.3017560828125 0.5036356890625 0.3659724140625 0.5745988296875 0.0869746109375 0.29771694531250004 0.0227582796875 0.226753803125 0.3017560828125