7 0.6871993265625 1 0.70489639375 0.6962149078125 0.37058849375 0.67479584375 0.35164365468750003 1 0.6871993265625 1
2 0.732197628125 0.1461892171875 0.70103390625 0.54535745 0.807339190625 0.549427371875 0.79932324375 0.7121384734375 0.977201971875 0.7259152453125 0.9881592343750001 0.5378245734375 0.99687994375 0.16314737968749998 0.732197628125 0.1461892171875
1 0.370687459375 1 0.389224496875 0.6817961453125 0.057507503125000005 0.6605430796875 0.0385026796875 0.9867769093750001 0.24488814531249997 1 0.370687459375 1
1 0.961235103125 1 0.9777421000000001 0.71664345625 0.6885321671875 0.6981138125 0.6709457203125 1 0.961235103125 1
3 0.5496619125 0.4955455234375 0.5601393671875 0.3156911375 0.388518803125 0.30469543125 0.378041346875 0.484549815625 0.5496619125 0.4955455234375
9 0.297952459375 0.6675189125000001 0.3065140375 0.5205521890625 0.069284165625 0.5053529 0.0607225875 0.6523196265625 0.297952459375 0.6675189125000001
9 0.7983812921875 0.7171475796875 0.977045884375 0.7285945968750001 0.9873078046874999 0.5524400734375 0.8086432140625 0.5409930562499999 0.7983812921875 0.7171475796875
9 0.7172848843749999 0.43519483281250004 0.73438409375 0.141672478125 0.5942862250000001 0.132696425 0.5771870140625001 0.4262187796875 0.7172848843749999 0.43519483281250004
10 0.598057921875 0.25395659375 0.605252728125 0.130451690625 0.0930359171875 0.0976340234375 0.0858411140625 0.22113892812499997 0.598057921875 0.25395659375
0 0.9996006984375001 0.046252640625 0.730220853125 0.028993509374999997 0.722653134375 0.1588997609375 0.99657033125 0.1764496 0.9996006984375001 0.046252640625
0 0 0.984310046875 0.0520239734375 0.9876432156250001 0.0710236640625 0.6614974796875 0 0.6569470015625 0 0.984310046875
6 0.3437408140625 0.5320741124999999 0.360333684375 0.247243496875 0.07457829375 0.2289351859375 0.057985421875 0.5137658 0.3437408140625 0.5320741124999999