7 0.45152723593750005 0.75824856875 0.36850679375 0.431846434375 0.0277216796875 0.5108836359375 0.0319257828125 0.58306529375 0.09737532343750001 0.8403858890624999 0.45152723593750005 0.75824856875
2 1 0.689709959375 0.9847363874999999 0.62969973125 0.5942598171875 0.7121135125 0.623274303125 0.8151338656249999 0.465556646875 0.8532196765625001 0.5008350953125 1 0.6744228921875 1 1 0.9244899421874999 1 0.689709959375
1 0.0288490171875 0.5302392546875 0.3675951859375 0.4516749375 0.28521815625 0.1278024421875 0.009139071875 0.19183258125 0.0288490171875 0.5302392546875
1 0.50999391875 1 0.44465144843750004 0.7431003640625 0.0933539890625 0.8245756625 0.13797320156249998 1 0.50999391875 1
3 0.7271555234375 0.3449269359375 0.5523203125 0.38547590781249996 0.5949397515625 0.5530379625 0.7697749625 0.512488990625 0.7271555234375 0.3449269359375
9 0.436924159375 0.09543613749999999 0.294058815625 0.128570440625 0.3529713609375 0.3601902640625 0.495836703125 0.327055959375 0.436924159375 0.09543613749999999
9 0.6744228984375 1 0.6787743453124999 0.9989907828125 0.6317247359375 0.814011128125 0.4604861359375 0.85372595 0.49769096562500004 1 0.6744228984375 1
9 0.9549310359375 0.4937397984375 0.6695999703125 0.55991571875 0.7043912140625 0.6967005328125 0.9897222781250001 0.630524609375 0.9549310359375 0.4937397984375
10 0.8404081078125 0.53146265625 0.960466378125 0.503617925 0.8338468562499999 0.005802195312499999 0.8215473781249999 0.006231703125 0.713206609375 0.031358831250000004 0.8404081078125 0.53146265625
0 0.0099424796875 0.20562655625 0.28849033749999997 0.141023840625 0.268316646875 0.061709203125 0.0051156203125 0.12275257656250001 0.0099424796875 0.20562655625
6 0.7022830546875001 0.0227582796875 0.4254011703125 0.0869746109375 0.4963643109375 0.3659724140625 0.773246196875 0.3017560828125 0.7022830546875001 0.0227582796875