1 0.166778253125 0.41815897656249995 0.1096363234375 0.6525731359375 0.3898866484375 0.7240032859375 0.447028578125 0.4895891265625 0.166778253125 0.41815897656249995
9 0.5606090234375001 0.397273415625 0.5313223546875 0.5174165390625001 0.7290906515625 0.5678236859375 0.7583773203125 0.4476805625 0.5606090234375001 0.397273415625
9 0.537860025 0.50950850625 0.50857335625 0.6296516265625 0.706341653125 0.6800587734375 0.7356283203125 0.559915653125 0.537860025 0.50950850625
10 0.8019383265625001 0.47785658125 0.7722669453125001 0.5995779156250001 0.9236573890625 0.6381642828125 0.953328771875 0.51644295 0.8019383265625001 0.47785658125
0 0.32871232968749997 0.697236075 0.285482434375 0.874578696875 0.3389153109375 0.8881976578125 0.38214520625000004 0.7108550375 0.32871232968749997 0.697236075
0 0.117882896875 0.405545521875 0.0596180234375 0.6445663546875 0.11306715468749999 0.6581894578124999 0.17133203125000002 0.4191686265625 0.117882896875 0.405545521875
6 0.9476851703125 0.5245788640625 0.99110470625 0.34645827812499996 0.9924639484375 0.29974415312499997 0.7921077624999999 0.24867740624999998 0.7378875671875 0.47110569062499996 0.9476851703125 0.5245788640625
7 0.33552963125 0.025356012500000004 0.276183403125 0.268812896875 0.5804923375000001 0.3463751 0.6398385671875 0.102918215625 0.33552963125 0.025356012500000004
3 0.6198523375 0.2943399921875 0.5930472375 0.4043029390625 0.723093790625 0.43744918125 0.749898890625 0.32748623125 0.6198523375 0.2943399921875
2 0.7251280359375001 0.566088821875 0.5396444812500001 0.5147958078125 0.51950126875 0.5848218921874999 0.4212510984375 0.5597799078125 0.3404134328125 0.8787937265625001 0.6244521562500001 0.9538775296875001 0.7251280359375001 0.566088821875
0 0.332125934375 0.028127940624999997 0.2639680578125 0.0107558734375 0.2187120390625 0.0089118328125 0.17770623593749998 0.17713052812500002 0.2888960390625 0.2054705640625 0.332125934375 0.028127940624999997
5 0.9963110046875 0.16752943125 0.940043821875 0.15318806093749998 0.9100986359375 0.27603262812499996 0.9925424609375 0.29704589375 0.9963110046875 0.16752943125