1 0.521469740625 0.1677631578125 0.2839048984375 0.1677631578125 0.2839048984375 0.45131578906250003 0.521469740625 0.45131578906250003 0.521469740625 0.1677631578125
9 0.6371757921875 0.5380756578125 0.5154178671875 0.5380756578125 0.5154178671875 0.7381743421875 0.6371757921875 0.7381743421875 0.6371757921875 0.5380756578125
9 0.5245533140624999 0.5424671046875 0.40279538906249995 0.5424671046875 0.40279538906249995 0.7425657890624999 0.5245533140624999 0.7425657890624999 0.5245533140624999 0.5424671046875
10 0.6189769453125 0.78667763125 0.495619596875 0.78667763125 0.495619596875 0.9398519734375 0.6189769453125 0.9398519734375 0.6189769453125 0.78667763125
0 0.29456772343750004 0.3868256578125 0.1148414984375 0.3868256578125 0.1148414984375 0.4408881578125 0.29456772343750004 0.4408881578125 0.29456772343750004 0.3868256578125
0 0.5216138328125 0.1182565796875 0.279380403125 0.1182565796875 0.279380403125 0.1723355265625 0.5216138328125 0.1723355265625 0.5216138328125 0.1182565796875
6 0.835259365625 0.7240953953125 0.6098414984375 0.7240953953125 0.6098414984375 0.93636513125 0.835259365625 0.93636513125 0.835259365625 0.7240953953125
7 0.9373054749999999 0.23730263125 0.6905763687500001 0.23730263125 0.6905763687500001 0.54519736875 0.9373054749999999 0.54519736875 0.9373054749999999 0.23730263125
3 0.7497982703125 0.570608553125 0.6383573484375 0.570608553125 0.6383573484375 0.7021875 0.7497982703125 0.7021875 0.7497982703125 0.570608553125
2 0.516109509375 0.7339967109375001 0.5199423624999999 0.5453947375 0.448227665625 0.5424671046875 0.448227665625 0.44305921093749995 0.12417867499999999 0.4401315796875 0.1216138328125 0.728141446875 0.516109509375 0.7339967109375001
0 0.933832853125 0.122203946875 0.754106628125 0.122203946875 0.754106628125 0.23470394687499999 0.933832853125 0.23470394687499999 0.933832853125 0.122203946875
5 0.9623487031250001 0.8428453953125 0.8378530265625 0.8428453953125 0.8378530265625 0.9481085531250001 0.9623487031250001 0.9481085531250001 0.9623487031250001 0.8428453953125