1 0.3537901375 0.6928209437499999 0.4209133515625 0.44926140468750003 0.13538909062499999 0.3910246328125 0.068265878125 0.6345841703125 0.3537901375 0.6928209437499999
9 0.7080565796875 0.51438174375 0.74245890625 0.389551384375 0.540968875 0.3484546 0.5065665484374999 0.4732849578125 0.7080565796875 0.51438174375
9 0.6806574296875 0.6307480562500001 0.7150597546874999 0.5059176984375 0.5135697234375 0.46482091406250003 0.479167396875 0.589651271875 0.6806574296875 0.6307480562500001
10 0.905542596875 0.5761006765625 0.940396834375 0.44963053437499995 0.7861574250000001 0.41817119218750004 0.7513031859375 0.544641334375 0.905542596875 0.5761006765625
0 0.2955216578125 0.864008828125 0.3463027484375 0.6797474015625 0.291864334375 0.6686439046875 0.24108324374999998 0.8529053296875 0.2955216578125 0.864008828125
0 0.071591659375 0.640161921875 0.14003396562499998 0.3918159875 0.08557899062499999 0.3807091125 0.017136684375 0.629055046875 0.071591659375 0.640161921875
6 0.9343045546875001 0.45828036875 0.9860441328125 0.2705410296875 0.98815743125 0.22516767031249998 0.784249965625 0.1835778125 0.72055884375 0.4146838609375 0.9343045546875001 0.45828036875
7 0.3171116671875 0 0.25319265 0.231932975 0.563228271875 0.29516919375 0.6329408187500001 0.0422141375 0.4259726171875 0 0.3171116671875 0
3 0.70655568125 0.3809489421875 0.7380429687500001 0.266695928125 0.6055491140625 0.239671903125 0.574061825 0.35392491875 0.70655568125 0.3809489421875
2 0.2973980078125 0.85428065 0.586685809375 0.9160624234375 0.7040453203125 0.5128146359375 0.5152149015624999 0.4701495015625 0.492004146875 0.543072559375 0.3919050375 0.5226559078124999 0.2973980078125 0.85428065
0 0.194697859375 0 0.1552439296875 0.1431603296875 0.268526175 0.166265871875 0.3143478234375 0 0.194697859375 0
5 0.9945068859375 0.08884233281250001 0.9397343703125 0.0776706921875 0.9045585 0.2053078875 0.9882870125000001 0.22238551874999998 0.9945068859375 0.08884233281250001