1 0.5529714218749999 0.4895891265625 0.6101133515625 0.7240032859375 0.8903636765625 0.6525731359375 0.8332217468750001 0.41815897656249995 0.5529714218749999 0.4895891265625
9 0.2416226796875 0.4476805625 0.2709093484375 0.5678236859375 0.4686776453125 0.5174165390625001 0.4393909765625 0.397273415625 0.2416226796875 0.4476805625
9 0.2643716796875 0.559915653125 0.293658346875 0.6800587734375 0.49142664375 0.6296516265625 0.46213997500000004 0.50950850625 0.2643716796875 0.559915653125
10 0.046671228125000006 0.51644295 0.0763426109375 0.6381642828125 0.2277330546875 0.5995779156250001 0.1980616734375 0.47785658125 0.046671228125000006 0.51644295
0 0.6178547937500001 0.7108550375 0.6610846890625 0.8881976578125 0.714517565625 0.874578696875 0.6712876703124999 0.697236075 0.6178547937500001 0.7108550375
0 0.8286679687499999 0.4191686265625 0.8869328453125 0.6581894578124999 0.9403819765625 0.6445663546875 0.8821171031249999 0.405545521875 0.8286679687499999 0.4191686265625
6 0.2621124328125 0.47110569062499996 0.2078922375 0.24867740624999998 0.0075360515625 0.29974415312499997 0.00889529375 0.34645827812499996 0.052314829687499995 0.5245788640625 0.2621124328125 0.47110569062499996
7 0.3601614328125 0.102918215625 0.41950766249999993 0.3463751 0.723816596875 0.268812896875 0.66447036875 0.025356012500000004 0.3601614328125 0.102918215625
3 0.25010110937499996 0.32748623125 0.276906209375 0.43744918125 0.4069527625 0.4043029390625 0.3801476625 0.2943399921875 0.25010110937499996 0.32748623125
2 0.37554784375 0.9538775296875001 0.6595865671875 0.8787937265625001 0.5787489015625 0.5597799078125 0.48049873125 0.5848218921874999 0.46035551874999997 0.5147958078125 0.27487196406250003 0.566088821875 0.37554784375 0.9538775296875001
0 0.7111039609375001 0.2054705640625 0.8222937640625 0.17713052812500002 0.7812879609375 0.0089118328125 0.7360319421875 0.0107558734375 0.667874065625 0.028127940624999997 0.7111039609375001 0.2054705640625
5 0.0074575390625 0.29704589375 0.0899013640625 0.27603262812499996 0.059956178125 0.15318806093749998 0.0036889953125 0.16752943125 0.0074575390625 0.29704589375