3 0.56276119375 0.3448101265625 0.3944682828125 0.3448101265625 0.3944682828125 0.49100115000000005 0.56276119375 0.49100115000000005 0.56276119375 0.3448101265625
2 0.480475746875 0.04607595 0.14389925312500002 0.051921748437500005 0.1450839546875 0.401346375 0.3856623140625 0.405730725 0.3809235078125 0.25222094375 0.5752891796874999 0.25660529374999996 0.574104478125 0.11772151875 0.480475746875 0.11626006874999999 0.480475746875 0.04607595
6 0.5805503734374999 0.5424971234375 0.37324626875 0.5424971234375 0.37324626875 0.8310932109375001 0.5805503734374999 0.8310932109375001 0.5805503734374999 0.5424971234375
0 0.9977145515625001 0.351254315625 0.86227611875 0.351254315625 0.86227611875 0.50250863125 0.9977145515625001 0.50250863125 0.9977145515625001 0.351254315625
0 0.8384608203124999 0.82239355625 0.57477611875 0.82239355625 0.57477611875 0.9684349828125001 0.8384608203124999 0.9684349828125001 0.8384608203124999 0.82239355625
10 0.5819682828125 0.8206559265625 0.3760634328125 0.8206559265625 0.3760634328125 0.9666973531249999 0.5819682828125 0.9666973531249999 0.5819682828125 0.8206559265625
9 0.8694682828125 0.351254315625 0.7058395515625 0.351254315625 0.7058395515625 0.49380897656249995 0.8694682828125 0.49380897656249995 0.8694682828125 0.351254315625
9 0.31277984999999997 0.41210586875 0.137891790625 0.41210586875 0.137891790625 0.5546605296875 0.31277984999999997 0.5546605296875 0.31277984999999997 0.41210586875
9 0.3835354484375 0.26102416562499997 0.5751958953125 0.26102416562499997 0.5766044781249999 0.1149827390625 0.486380596875 0.1132336015625 0.485 0.0419677796875 0.388889925 0.045270424999999996 0.3835354484375 0.26102416562499997
1 0.3858208953125 0.5451553515625001 0.1368003734375 0.5451553515625001 0.1368003734375 0.9172612203125 0.3858208953125 0.9172612203125 0.3858208953125 0.5451553515625001
1 1 0.052220943750000005 0.6987966421875 0.052220943750000005 0.6987966421875 0.3634292296875 1 0.3634292296875 1 0.052220943750000005
7 0.8370522390625 0.5424971234375 0.569141790625 0.5424971234375 0.569141790625 0.8310932109375001 0.8370522390625 0.8310932109375001 0.8370522390625 0.5424971234375
0 0.1406716421875 0.045270424999999996 0.027957089062500003 0.045270424999999996 0.027957089062500003 0.40689297968749993 0.1406716421875 0.40689297968749993 0.1406716421875 0.045270424999999996