3 0.41322340312500005 0.520334553125 0.578244971875 0.47779784062499997 0.5361785296875 0.332988940625 0.37115695937500004 0.3755256515625 0.41322340312500005 0.520334553125
2 0.14288855 0.4945602875 0.38005205468750003 0.4380960375 0.33123295 0.2872353265625 0.5230820640625 0.24245151874999998 0.4819566078125 0.10518022187500001 0.38972733437499996 0.1273976265625 0.369531865625 0.0578770453125 0.0411799984375 0.148738640625 0.14288855 0.4945602875
6 0.49027534531250005 0.862575253125 0.6935497953125 0.8101783078125001 0.6105063171875 0.5243106734375 0.40723186718750004 0.5767076203125 0.49027534531250005 0.862575253125
0 1 0.37708577656250003 0.9576254109375 0.23121611718750001 0.8317256890625 0.263668603125 0.8752490921874999 0.4134929234375 1 0.3813365609375 1 0.37708577656250003
0 0.7274078562499999 0.9476810828125 0.9859669578125001 0.8810337125000001 0.943943559375 0.7363729953125 0.685384459375 0.803020365625 0.7274078562499999 0.9476810828125
10 0.53205781875 0.9961853140624999 0.7339602140625 0.944142034375 0.691936815625 0.7994813140625 0.490034421875 0.8515245953124999 0.53205781875 0.9961853140624999
9 0.7193500734375 0.44441549062499996 0.8797981281249999 0.40305766875 0.838778046875 0.261850753125 0.6783299921875 0.303208575 0.7193500734375 0.44441549062499996
9 0.179952315625 0.648242821875 0.3514408375 0.6040391609375 0.3104207546875 0.46283224531249995 0.1389322328125 0.50703590625 0.179952315625 0.648242821875
9 0.37278604843749996 0.052664190624999996 0.2794945328125 0.08022782187500001 0.3363272421875 0.29529514218749997 0.5242621234375 0.24685219218749999 0.48361992656249997 0.10183545000000001 0.39464653906249997 0.12290729843749999 0.37278604843749996 0.052664190624999996
1 0.3130587265625 1 0.5274003734375 0.9447503234375001 0.42032696875 0.5761624296875001 0.17614699843749998 0.6391033671875 0.28098612031250003 1 0.3130587265625 1
1 0.6749273140625001 0.317048509375 0.9611287390625 0.24327592656250002 0.8906428125 0.0006362218749999999 0.610661309375 0.00226510625 0.5853771796875 0.0087824578125 0.6749273140625001 0.317048509375
7 0.682362978125 0.813061871875 0.9450656828125 0.745346428125 0.8620222046875 0.45947879374999995 0.5993195 0.5271942375 0.682362978125 0.813061871875
0 0.14015804062499998 0.5011696828125001 0.036101209375 0.1429659921875 0.0059055078125 0.1507493734375 0.019992425 0.49646709062500005 0.0296344765625 0.5296587421875001 0.14015804062499998 0.5011696828125001