3 0.3903428625 0.47122904375 0.5760951984375 0.504855403125 0.5958935109375 0.34476419687500004 0.41014117656250004 0.3111378375 0.3903428625 0.47122904375
2 0.166071875 0 0.1272280796875 0.32322056718750003 0.3921713 0.3760913984375 0.40773034687500004 0.20703869843749997 0.6216665796874999 0.2506758421875 0.6391676828125 0.09834996406249999 0.536023428125 0.0780417375 0.5455283015625 0.0011843468750000002 0.5382822625 0 0.166071875 0
6 0.3208613 0.8394175046875001 0.5496720171875 0.880838634375 0.588755921875 0.5648021609375 0.359945203125 0.52338103125 0.3208613 0.8394175046875001
0 1 0.42513366250000006 0.925608671875 0.4116667546875 0.9051246484375 0.5773026812500001 0.9922710234375 0.593078609375 1 0.53058130625 1 0.42513366250000006
0 0.82722014375 0.9899367187499999 0.83551736875 0.92284450625 0.5444768921875001 0.8701580515625 0.531791928125 0.9727299859375 0.82722014375 0.9899367187499999
10 0.3253842265625 0.8285507125 0.3115375625 0.9405162640625001 0.46941868906249995 0.9690971578124999 0.539849915625 0.9731993093750001 0.552650525 0.8696922593749999 0.3253842265625 0.8285507125
9 0.7336368578125 0.5365184828125 0.9142411312500001 0.5692128984375 0.9335469812499999 0.4131038109375 0.75294270625 0.3804093921875 0.7336368578125 0.5365184828125
9 0.0985267859375 0.48967512968750004 0.291558478125 0.52461925625 0.310864328125 0.36851016875 0.1178326359375 0.333566040625 0.0985267859375 0.48967512968750004
9 0.441861990625 0 0.40942106093749997 0.21720083906249998 0.62096518125 0.2554962328125 0.64229795 0.09585029687499999 0.542950740625 0.0759073453125 0.5508281328125 0 0.441861990625 0
1 0.0482159625 0.8865346593749999 0.3230709375 0.9362910859375001 0.373464378125 0.5288045296874999 0.098609403125 0.47904810312499996 0.0482159625 0.8865346593749999
1 1 0.09033634375 0.7856665359375 0.051536000000000005 0.7435203140625 0.3923346921875 1 0.438764678125 1 0.09033634375
7 0.537079859375 0.8785591015625 0.83278448125 0.9320898968750001 0.8718683859375 0.6160534234374999 0.5761637625 0.5625226296875 0.537079859375 0.8785591015625
0 0.05084962656250001 0 0.0126738796875 0.3086930265625 0.12160685 0.3284129375 0.1622213390625 0 0.05084962656250001 0