3 0.43723880625 0.49100115000000005 0.6055317171875 0.49100115000000005 0.6055317171875 0.3448101265625 0.43723880625 0.3448101265625 0.43723880625 0.49100115000000005
2 0.519524253125 0.11626006874999999 0.42589552187499996 0.11772151875 0.4247108203125 0.25660529374999996 0.6190764921875 0.25222094375 0.6143376859375 0.405730725 0.8549160453125 0.401346375 0.856100746875 0.051921748437500005 0.519524253125 0.04607595 0.519524253125 0.11626006874999999
6 0.4194496265625 0.8310932109375001 0.62675373125 0.8310932109375001 0.62675373125 0.5424971234375 0.4194496265625 0.5424971234375 0.4194496265625 0.8310932109375001
0 0.0022854484375 0.50250863125 0.13772388124999999 0.50250863125 0.13772388124999999 0.351254315625 0.0022854484375 0.351254315625 0.0022854484375 0.50250863125
0 0.1615391796875 0.9684349828125001 0.42522388125 0.9684349828125001 0.42522388125 0.82239355625 0.1615391796875 0.82239355625 0.1615391796875 0.9684349828125001
10 0.4180317171875 0.9666973531249999 0.6239365671875 0.9666973531249999 0.6239365671875 0.8206559265625 0.4180317171875 0.8206559265625 0.4180317171875 0.9666973531249999
9 0.1305317171875 0.49380897656249995 0.2941604484375 0.49380897656249995 0.2941604484375 0.351254315625 0.1305317171875 0.351254315625 0.1305317171875 0.49380897656249995
9 0.68722015 0.5546605296875 0.8621082093749999 0.5546605296875 0.8621082093749999 0.41210586875 0.68722015 0.41210586875 0.68722015 0.5546605296875
9 0.611110075 0.045270424999999996 0.515 0.0419677796875 0.513619403125 0.1132336015625 0.423395521875 0.1149827390625 0.42480410468749996 0.26102416562499997 0.6164645515625 0.26102416562499997 0.611110075 0.045270424999999996
1 0.6141791046875 0.9172612203125 0.8631996265625 0.9172612203125 0.8631996265625 0.5451553515625001 0.6141791046875 0.5451553515625001 0.6141791046875 0.9172612203125
1 0 0.3634292296875 0.3012033578125 0.3634292296875 0.3012033578125 0.052220943750000005 0 0.052220943750000005 0 0.3634292296875
7 0.16294776093750002 0.8310932109375001 0.430858209375 0.8310932109375001 0.430858209375 0.5424971234375 0.16294776093750002 0.5424971234375 0.16294776093750002 0.8310932109375001
0 0.8593283578124999 0.40689297968749993 0.9720429109375001 0.40689297968749993 0.9720429109375001 0.045270424999999996 0.8593283578124999 0.045270424999999996 0.8593283578124999 0.40689297968749993