3 0.5898588234375 0.3111378375 0.4041064890625 0.34476419687500004 0.42390480156250004 0.504855403125 0.6096571375 0.47122904375 0.5898588234375 0.3111378375
2 0.4617177375 0 0.4544716984375 0.0011843468750000002 0.46397657187499997 0.0780417375 0.3608323171875 0.09834996406249999 0.3783334203125 0.2506758421875 0.592269653125 0.20703869843749997 0.6078287 0.3760913984375 0.8727719203125 0.32322056718750003 0.8339281250000001 0 0.4617177375 0
6 0.640054796875 0.52338103125 0.411244078125 0.5648021609375 0.45032798281249997 0.880838634375 0.6791387 0.8394175046875001 0.640054796875 0.52338103125
0 0 0.53058130625 0.007728976562500001 0.593078609375 0.0948753515625 0.5773026812500001 0.074391328125 0.4116667546875 0 0.42513366250000006 0 0.53058130625
0 0.468208071875 0.9727299859375 0.4555231078125 0.8701580515625 0.16448263125 0.92284450625 0.17277985625 0.9899367187499999 0.468208071875 0.9727299859375
10 0.44734947500000005 0.8696922593749999 0.46015008437500005 0.9731993093750001 0.5305813109375 0.9690971578124999 0.6884624374999999 0.9405162640625001 0.6746157734375 0.8285507125 0.44734947500000005 0.8696922593749999
9 0.24705729375000002 0.3804093921875 0.06645301875000001 0.4131038109375 0.08575886875 0.5692128984375 0.2663631421875 0.5365184828125 0.24705729375000002 0.3804093921875
9 0.8821673640625001 0.333566040625 0.689135671875 0.36851016875 0.708441521875 0.52461925625 0.9014732140625 0.48967512968750004 0.8821673640625001 0.333566040625
9 0.44917186718749996 0 0.457049259375 0.0759073453125 0.35770205 0.09585029687499999 0.37903481875 0.2554962328125 0.5905789390625 0.21720083906249998 0.558138009375 0 0.44917186718749996 0
1 0.901390596875 0.47904810312499996 0.626535621875 0.5288045296874999 0.6769290625 0.9362910859375001 0.9517840375000001 0.8865346593749999 0.901390596875 0.47904810312499996
1 0 0.438764678125 0.2564796859375 0.3923346921875 0.2143334640625 0.051536000000000005 0 0.09033634375 0 0.438764678125
7 0.42383623750000005 0.5625226296875 0.1281316140625 0.6160534234374999 0.16721551875000001 0.9320898968750001 0.462920140625 0.8785591015625 0.42383623750000005 0.5625226296875
0 0.8377786609375001 0 0.87839315 0.3284129375 0.9873261203125001 0.3086930265625 0.9491503734375 0 0.8377786609375001 0