3 0.628843040625 0.3755256515625 0.4638214703125 0.332988940625 0.42175502812500004 0.47779784062499997 0.586776596875 0.520334553125 0.628843040625 0.3755256515625
2 0.9588200015625 0.148738640625 0.630468134375 0.0578770453125 0.6102726656249999 0.1273976265625 0.5180433921875001 0.10518022187500001 0.47691793593750004 0.24245151874999998 0.66876705 0.2872353265625 0.6199479453125 0.4380960375 0.85711145 0.4945602875 0.9588200015625 0.148738640625
6 0.5927681328125 0.5767076203125 0.3894936828125 0.5243106734375 0.3064502046875 0.8101783078125001 0.5097246546875 0.862575253125 0.5927681328125 0.5767076203125
0 0 0.3813365609375 0.1247509078125 0.4134929234375 0.1682743109375 0.263668603125 0.0423745890625 0.23121611718750001 0 0.37708577656250003 0 0.3813365609375
0 0.314615540625 0.803020365625 0.056056440625 0.7363729953125 0.0140330421875 0.8810337125000001 0.27259214374999996 0.9476810828125 0.314615540625 0.803020365625
10 0.509965578125 0.8515245953124999 0.308063184375 0.7994813140625 0.2660397859375 0.944142034375 0.46794218125000003 0.9961853140624999 0.509965578125 0.8515245953124999
9 0.3216700078125 0.303208575 0.161221953125 0.261850753125 0.120201871875 0.40305766875 0.2806499265625 0.44441549062499996 0.3216700078125 0.303208575
9 0.8610677671875001 0.50703590625 0.6895792453125 0.46283224531249995 0.6485591625 0.6040391609375 0.820047684375 0.648242821875 0.8610677671875001 0.50703590625
9 0.6053534609375 0.12290729843749999 0.5163800734375 0.10183545000000001 0.4757378765625 0.24685219218749999 0.6636727578125 0.29529514218749997 0.7205054671875 0.08022782187500001 0.6272139515624999 0.052664190624999996 0.6053534609375 0.12290729843749999
1 0.7190138796875 1 0.8238530015625001 0.6391033671875 0.57967303125 0.5761624296875001 0.4725996265625 0.9447503234375001 0.6869412734375 1 0.7190138796875 1
1 0.41462282031250003 0.0087824578125 0.389338690625 0.00226510625 0.10935718750000001 0.0006362218749999999 0.0388712609375 0.24327592656250002 0.3250726859375 0.317048509375 0.41462282031250003 0.0087824578125
7 0.4006805 0.5271942375 0.1379777953125 0.45947879374999995 0.054934317187500005 0.745346428125 0.317637021875 0.813061871875 0.4006805 0.5271942375
0 0.9703655234375 0.5296587421875001 0.9800075749999999 0.49646709062500005 0.9940944921874999 0.1507493734375 0.963898790625 0.1429659921875 0.859841959375 0.5011696828125001 0.9703655234375 0.5296587421875001