7 0.5779741375 0.8251246875 0.8039482765624999 0.8251246875 0.8039482765624999 0.51309226875 0.5779741375 0.51309226875 0.5779741375 0.8251246875
0 0.5807844828125 0.935436409375 0.8043965515625 0.935436409375 0.8043965515625 0.81604738125 0.5807844828125 0.81604738125 0.5807844828125 0.935436409375
0 0.0053275859375 0.5253366578125 0.1213965515625 0.5253366578125 0.1213965515625 0.31301745625 0.0053275859375 0.31301745625 0.0053275859375 0.5253366578125
9 0.3168017234375 0.5132169578125 0.4272844828125 0.5132169578125 0.4272844828125 0.2362468828125 0.3168017234375 0.2362468828125 0.3168017234375 0.5132169578125
5 0.7038793109375 0.3032169578125 0.9015948281249999 0.3032169578125 0.9015948281249999 0.19089775625 0.7038793109375 0.19089775625 0.7038793109375 0.3032169578125
1 0.2218275859375 0.9233167078125 0.4244913796875 0.9233167078125 0.4244913796875 0.5796882796875 0.2218275859375 0.5796882796875 0.2218275859375 0.9233167078125
3 0.46863793125 0.5296633421875 0.6131810343749999 0.5296633421875 0.6131810343749999 0.3761596015625 0.46863793125 0.3761596015625 0.46863793125 0.5296633421875
9 0.1045 0.26069825468749996 0.29878448281250003 0.26069825468749996 0.29878448281250003 0.0907980046875 0.1045 0.0907980046875 0.1045 0.26069825468749996
6 0.42155172343749997 0.8768578546875 0.5893017234375 0.8768578546875 0.5893017234375 0.5817082296875 0.42155172343749997 0.5817082296875 0.42155172343749997 0.8768578546875
2 0.3206034484375 0.5891521203125001 0.3218017234375 0.24180797968749998 0.298793103125 0.24177057343750002 0.2999741375 0.0926932671875 0.1058965515625 0.0891770578125 0.1058965515625 0.5891770578125 0.3206034484375 0.5891521203125001
10 0.4131724140625 0.9718079796874999 0.5906982765625 0.9718079796874999 0.5906982765625 0.864526184375 0.4131724140625 0.864526184375 0.4131724140625 0.9718079796874999