7 0.12795879375000002 0.5652771671875 0.110238215625 0.7993477796875 0.43355713281249997 0.8181962125 0.4512777109375 0.5841255984375 0.12795879375000002 0.5652771671875
0 0 0.7933876375 0.1196087046875 0.800360434375 0.1371440515625 0.568736521875 0.013436615625 0.5615247828125 0 0.7390086515625 0 0.7933876375
0 0.48275631875 0 0.4743946109375 0.1104495703125 0.6943935921875 0.1232747890625 0.7031021140625 0.0082441671875 0.561684765625 0 0.48275631875 0
9 0.471629290625 0.31358805156249997 0.4629653859375 0.42802932031249996 0.749953721875 0.4447597984375 0.7586176265625 0.33031852968750003 0.471629290625 0.31358805156249997
5 0.65887109375 0.72721945 0.6433665171875 0.9320189593749999 0.7597484078125001 0.9388036421875 0.775252984375 0.7340041312500001 0.65887109375 0.72721945
1 0.054143598437499996 0.19043883749999999 0.038250984375000005 0.400363915625 0.39430876718749996 0.4211209171875 0.41020138125 0.2111958390625 0.054143598437499996 0.19043883749999999
3 0.44268124062499997 0.46987097968749997 0.43134637187499997 0.6195929484375 0.5904024828125001 0.6288653984375 0.601737353125 0.4791434296875 0.44268124062499997 0.46987097968749997
9 0.74993023125 0.1089332078125 0.7346947109374999 0.31017875156249997 0.9107404078125001 0.3204416375 0.9259759265625 0.11919609375 0.74993023125 0.1089332078125
6 0.0866208203125 0.4001253 0.073466096875 0.57388565 0.37929155312499996 0.5917142703125 0.3924462765625 0.41795392031249995 0.0866208203125 0.4001253
2 0.392649359375 0.312939096875 0.7524632859375 0.3351617546875 0.7543063484375 0.3113310125 0.908683303125 0.3215594328125 0.9275459906249999 0.12074059687500001 0.40946053437499996 0.0905379140625 0.392649359375 0.312939096875
10 0 0.5710557921875 0.0861343015625 0.5760771375 0.1000556328125 0.3921906640625 0 0.3863577484375 0 0.5710557921875