7 0.5487222890625 0.5841255984375 0.5664428671875 0.8181962125 0.889761784375 0.7993477796875 0.8720412062499999 0.5652771671875 0.5487222890625 0.5841255984375
0 1 0.7390086515625 0.986563384375 0.5615247828125 0.8628559484375 0.568736521875 0.8803912953124999 0.800360434375 1 0.7933876375 1 0.7390086515625
0 0.438315234375 0 0.2968978859375 0.0082441671875 0.3056064078125 0.1232747890625 0.5256053890625 0.1104495703125 0.51724368125 0 0.438315234375 0
9 0.24138237343750002 0.33031852968750003 0.250046278125 0.4447597984375 0.5370346140625 0.42802932031249996 0.5283707093750001 0.31358805156249997 0.24138237343750002 0.33031852968750003
5 0.224747015625 0.7340041312500001 0.2402515921875 0.9388036421875 0.3566334828125 0.9320189593749999 0.34112890625 0.72721945 0.224747015625 0.7340041312500001
1 0.58979861875 0.2111958390625 0.6056912328124999 0.4211209171875 0.9617490156249999 0.400363915625 0.9458564015625001 0.19043883749999999 0.58979861875 0.2111958390625
3 0.398262646875 0.4791434296875 0.4095975171875 0.6288653984375 0.5686536281250001 0.6195929484375 0.557318759375 0.46987097968749997 0.398262646875 0.4791434296875
9 0.0740240734375 0.11919609375 0.0892595921875 0.3204416375 0.2653052890625 0.31017875156249997 0.25006976875000003 0.1089332078125 0.0740240734375 0.11919609375
6 0.6075537234375 0.41795392031249995 0.6207084468749999 0.5917142703125 0.9265339031250001 0.57388565 0.9133791796875 0.4001253 0.6075537234375 0.41795392031249995
2 0.590539465625 0.0905379140625 0.07245400937499999 0.12074059687500001 0.091316696875 0.3215594328125 0.24569365156249998 0.3113310125 0.2475367140625 0.3351617546875 0.607350640625 0.312939096875 0.590539465625 0.0905379140625
10 1 0.3863577484375 0.8999443671874999 0.3921906640625 0.9138656984375 0.5760771375 1 0.5710557921875 1 0.3863577484375