7 0.42202586249999996 0.51309226875 0.1960517234375 0.51309226875 0.1960517234375 0.8251246875 0.42202586249999996 0.8251246875 0.42202586249999996 0.51309226875
0 0.4192155171875 0.81604738125 0.1956034484375 0.81604738125 0.1956034484375 0.935436409375 0.4192155171875 0.935436409375 0.4192155171875 0.81604738125
0 0.9946724140625 0.31301745625 0.8786034484374999 0.31301745625 0.8786034484374999 0.5253366578125 0.9946724140625 0.5253366578125 0.9946724140625 0.31301745625
9 0.6831982765625 0.2362468828125 0.5727155171875 0.2362468828125 0.5727155171875 0.5132169578125 0.6831982765625 0.5132169578125 0.6831982765625 0.2362468828125
5 0.2961206890625 0.19089775625 0.098405171875 0.19089775625 0.098405171875 0.3032169578125 0.2961206890625 0.3032169578125 0.2961206890625 0.19089775625
1 0.7781724140625 0.5796882796875 0.5755086203124999 0.5796882796875 0.5755086203124999 0.9233167078125 0.7781724140625 0.9233167078125 0.7781724140625 0.5796882796875
3 0.53136206875 0.3761596015625 0.386818965625 0.3761596015625 0.386818965625 0.5296633421875 0.53136206875 0.5296633421875 0.53136206875 0.3761596015625
9 0.8955 0.0907980046875 0.7012155171875001 0.0907980046875 0.7012155171875001 0.26069825468749996 0.8955 0.26069825468749996 0.8955 0.0907980046875
6 0.5784482765625001 0.5817082296875 0.4106982765625 0.5817082296875 0.4106982765625 0.8768578546875 0.5784482765625001 0.8768578546875 0.5784482765625001 0.5817082296875
2 0.8941034484375001 0.5891770578125 0.8941034484375001 0.0891770578125 0.7000258625 0.0926932671875 0.701206896875 0.24177057343750002 0.6781982765625 0.24180797968749998 0.6793965515625 0.5891521203125001 0.8941034484375001 0.5891770578125
10 0.5868275859375001 0.864526184375 0.4093017234375 0.864526184375 0.4093017234375 0.9718079796874999 0.5868275859375001 0.9718079796874999 0.5868275859375001 0.864526184375