7 0.7961663437500001 0.49514773749999996 0.553514990625 0.4894953734375 0.5612999578125 0.8242411578125 0.8039513093749999 0.829893521875 0.7961663437500001 0.49514773749999996
0 0.804206196875 0.8201666734374999 0.5640912375 0.8145733937499999 0.5670699015625 0.9426529484374999 0.8071848609375 0.94824623125 0.804206196875 0.8201666734374999
0 0.06354681250000001 0.49121052968749995 0.058249614062499996 0.26343625625 0.0017620296875 0.26212042343749997 0.0029343 0.46361652031249995 0.0035435296875 0.48981280156249996 0.06354681250000001 0.49121052968749995
9 0.3847971453125 0.188728696875 0.2661606015625 0.18596515625 0.273070790625 0.48309634843750004 0.391707334375 0.485859890625 0.3847971453125 0.188728696875
5 0.892980846875 0.1519426078125 0.6806736421874999 0.1469970859375 0.68347591875 0.26749219062499996 0.8957831234375 0.27243771250000004 0.892980846875 0.1519426078125
1 0.390366503125 0.5570999046875 0.1727458328125 0.5520306109375 0.18131909531249998 0.9206723328124999 0.398939765625 0.9257416265625 0.390366503125 0.5570999046875
3 0.58790384375 0.34347578749999996 0.4326932515625 0.339860284375 0.4365230515625 0.5045378203124999 0.5917336421875 0.5081533234375 0.58790384375 0.34347578749999996
9 0.243184825 0.0294781375 0.0345618703125 0.0246184375 0.03880075 0.2068860109375 0.2474237046875 0.2117457109375 0.243184825 0.0294781375
6 0.5673904828125 0.5633893453125001 0.3872602953125 0.5591933609375 0.3946240484375 0.875827425 0.5747542359375 0.8800234093749999 0.5673904828125 0.5633893453125001
2 0.24696073125 0.1914404703125 0.2445095640625 0.0315411171875 0.036021046875000004 0.02291443125 0.048495659375 0.559310271875 0.2790476109375 0.564654053125 0.27166835312500004 0.192056121875 0.24696073125 0.1914404703125
10 0.5759461906250001 0.8668290296875 0.3853186671875 0.8623885171874999 0.3879334875 0.9748231421875 0.51018124375 0.9798043562500001 0.57861065625 0.9813983640625 0.5759461906250001 0.8668290296875