7 0.19604869062500002 0.829893521875 0.43870004218750003 0.8242411578125 0.446485009375 0.4894953734375 0.20383365625 0.49514773749999996 0.19604869062500002 0.829893521875
0 0.1928151390625 0.94824623125 0.4329300984375 0.9426529484374999 0.4359087625 0.8145733937499999 0.195793803125 0.8201666734374999 0.1928151390625 0.94824623125
0 0.9964564703125 0.48981280156249996 0.9970656999999999 0.46361652031249995 0.9982379703125 0.26212042343749997 0.9417503859374999 0.26343625625 0.9364531875000001 0.49121052968749995 0.9964564703125 0.48981280156249996
9 0.608292665625 0.485859890625 0.7269292093749999 0.48309634843750004 0.7338393984375 0.18596515625 0.6152028546875 0.188728696875 0.608292665625 0.485859890625
5 0.1042168765625 0.27243771250000004 0.31652408125 0.26749219062499996 0.31932635781249996 0.1469970859375 0.10701915312500002 0.1519426078125 0.1042168765625 0.27243771250000004
1 0.601060234375 0.9257416265625 0.8186809046875 0.9206723328124999 0.8272541671875 0.5520306109375 0.609633496875 0.5570999046875 0.601060234375 0.9257416265625
3 0.4082663578125 0.5081533234375 0.5634769484375 0.5045378203124999 0.5673067484375001 0.339860284375 0.41209615624999996 0.34347578749999996 0.4082663578125 0.5081533234375
9 0.7525762953124999 0.2117457109375 0.96119925 0.2068860109375 0.9654381296875 0.0246184375 0.7568151750000001 0.0294781375 0.7525762953124999 0.2117457109375
6 0.4252457640625 0.8800234093749999 0.6053759515625 0.875827425 0.6127397046875 0.5591933609375 0.4326095171875 0.5633893453125001 0.4252457640625 0.8800234093749999
2 0.728331646875 0.192056121875 0.7209523890625 0.564654053125 0.9515043406249999 0.559310271875 0.963978953125 0.02291443125 0.7554904359375 0.0315411171875 0.75303926875 0.1914404703125 0.728331646875 0.192056121875
10 0.42138934375000003 0.9813983640625 0.48981875625000004 0.9798043562500001 0.6120665125 0.9748231421875 0.6146813328125 0.8623885171874999 0.424053809375 0.8668290296875 0.42138934375000003 0.9813983640625