5 0.6165517234375 0.5917896015624999 0.45499999999999996 0.5917896015624999 0.45499999999999996 0.690471584375 0.6165517234375 0.690471584375 0.6165517234375 0.5917896015624999
3 0.7679051718750001 0.514389359375 0.6657586203125 0.514389359375 0.6657586203125 0.6737484890625 0.7679051718750001 0.6737484890625 0.7679051718750001 0.514389359375
9 0.6233534484375001 0.1605441359375 0.5153275859375 0.1605441359375 0.5153275859375 0.2952237 0.6233534484375001 0.2952237 0.6233534484375001 0.1605441359375
6 0.9318103453125 0.503978234375 0.7745775859374999 0.503978234375 0.7745775859374999 0.702636034375 0.9318103453125 0.702636034375 0.9318103453125 0.503978234375
0 0.784181034375 0.07637243125 0.6125517234375 0.07637243125 0.6125517234375 0.20599758124999998 0.784181034375 0.20599758124999998 0.784181034375 0.07637243125
10 1 0.5056590078125 0.9246034484375001 0.5056590078125 0.9246034484375001 0.69926239375 1 0.69926239375 1 0.5056590078125
1 0.9594137937499999 0.113409915625 0.7745775859374999 0.113409915625 0.7745775859374999 0.394546553125 0.9594137937499999 0.394546553125 0.9594137937499999 0.113409915625
1 0.6161465515625 0.2868077390625 0.40971551718750004 0.2868077390625 0.40971551718750004 0.5881499390625 0.6161465515625 0.5881499390625 0.6161465515625 0.2868077390625
9 0.9618103453125 0.3760338578125 0.82858620625 0.3760338578125 0.82858620625 0.5174486093749999 0.9618103453125 0.5174486093749999 0.9618103453125 0.3760338578125
7 0.77836206875 0.46106408749999994 0.6190603453125 0.46106408749999994 0.6190603453125 0.6924062875 0.77836206875 0.6924062875 0.77836206875 0.46106408749999994
7 0.784181034375 0.187484884375 0.611344828125 0.187484884375 0.611344828125 0.45828294999999997 0.784181034375 0.45828294999999997 0.784181034375 0.187484884375