5 0.46989415625 0.3984810546875 0.64285775 0.40756231249999997 0.6521007562500001 0.30172055000000003 0.4791371640625 0.2926392921875 0.46989415625 0.3984810546875
3 0.688290915625 0.493344309375 0.7976530078125 0.4990862421875 0.8125793140625 0.328164959375 0.703217221875 0.3224230265625 0.688290915625 0.493344309375
9 0.49409079843750003 0.86440630625 0.6097475109375 0.8704787296875001 0.622362215625 0.726027615625 0.5067055046875 0.719955190625 0.49409079843750003 0.86440630625
6 0.972161140625 0.5194662859375 0.9883223515624999 0.3344041109375 0.9893031359375 0.306318128125 0.8224288015625 0.2975565796875 0.8038216015625 0.5106278093750001 0.972161140625 0.5194662859375
0 0.590298853125 0.9601502390625001 0.7740519046875 0.9697979859375 0.7861931921875 0.830768003125 0.602440140625 0.8211202578125001 0.590298853125 0.9601502390625001
10 0.9816405125 0.5181530046875 0.9820823984375 0.5130929562500001 0.98917643125 0.3099464765625 0.982736365625 0.30960834843749996 0.9646025843749999 0.517258446875 0.9816405125 0.5181530046875
1 0.7672391796875 0.9295334453124999 0.9449006625 0.9388613609375 0.9712332109374999 0.63732711875 0.7935717265625 0.627999203125 0.7672391796875 0.9295334453124999
1 0.3928448171875 0.723045025 0.6138579546875 0.7346490703125 0.6420830484375 0.4114432703125 0.42106991093749996 0.39983922656250004 0.3928448171875 0.723045025
9 0.9694992265625 0.657182984375 0.9820824 0.5130929515625 0.9823479984375 0.5054871875 0.8629070390625 0.499216075 0.8496614843750001 0.650891040625 0.9694992265625 0.657182984375
7 0.633299225 0.547913509375 0.8038538796875001 0.5568682875000001 0.8255224515625 0.308741271875 0.6549677968750001 0.29978649218750003 0.633299225 0.547913509375
7 0.59941400625 0.8409082828125 0.78445920625 0.850623871875 0.8098233968749999 0.56017830625 0.6247781953125 0.5504627171875 0.59941400625 0.8409082828125