9 0.46312796718750004 0.1498564625 0.45631887656250003 0.060043374999999996 0.2409082875 0.07761824375000001 0.2477173796875 0.1674313328125 0.46312796718750004 0.1498564625
3 0.7072713015625001 0.25350750781250003 0.6996864296874999 0.1534617359375 0.5500377234375 0.165671240625 0.557622596875 0.2657170125 0.7072713015625001 0.25350750781250003
4 0.5315096875 0.6943516625 0.5252923296875001 0.6123436265625 0.2901397015625 0.6315292078125 0.2963570609375 0.7135372421875 0.5315096875 0.6943516625
4 0.9456321421875 0.6772572734375 0.9378611390625 0.574756390625 0.7870669921875 0.58705935 0.7948379937500001 0.68956023125 0.9456321421875 0.6772572734375
1 0.4978725796875 0.29829055000000004 0.48588235625 0.1401374328125 0.168139946875 0.1660613296875 0.1801301703125 0.3242144453125 0.4978725796875 0.29829055000000004
0 0.440959040625 0 0.33323122031249996 0.0087892734375 0.3379977234375 0.0716602671875 0.45107649062500005 0.062434421875 0.44634308593750005 0 0.440959040625 0
0 0.44674499687499997 0.43408820937500003 0.43786345156250006 0.3169391109375 0.322982296875 0.3263120078125 0.3318638421875 0.44346110781250003 0.44674499687499997 0.43408820937500003
6 0.7773236484375 0.4346221328125 0.9898200953125 0.4172850203125 0.9770895109375 0.2493664234375 0.764593065625 0.26670353593749996 0.7773236484375 0.4346221328125
0 0.8156454703125 0.77331828125 0.8109088328125 0.710841203125 0.572168278125 0.7303195140625001 0.576904915625 0.7927965921875 0.8156454703125 0.77331828125
10 0.806471959375 0.2711492796875 0.9776819359375001 0.2571806375 0.9710207796875 0.1693188140625 0.7998108 0.18328745468750002 0.806471959375 0.2711492796875
9 0.535760140625 0.797139778125 0.527323090625 0.6858536296875 0.2975439375 0.7046007999999999 0.3059809875 0.815886946875 0.535760140625 0.797139778125
9 0.9922435546875 0.6665872937499999 0.7908000234375 0.6830226234375 0.797609115625 0.7728357109374999 0.991191021875 0.75704179375 0.9922435546875 0.6665872937499999
9 0.9150621359375 0.17879729687499998 0.9055145453125 0.052862929687500004 0.7493469234375 0.0656042984375 0.7588945140625001 0.191538665625 0.9150621359375 0.17879729687499998
1 0.8098721734375 0.7197469546875 0.79359119375 0.504998034375 0.5117449359374999 0.52799324375 0.5280259140625 0.7427421640625 0.8098721734375 0.7197469546875
1 0.440959040625 0 0.43195826562499995 0.000734353125 0.44316368125 0.1485356953125 0.7626916296874999 0.12246612187499999 0.75340698125 0 0.440959040625 0
2 0.5083968953125 0.44739182812499995 0.169292575 0.47502172500000006 0.1860224640625 0.64427318125 0.291461853125 0.637790646875 0.30615119687500003 0.8136608546874999 0.532315478125 0.7973102109375 0.5083968953125 0.44739182812499995
7 0.7729092578125 0.42222523437500004 0.76165939375 0.273837596875 0.43273207812500003 0.30067404375 0.44398194062499996 0.4490616828125 0.7729092578125 0.42222523437500004