9 0.05492171875 0.5947538203125 0.138570790625 0.611631790625 0.18481957031250001 0.409960615625 0.10117049843749999 0.3930826453125 0.05492171875 0.5947538203125
3 0.2243109578125 0.3344880046875 0.317490428125 0.3532889359375 0.34962009374999997 0.2131851875 0.25644062343749996 0.19438425937499998 0.2243109578125 0.3344880046875
4 0.5729077265625 0.69222293125 0.64928741875 0.7076341515625 0.6997748265625 0.48748013125 0.623395134375 0.4720689125 0.5729077265625 0.69222293125
4 0.676027140625 0.2259805046875 0.7714932234375 0.245242809375 0.803868815625 0.10406667812499999 0.7084027328125 0.084804375 0.676027140625 0.2259805046875
1 0.11433475156249999 0.684110465625 0.26163356718749997 0.7138311203125001 0.3298530484375 0.4163550984375 0.1825542328125 0.38663444375 0.11433475156249999 0.684110465625
0 0 0.488714321875 0.0775524609375 0.504362171875 0.10183053906249999 0.3984958453125 0.0142652140625 0.38082768749999996 0 0.44303219531250004 0 0.488714321875
0 0.304811471875 0.5836291203124999 0.4139204421875 0.6056441640625 0.43858549375000005 0.49809040937500004 0.3294765234375 0.476075365625 0.304811471875 0.5836291203124999
6 0.41581868125000004 0 0.378181790625 0.1641183984375 0.534575865625 0.1956742125 0.579449375 0 0.41581868125000004 0
0 0.74423269375 0.4595233 0.8024218671875 0.471264196875 0.8536796062500001 0.24775109374999998 0.79549043125 0.2360101953125 0.74423269375 0.4595233
10 0.3378151328125 0 0.31249220625 0.1104224703125 0.3943239328125 0.126933753125 0.4234333546875 0 0.3378151328125 0
9 0.6415029234375 0.7042484578125 0.7451513249999999 0.725161715625 0.7944850437500001 0.5100384375 0.6908366421875 0.489125178125 0.6415029234375 0.7042484578125
9 0.8480299890625 0.264134234375 0.8966042265624999 0.052322728124999995 0.812955153125 0.03544475625 0.764380915625 0.247256265625 0.8480299890625 0.264134234375
9 0.2198546296875 0 0.190884315625 0.12632716875 0.30817560624999996 0.14999316875 0.3417048859375 0.003786296875 0.3229395828125 0 0.2198546296875 0
1 0.5427674953125 0.4627636078125 0.7427778546875 0.50311993125 0.8032904109375 0.2392505140625 0.6032800515625001 0.19889419218749999 0.5427674953125 0.4627636078125
1 0.246453496875 0.128744890625 0.0797867296875 0.09511634218750001 0.011183892187499999 0.39426402031249996 0.177850659375 0.42789256875000004 0.246453496875 0.128744890625
2 0.55441826875 0.7907927015625 0.5789842640625 0.692623996875 0.7431759437500001 0.7244331390625 0.7936448781250001 0.5132349281249999 0.468496025 0.44508825625000004 0.3956565984375 0.7625541890624999 0.55441826875 0.7907927015625
7 0.31320154375000003 0.476586559375 0.4514051 0.504472053125 0.5220259890625 0.1965245203125 0.3838224328125 0.168639028125 0.31320154375000003 0.476586559375