9 0.1746034484375 0.3069984203125 0.09008620625 0.3069984203125 0.09008620625 0.5090205375 0.1746034484375 0.5090205375 0.1746034484375 0.3069984203125
3 0.2901724140625 0.588909953125 0.1960258625 0.588909953125 0.1960258625 0.7292575046875001 0.2901724140625 0.7292575046875001 0.2901724140625 0.588909953125
4 0.6890603453125 0.31374407656250003 0.61188793125 0.31374407656250003 0.61188793125 0.5342812 0.6890603453125 0.5342812 0.6890603453125 0.31374407656250003
4 0.7046724140625 0.780063190625 0.6082155171875 0.780063190625 0.6082155171875 0.9214849921875 0.7046724140625 0.9214849921875 0.7046724140625 0.780063190625
1 0.3160775859375 0.232922590625 0.16725 0.232922590625 0.16725 0.530916271875 0.3160775859375 0.530916271875 0.3160775859375 0.232922590625
0 0.0919224140625 0.3979146921875 0.00188793125 0.3979146921875 0.00188793125 0.5039652453125 0.0919224140625 0.5039652453125 0.0919224140625 0.3979146921875
0 0.43918103437499995 0.3659241703125 0.32893965468749997 0.3659241703125 0.32893965468749997 0.47366508749999997 0.43918103437499995 0.47366508749999997 0.43918103437499995 0.3659241703125
6 0.464905171875 0.7817535546875 0.30688793125 0.7817535546875 0.30688793125 0.988815165625 0.464905171875 0.988815165625 0.464905171875 0.7817535546875
0 0.784594828125 0.5696366515625 0.7258017234375 0.5696366515625 0.7258017234375 0.7935387046875 0.784594828125 0.7935387046875 0.784594828125 0.5696366515625
10 0.3142413796875 0.8204739343749999 0.2315603453125 0.8204739343749999 0.2315603453125 0.9905055296875 0.3142413796875 0.9905055296875 0.3142413796875 0.8204739343749999
9 0.7855172406250001 0.31548183281250003 0.680793103125 0.31548183281250003 0.680793103125 0.5309794625 0.7855172406250001 0.5309794625 0.7855172406250001 0.31548183281250003
9 0.7827672406249999 0.776761453125 0.69825 0.776761453125 0.69825 0.9922590843749999 0.7827672406249999 0.9922590843749999 0.7827672406249999 0.776761453125
9 0.236155171875 0.7817535546875 0.11764655156249999 0.7817535546875 0.11764655156249999 0.92821485 0.236155171875 0.92821485 0.236155171875 0.7817535546875
1 0.7340517234374999 0.5276145343749999 0.5319655171875 0.5276145343749999 0.5319655171875 0.791943128125 0.7340517234374999 0.791943128125 0.7340517234374999 0.5276145343749999
1 0.171844828125 0.4905055296875 0.0009741375 0.4905055296875 0.0009741375 0.790173775 0.171844828125 0.790173775 0.171844828125 0.4905055296875
2 0.78541379375 0.5277567140625 0.7834482765625 0.3157977890625 0.617844828125 0.314533965625 0.61586206875 0.21579778906249997 0.456293103125 0.212164296875 0.45632758593749995 0.5301895734375 0.78541379375 0.5277567140625
7 0.45297413750000004 0.4700315953125 0.31333620624999997 0.4700315953125 0.31333620624999997 0.7785150078124999 0.45297413750000004 0.7785150078124999 0.45297413750000004 0.4700315953125