9 0.8988295015625001 0.3930826453125 0.8151804296874999 0.409960615625 0.861429209375 0.611631790625 0.94507828125 0.5947538203125 0.8988295015625001 0.3930826453125
3 0.7435593765624999 0.19438425937499998 0.65037990625 0.2131851875 0.682509571875 0.3532889359375 0.7756890421875 0.3344880046875 0.7435593765624999 0.19438425937499998
4 0.376604865625 0.4720689125 0.3002251734375 0.48748013125 0.35071258125 0.7076341515625 0.42709227343749995 0.69222293125 0.376604865625 0.4720689125
4 0.2915972671875 0.084804375 0.196131184375 0.10406667812499999 0.2285067765625 0.245242809375 0.32397285937500003 0.2259805046875 0.2915972671875 0.084804375
1 0.8174457671875001 0.38663444375 0.6701469515625 0.4163550984375 0.7383664328124999 0.7138311203125001 0.8856652484374999 0.684110465625 0.8174457671875001 0.38663444375
0 1 0.44303219531250004 0.9857347859375001 0.38082768749999996 0.8981694609374999 0.3984958453125 0.9224475390625001 0.504362171875 1 0.488714321875 1 0.44303219531250004
0 0.6705234765625 0.476075365625 0.56141450625 0.49809040937500004 0.5860795578125 0.6056441640625 0.695188528125 0.5836291203124999 0.6705234765625 0.476075365625
6 0.420550625 0 0.46542413437499996 0.1956742125 0.621818209375 0.1641183984375 0.58418131875 0 0.420550625 0
0 0.20450956874999998 0.2360101953125 0.14632039375 0.24775109374999998 0.1975781328125 0.471264196875 0.25576730625 0.4595233 0.20450956874999998 0.2360101953125
10 0.5765666453125 0 0.6056760671875 0.126933753125 0.68750779375 0.1104224703125 0.6621848671875 0 0.5765666453125 0
9 0.30916335781250004 0.489125178125 0.20551495625 0.5100384375 0.25484867499999997 0.725161715625 0.3584970765625 0.7042484578125 0.30916335781250004 0.489125178125
9 0.23561908437499998 0.247256265625 0.187044846875 0.03544475625 0.10339577343749999 0.052322728124999995 0.1519700109375 0.264134234375 0.23561908437499998 0.247256265625
9 0.6770604171875 0 0.6582951140625 0.003786296875 0.6918243937499999 0.14999316875 0.8091156843749999 0.12632716875 0.7801453703125001 0 0.6770604171875 0
1 0.3967199484375 0.19889419218749999 0.1967095890625 0.2392505140625 0.2572221453125 0.50311993125 0.4572325046875 0.4627636078125 0.3967199484375 0.19889419218749999
1 0.822149340625 0.42789256875000004 0.9888161078125 0.39426402031249996 0.9202132703125001 0.09511634218750001 0.753546503125 0.128744890625 0.822149340625 0.42789256875000004
2 0.6043434015625 0.7625541890624999 0.531503975 0.44508825625000004 0.206355121875 0.5132349281249999 0.25682405625000004 0.7244331390625 0.42101573593749997 0.692623996875 0.44558173125 0.7907927015625 0.6043434015625 0.7625541890624999
7 0.6161775671874999 0.168639028125 0.4779740109375 0.1965245203125 0.5485949 0.504472053125 0.68679845625 0.476586559375 0.6161775671874999 0.168639028125