9 0.7522826203124999 0.1674313328125 0.7590917125 0.07761824375000001 0.5436811234375 0.060043374999999996 0.5368720328125 0.1498564625 0.7522826203124999 0.1674313328125
3 0.44237740312499996 0.2657170125 0.44996227656250004 0.165671240625 0.3003135703125 0.1534617359375 0.2927286984375 0.25350750781250003 0.44237740312499996 0.2657170125
4 0.7036429390625 0.7135372421875 0.7098602984375 0.6315292078125 0.4747076703125 0.6123436265625 0.4684903125 0.6943516625 0.7036429390625 0.7135372421875
4 0.20516200625 0.68956023125 0.21293300781250002 0.58705935 0.0621388609375 0.574756390625 0.054367857812499996 0.6772572734375 0.20516200625 0.68956023125
1 0.8198698296875 0.3242144453125 0.831860053125 0.1660613296875 0.51411764375 0.1401374328125 0.5021274203125 0.29829055000000004 0.8198698296875 0.3242144453125
0 0.5536569140625 0 0.548923509375 0.062434421875 0.6620022765625 0.0716602671875 0.6667687796874999 0.0087892734375 0.559040959375 0 0.5536569140625 0
0 0.6681361578125 0.44346110781250003 0.677017703125 0.3263120078125 0.5621365484374999 0.3169391109375 0.5532550031250001 0.43408820937500003 0.6681361578125 0.44346110781250003
6 0.235406934375 0.26670353593749996 0.0229104890625 0.2493664234375 0.0101799046875 0.4172850203125 0.2226763515625 0.4346221328125 0.235406934375 0.26670353593749996
0 0.423095084375 0.7927965921875 0.42783172187499996 0.7303195140625001 0.18909116718750002 0.710841203125 0.1843545296875 0.77331828125 0.423095084375 0.7927965921875
10 0.20018919999999998 0.18328745468750002 0.028979220312499998 0.1693188140625 0.0223180640625 0.2571806375 0.193528040625 0.2711492796875 0.20018919999999998 0.18328745468750002
9 0.6940190125 0.815886946875 0.7024560625 0.7046007999999999 0.47267690937499995 0.6858536296875 0.464239859375 0.797139778125 0.6940190125 0.815886946875
9 0.008808978125 0.75704179375 0.20239088437500002 0.7728357109374999 0.20919997656249997 0.6830226234375 0.0077564453125000005 0.6665872937499999 0.008808978125 0.75704179375
9 0.2411054859375 0.191538665625 0.2506530765625 0.0656042984375 0.0944854546875 0.052862929687500004 0.08493786406250001 0.17879729687499998 0.2411054859375 0.191538665625
1 0.4719740859375 0.7427421640625 0.4882550640625 0.52799324375 0.20640880625000002 0.504998034375 0.1901278265625 0.7197469546875 0.4719740859375 0.7427421640625
1 0.24659301875 0 0.2373083703125 0.12246612187499999 0.5568363187500001 0.1485356953125 0.568041734375 0.000734353125 0.559040959375 0 0.24659301875 0
2 0.467684521875 0.7973102109375 0.6938488031250001 0.8136608546874999 0.7085381468749999 0.637790646875 0.8139775359374999 0.64427318125 0.8307074249999999 0.47502172500000006 0.4916031046875 0.44739182812499995 0.467684521875 0.7973102109375
7 0.556018059375 0.4490616828125 0.567267921875 0.30067404375 0.23834060625000003 0.273837596875 0.2270907421875 0.42222523437500004 0.556018059375 0.4490616828125