3 0.6495354765625 0.22811291875 0.501682959375 0.19688921406249998 0.47545525624999996 0.34987075 0.6233077734375 0.38109445625 0.6495354765625 0.22811291875
2 0.993724084375 0.539350853125 0.9967280703125001 0.281188996875 0.8492087187499999 0.24741732343749998 0.81664300625 0.44551299375 0.7666665125 0.43495888593750004 0.68213794375 0.9198534 0.9195882125000001 0.9717722640625001 0.993724084375 0.539350853125
5 0.27862261093749996 0 0.2681799421875 0.0609102375 0.370828378125 0.0825876796875 0.3849875046875 0 0.27862261093749996 0
7 0.5028712421875 0.3561626875 0.2167387296875 0.29573681875 0.13645725625 0.7640044375 0.42258976718749997 0.8244303078125 0.5028712421875 0.3561626875
6 0.3883066234375 0 0.360267175 0.1635491421875 0.6528152140625 0.225329853125 0.690126553125 0.007699428125 0.6536677203125 0 0.3883066234375 0
1 0 0.5995958124999999 0.1699315328125 0.6354821953124999 0.25065031718749997 0.1646638203125 0.043885725 0.1209989796875 0 0.3769766375 0 0.5995958124999999
9 0.849766815625 0.24220932187500002 0.6567563734374999 0.201449103125 0.6224581046875 0.40150482343749994 0.8154685484374999 0.44226504375 0.849766815625 0.24220932187500002
9 0.9967819328124999 0.276560065625 0.8475216765625 0.2450390734375 0.8139668375 0.4407585125 0.9944278609375001 0.4788685265625 0.9967819328124999 0.276560065625
9 0.12881263437499998 0 0.105051521875 0.1385943578125 0.2514363125 0.16950810624999998 0.2804973875 0 0.12881263437499998 0
1 0.467257346875 0.5544075734375 0.397571909375 0.960870396875 0.44901309375 0.9717338203124999 0.6695117765624999 0.983289665625 0.7334048015625 0.61061296875 0.467257346875 0.5544075734375
0 0.1300722125 0.7448414953125 0.103676146875 0.8988050734374999 0.4055567015625 0.9625566359375 0.4319527671875 0.8085930593749999 0.1300722125 0.7448414953125
10 0.7834611953125 0.2529198546875 0.8207725328125001 0.035289431249999996 0.68686801875 0.007011284375 0.64955668125 0.224641709375 0.7834611953125 0.2529198546875