3 0.3766922265625 0.38109445625 0.52454474375 0.34987075 0.49831704062500004 0.19688921406249998 0.3504645234375 0.22811291875 0.3766922265625 0.38109445625
2 0.0804117875 0.9717722640625001 0.31786205624999997 0.9198534 0.2333334875 0.43495888593750004 0.18335699375 0.44551299375 0.15079128125000002 0.24741732343749998 0.0032719296875 0.281188996875 0.0062759156250000005 0.539350853125 0.0804117875 0.9717722640625001
5 0.6150124953125 0 0.6291716218750001 0.0825876796875 0.7318200578125 0.0609102375 0.7213773890625 0 0.6150124953125 0
7 0.5774102328125 0.8244303078125 0.8635427437500001 0.7640044375 0.7832612703125 0.29573681875 0.4971287578125 0.3561626875 0.5774102328125 0.8244303078125
6 0.3463322796875 0 0.309873446875 0.007699428125 0.3471847859375 0.225329853125 0.6397328250000001 0.1635491421875 0.6116933765625 0 0.3463322796875 0
1 1 0.3769766375 0.956114275 0.1209989796875 0.7493496828125 0.1646638203125 0.8300684671875 0.6354821953124999 1 0.5995958124999999 1 0.3769766375
9 0.1845314515625 0.44226504375 0.3775418953125 0.40150482343749994 0.34324362656249996 0.201449103125 0.150233184375 0.24220932187500002 0.1845314515625 0.44226504375
9 0.0055721390625 0.4788685265625 0.1860331625 0.4407585125 0.1524783234375 0.2450390734375 0.0032180671874999997 0.276560065625 0.0055721390625 0.4788685265625
9 0.7195026125 0 0.7485636875 0.16950810624999998 0.894948478125 0.1385943578125 0.8711873656250001 0 0.7195026125 0
1 0.2665951984375 0.61061296875 0.3304882234375 0.983289665625 0.55098690625 0.9717338203124999 0.6024280906249999 0.960870396875 0.532742653125 0.5544075734375 0.2665951984375 0.61061296875
0 0.5680472328125 0.8085930593749999 0.5944432984375 0.9625566359375 0.896323853125 0.8988050734374999 0.8699277875 0.7448414953125 0.5680472328125 0.8085930593749999
10 0.35044331875 0.224641709375 0.31313198125 0.007011284375 0.1792274671875 0.035289431249999996 0.2165388046875 0.2529198546875 0.35044331875 0.224641709375