3 0.6513309453125 0.28545785156250003 0.512715896875 0.268451940625 0.4958116296875 0.41295927812500005 0.6344266765625 0.42996519062500005 0.6513309453125 0.28545785156250003
2 1 0.3099366890625 0.8374207312499999 0.287147240625 0.8168263781249999 0.47415584375000003 0.76997229375 0.46840757499999996 0.715097090625 0.9265558671875 0.9628740390624999 0.9587791171875001 1 0.641405184375 1 0.3099366890625
5 0.30701153593749997 0.012096159375 0.2896001 0.1609390671875 0.38583530625 0.17274563125 0.4048275859375 0.0103887734375 0.30701153593749997 0.012096159375
7 0.521539075 0.41658000156249997 0.2532834328125 0.3836692046875 0.20154044999999998 0.8259977953125001 0.46979609062499994 0.8589085921875 0.521539075 0.41658000156249997
6 0.654237278125 0.2826005015625 0.6842041265625001 0.0264267609375 0.534963403125 0.00811724375 0.407879940625 0.010335493749999999 0.3799669375 0.2489517953125 0.654237278125 0.2826005015625
1 0.278374940625 0.2589243140625 0.0403918484375 0.2297274875 0.010823846875 0.48249166250000003 0.01536919375 0.6777782828125 0.22635010000000003 0.7036623609375 0.278374940625 0.2589243140625
9 0.8376857718749999 0.2822550171875 0.6567341578125 0.26005506875 0.6346282515625 0.44902898125 0.815579865625 0.4712289296875 0.8376857718749999 0.2822550171875
9 1 0.305223496875 0.835741071875 0.2850714796875 0.8141143203125001 0.4699493140625 1 0.49275459687499995 1 0.305223496875
9 0.169242203125 0.014500931249999998 0.1420996015625 0.24653139531249998 0.27933862343750004 0.2633684890625 0.30873563125 0.0120660640625 0.169242203125 0.014500931249999998
1 0.7048992421875 1 0.7476446234375 0.6345880609375001 0.4981254234375 0.603975934375 0.451799078125 1 0.7048992421875 1
0 0.45939243281250003 1 0.4777104953125 0.8434067437499999 0.19469071093749998 0.8086846171875001 0.17570494375 0.9709858140625001 0.41219934687500004 1 0.45939243281250003 1
10 0.80666229375 0.041670437500000004 0.681123809375 0.026268817187499998 0.6511823296875 0.2822257078125 0.7767208109375 0.2976273296875 0.80666229375 0.041670437500000004