3 0.5265431031250001 0.59446043125 0.3884655171875 0.59446043125 0.3884655171875 0.738285371875 0.5265431031250001 0.738285371875 0.5265431031250001 0.59446043125
2 0.0011896546875000001 0.7555155874999999 0.2055258625 0.7590287765625 0.20426724062499999 0.5730575546875001 0.2509396546875 0.5730575546875001 0.2521982765625 0.116918465625 0.00241379375 0.11510791406250001 0.0011896546875000001 0.7555155874999999
5 0.758 1 0.758 0.8169184656249999 0.66213793125 0.8169184656249999 0.66213793125 1 0.758 1
7 0.7680775859375 0.1537649875 0.50086206875 0.1537649875 0.50086206875 0.594004796875 0.7680775859375 0.594004796875 0.7680775859375 0.1537649875
6 0.6591465515625 1 0.6591465515625 0.7414388484375001 0.38593965468749997 0.7414388484375001 0.38593965468749997 1 0.6591465515625 1
1 0.999017240625 0.2767865703125 0.757767240625 0.2767865703125 0.757767240625 0.7194244609375 0.999017240625 0.7194244609375 0.999017240625 0.2767865703125
9 0.38607758593749997 0.5757793765625 0.2058275859375 0.5757793765625 0.2058275859375 0.7638609109375001 0.38607758593749997 0.7638609109375001 0.38607758593749997 0.5757793765625
9 0 0.760863309375 0.20741379375000002 0.760863309375 0.20741379375000002 0.5768585125000001 0 0.5768585125000001 0 0.760863309375
9 0.893017240625 1 0.893017240625 0.71517985625 0.7563103453125 0.71517985625 0.7563103453125 1 0.893017240625 1
1 0.2537758625 0 0.2537758625 0.4073141484375 0.5023275859375 0.4073141484375 0.5023275859375 0 0.2537758625 0
0 0.7767931031249999 0.0040647484375 0.4948706890625 0.0040647484375 0.4948706890625 0.1699280578125 0.7767931031249999 0.1699280578125 0.7767931031249999 0.0040647484375
10 0.38898275937500004 0.7414388484375001 0.263931034375 0.7414388484375001 0.263931034375 0.99618705 0.38898275937500004 0.99618705 0.38898275937500004 0.7414388484375001