3 0.3655733234375 0.42996519062500005 0.5041883703125001 0.41295927812500005 0.48728410312500003 0.268451940625 0.3486690546875 0.28545785156250003 0.3655733234375 0.42996519062500005
2 0 0.641405184375 0.0371259609375 0.9587791171875001 0.284902909375 0.9265558671875 0.23002770625000002 0.46840757499999996 0.183173621875 0.47415584375000003 0.16257926875 0.287147240625 0 0.3099366890625 0 0.641405184375
5 0.5951724140625 0.0103887734375 0.61416469375 0.17274563125 0.7103999 0.1609390671875 0.6929884640624999 0.012096159375 0.5951724140625 0.0103887734375
7 0.5302039093750001 0.8589085921875 0.79845955 0.8259977953125001 0.7467165671875 0.3836692046875 0.478460925 0.41658000156249997 0.5302039093750001 0.8589085921875
6 0.6200330625 0.2489517953125 0.592120059375 0.010335493749999999 0.465036596875 0.00811724375 0.31579587343750004 0.0264267609375 0.345762721875 0.2826005015625 0.6200330625 0.2489517953125
1 0.7736499 0.7036623609375 0.98463080625 0.6777782828125 0.989176153125 0.48249166250000003 0.9596081515625 0.2297274875 0.721625059375 0.2589243140625 0.7736499 0.7036623609375
9 0.184420134375 0.4712289296875 0.3653717484375 0.44902898125 0.3432658421875 0.26005506875 0.16231422812500002 0.2822550171875 0.184420134375 0.4712289296875
9 0 0.49275459687499995 0.1858856796875 0.4699493140625 0.164258928125 0.2850714796875 0 0.305223496875 0 0.49275459687499995
9 0.69126436875 0.0120660640625 0.7206613765625 0.2633684890625 0.8579003984375 0.24653139531249998 0.830757796875 0.014500931249999998 0.69126436875 0.0120660640625
1 0.548200921875 1 0.5018745765625 0.603975934375 0.2523553765625 0.6345880609375001 0.2951007578125 1 0.548200921875 1
0 0.587800653125 1 0.8242950562500001 0.9709858140625001 0.8053092890625001 0.8086846171875001 0.5222895046875 0.8434067437499999 0.5406075671874999 1 0.587800653125 1
10 0.22327918906250002 0.2976273296875 0.3488176703125 0.2822257078125 0.318876190625 0.026268817187499998 0.19333770625 0.041670437500000004 0.22327918906250002 0.2976273296875