2 0.9983229234375001 0.0925581359375 0.5305813140625 0.0185283078125 0.523549821875 0.0182827625 0.4550280296875 0.46750106562499993 0.9849726921874999 0.5513758203125 0.9983229234375001 0.0925581359375
4 0.6167494015625 0.493139965625 0.636695871875 0.3623739875 0.48343668749999996 0.3381175375 0.4634902171875 0.46888351562499997 0.6167494015625 0.493139965625
7 0.3867819828125 1 0.44962827812499995 0.58798938125 0 0.5168263625 0 0.946702409375 0.3367494015625 1 0.3867819828125 1
9 0.67910013125 0.0420344984375 0.530581309375 0.0185283078125 0.5279059625 0.0184348828125 0.4784904375 0.34239543906250003 0.6296354562500001 0.36631727812500003 0.67910013125 0.0420344984375
9 0.959947259375 0.7268703046875 0.9845616609375 0.5655020859375 0.9854103437499999 0.53633473125 0.7050780375000001 0.49196631875 0.676099446875 0.681945490625 0.959947259375 0.7268703046875
10 0.0576373671875 0.002012740625 0.042831520312499996 0.0990775875 0.265129603125 0.134260878125 0.2840958859375 0.009920846875 0.0576373671875 0.002012740625
0 0.2862374546875 0.009995632812499999 0.2672318265625 0.13459359843750002 0.5044604625 0.17213995937499998 0.5279059625 0.0184348828125 0.2862374546875 0.009995632812499999
0 0.9182852515625 1 0.9610757375000001 0.7194721656249999 0.8325773906249999 0.69913463125 0.7866847031249999 1 0.9182852515625 1
6 0 0.5193423593750001 0.19518323906249999 0.5502341625 0.2610440609375 0.118460765625 0.04508848125 0.0842813078125 0 0.3798744328125 0 0.5193423593750001
1 0.799578084375 1 0.84629745625 0.6937149953125 0.4390276875 0.6292560921875 0.382476034375 1 0.799578084375 1
3 0.46758964062499997 0.43166298750000004 0.4920200515625 0.271500984375 0.31618586406250004 0.243671571875 0.291755453125 0.4038335734375 0.46758964062499997 0.43166298750000004