0 0.966405075 0.7397703265625 0.9906621796874999 0.5873711859374999 0.9948141546875 0.349504615625 0.9115928859375 0.3334076984375 0.8504817703124999 0.71734808125 0.966405075 0.7397703265625
0 0.834105940625 1 0.44319680000000006 0.9243891390625001 0.4311619515625 1 0.834105940625 1
1 0 0.8567654234375001 0.2874837703125 0.9123714296875001 0.3413498453125 0.5739491796875 0 0.50792423125 0 0.8567654234375001
6 0.932996253125 0.3444722375 0.9699703359375 0.1121766375 0.6860159328125001 0.05725329375 0.6490418499999999 0.28954889375000004 0.932996253125 0.3444722375
1 0.8325879078125 1 0.8795746671875 0.7047981531249999 0.4890265484375 0.629257121875 0.4399918109375 0.93732571875 0.7640186640625 1 0.8325879078125 1
9 0.0565326640625 0.3939482203125 0.35817528906249996 0.45229287500000004 0.3806396328125 0.311157028125 0.07899700781249999 0.252812375 0.0565326640625 0.3939482203125
9 0 0.518132975 0.2361348265625 0.5638069078125 0.258599171875 0.4226710609375 0.006390700000000001 0.3738881140625 0 0.4140387125 0 0.518132975
10 0.9988591953125001 0.11776441093750001 0.9524369 0.10878526562499999 0.91442696875 0.3475887484375 0.99457699375 0.3630916171875 0.9988591953125001 0.11776441093750001
5 0.30304385312500004 0.8709310640625001 0.4369227453125 0.8968263359374999 0.47899548125 0.632497628125 0.3451165875 0.6066023578124999 0.30304385312500004 0.8709310640625001
7 0.584502484375 0.6686001125 0.8700188546875 0.723825575 0.9312007296875 0.33944063125 0.6456843609375 0.2842151671875 0.584502484375 0.6686001125
2 0.06535663124999999 0.0034251953124999996 0.006306487500000001 0.37441719687499997 0.3489810984375 0.44899974374999996 0.4239297171875 0.022217215625 0.06535663124999999 0.0034251953124999996
3 0.64934488125 0.0501602640625 0.5349634046875 0.028036243750000002 0.44794030781250005 0.023475556249999998 0.4332537828125 0.1157460046875 0.6327634484375 0.154335784375 0.64934488125 0.0501602640625