0 0.36072377968749997 0.90101581875 0.3786603359375 0.9877929796875 0.572841359375 0.9810120296875 0.76155055 0.9409420546874999 0.7367924968749999 0.8211624531249999 0.36072377968749997 0.90101581875
0 1 0.395987728125 0.9352693140625 0.4097324578125 1 0.7228998828125001 1 0.395987728125
1 0.522501565625 0 0.5901953359375 0.327502846875 0.9216791453125 0.25711651406249997 0.8685340015625 0 0.522501565625 0
6 0.31465404375 0.6448984859375 0.0484146640625 0.7014310015625 0.1055893890625 0.9780426484375001 0.3718287671875 0.9215101328124999 0.31465404375 0.6448984859375
1 1 0.657841540625 0.94792744375 0.4059142140625 0.646174965625 0.4699874796875 0.7248125265625001 0.8504364453125 1 0.7920039156249999 1 0.657841540625
9 0.272025459375 0.085818925 0.3327617421875 0.3796614 0.471003978125 0.350307434375 0.410267696875 0.056464959375 0.272025459375 0.085818925
9 0.38831850625 0 0.440786059375 0.25383831562500003 0.5790282953125 0.2244843515625 0.5326281125000001 0 0.38831850625 0
10 0.392086534375 0.9873241265624999 0.3746728375 0.9030765609375001 0.1020590015625 0.960962609375 0.10954721249999999 0.9971906171875 0.392086534375 0.9873241265624999
5 0.622282484375 0.3295328421875 0.6492392375 0.459949771875 0.9081485984375 0.40497369218749996 0.8811918437499999 0.2745567625 0.622282484375 0.3295328421875
7 0.3093811296875 0.6418683578125 0.36687036093750003 0.9200015828125 0.7433745234375 0.84005575625 0.68588529375 0.56192253125 0.3093811296875 0.6418683578125
2 0.381220296875 0 0.0023408609375 0.080450184375 0.01296306875 0.4455117984375 0.46766622187499995 0.34142878125 0.3886608640625 0 0.381220296875 0
3 0.0309655578125 0.464964975 0.071137184375 0.659315534375 0.1817769359375 0.635822603125 0.141605309375 0.44147204375 0.0309655578125 0.464964975