0 0.26320750312499996 0.8211624531249999 0.23844945 0.9409420546874999 0.427158640625 0.9810120296875 0.6213396640625 0.9877929796875 0.6392762203125 0.90101581875 0.26320750312499996 0.8211624531249999
0 0 0.7228998828125001 0.0647306859375 0.4097324578125 0 0.395987728125 0 0.7228998828125001
1 0.1314659984375 0 0.0783208546875 0.25711651406249997 0.40980466406250005 0.327502846875 0.477498434375 0 0.1314659984375 0
6 0.6281712328125 0.9215101328124999 0.8944106109375 0.9780426484375001 0.9515853359375 0.7014310015625 0.68534595625 0.6448984859375 0.6281712328125 0.9215101328124999
1 0 0.7920039156249999 0.2751874734375 0.8504364453125 0.353825034375 0.4699874796875 0.05207255625 0.4059142140625 0 0.657841540625 0 0.7920039156249999
9 0.589732303125 0.056464959375 0.528996021875 0.350307434375 0.6672382578125 0.3796614 0.727974540625 0.085818925 0.589732303125 0.056464959375
9 0.46737188749999997 0 0.4209717046875 0.2244843515625 0.5592139406250001 0.25383831562500003 0.61168149375 0 0.46737188749999997 0
10 0.8904527874999999 0.9971906171875 0.8979409984375 0.960962609375 0.6253271625 0.9030765609375001 0.607913465625 0.9873241265624999 0.8904527874999999 0.9971906171875
5 0.11880815625 0.2745567625 0.0918514015625 0.40497369218749996 0.3507607625 0.459949771875 0.377717515625 0.3295328421875 0.11880815625 0.2745567625
7 0.31411470625 0.56192253125 0.2566254765625 0.84005575625 0.6331296390625 0.9200015828125 0.6906188703125 0.6418683578125 0.31411470625 0.56192253125
2 0.6113391359375 0 0.532333778125 0.34142878125 0.9870369312499999 0.4455117984375 0.9976591390625 0.080450184375 0.618779703125 0 0.6113391359375 0
3 0.8583946906250001 0.44147204375 0.8182230640625001 0.635822603125 0.9288628156250001 0.659315534375 0.9690344421875 0.464964975 0.8583946906250001 0.44147204375