0 1 0.38483314218750003 0.8585117500000001 0.38483314218750003 0.8585117500000001 0.7426121984375 1 0.7426121984375 1 0.38483314218750003
0 0.52160574375 0 0.52160574375 0.1264441890625 0.8862402093749999 0.1264441890625 0.8862402093749999 0 0.52160574375 0
1 0.37973890312499997 0.11008055312500001 0.0059399484375 0.11008055312500001 0.0059399484375 0.4254430375 0.37973890312499997 0.4254430375 0.37973890312499997 0.11008055312500001
6 0.8793603140625 0.736352128125 0.6159268921875001 0.736352128125 0.6159268921875001 0.9991714609375 0.8793603140625 0.9991714609375 0.8793603140625 0.736352128125
1 0.8828981718750001 0.1141887234375 0.5205744125 0.1141887234375 0.5205744125 0.40126582343750006 0.8828981718750001 0.40126582343750006 0.8828981718750001 0.1141887234375
9 0.3774543078125 0.5383659375 0.097610965625 0.5383659375 0.097610965625 0.6698849250000001 0.3774543078125 0.6698849250000001 0.3774543078125 0.5383659375
9 0.283590078125 0.4162140390625 0.003759790625 0.4162140390625 0.003759790625 0.5477330265625 0.283590078125 0.5477330265625 0.283590078125 0.4162140390625
10 1 0.7302876875 0.8630939953125001 0.7302876875 0.8630939953125001 0.9991714609375 1 0.9991714609375 1 0.7302876875
5 0.51201044375 0.150264671875 0.3878067890625 0.150264671875 0.3878067890625 0.396582278125 0.51201044375 0.396582278125 0.51201044375 0.150264671875
7 0.8770234984374999 0.38239355625 0.6121409921875001 0.38239355625 0.6121409921875001 0.7405868812499999 0.8770234984374999 0.7405868812499999 0.8770234984374999 0.38239355625
2 0.36870757187500003 0.539735328125 0.008093995312500001 0.548216340625 0.0032637078125000002 1 0.3758746734375 0.9923705406250001 0.36870757187500003 0.539735328125
3 0.5819060046875 0.8557422328125 0.396814621875 0.8557422328125 0.396814621875 0.9610011500000001 0.5819060046875 0.9610011500000001 0.5819060046875 0.8557422328125