0 0 0.7426121984375 0.14148825 0.7426121984375 0.14148825 0.38483314218750003 0 0.38483314218750003 0 0.7426121984375
0 0.113759790625 0 0.113759790625 0.1264441890625 0.47839425625 0.1264441890625 0.47839425625 0 0.113759790625 0
1 0.620261096875 0.4254430375 0.9940600515625 0.4254430375 0.9940600515625 0.11008055312500001 0.620261096875 0.11008055312500001 0.620261096875 0.4254430375
6 0.1206396859375 0.9991714609375 0.38407310781250004 0.9991714609375 0.38407310781250004 0.736352128125 0.1206396859375 0.736352128125 0.1206396859375 0.9991714609375
1 0.117101828125 0.40126582343750006 0.47942558750000003 0.40126582343750006 0.47942558750000003 0.1141887234375 0.117101828125 0.1141887234375 0.117101828125 0.40126582343750006
9 0.6225456921875 0.6698849250000001 0.9023890343750001 0.6698849250000001 0.9023890343750001 0.5383659375 0.6225456921875 0.5383659375 0.6225456921875 0.6698849250000001
9 0.716409921875 0.5477330265625 0.996240209375 0.5477330265625 0.996240209375 0.4162140390625 0.716409921875 0.4162140390625 0.716409921875 0.5477330265625
10 0 0.9991714609375 0.1369060046875 0.9991714609375 0.1369060046875 0.7302876875 0 0.7302876875 0 0.9991714609375
5 0.48798955624999996 0.396582278125 0.6121932109375 0.396582278125 0.6121932109375 0.150264671875 0.48798955624999996 0.150264671875 0.48798955624999996 0.396582278125
7 0.12297650156249999 0.7405868812499999 0.3878590078125 0.7405868812499999 0.3878590078125 0.38239355625 0.12297650156249999 0.38239355625 0.12297650156249999 0.7405868812499999
2 0.6241253265625 0.9923705406250001 0.9967362921875 1 0.9919060046875 0.548216340625 0.631292428125 0.539735328125 0.6241253265625 0.9923705406250001
3 0.41809399531249997 0.9610011500000001 0.603185378125 0.9610011500000001 0.603185378125 0.8557422328125 0.41809399531249997 0.8557422328125 0.41809399531249997 0.9610011500000001