0 0.1495182296875 0.71734808125 0.0884071140625 0.3334076984375 0.0051858453125 0.349504615625 0.0093378203125 0.5873711859374999 0.033594925 0.7397703265625 0.1495182296875 0.71734808125
0 0.5688380484375 1 0.5568031999999999 0.9243891390625001 0.16589405937499999 1 0.5688380484375 1
1 1 0.50792423125 0.6586501546875 0.5739491796875 0.7125162296875 0.9123714296875001 1 0.8567654234375001 1 0.50792423125
6 0.35095814999999997 0.28954889375000004 0.3139840671875 0.05725329375 0.0300296640625 0.1121766375 0.067003746875 0.3444722375 0.35095814999999997 0.28954889375000004
1 0.23598133593749998 1 0.5600081890624999 0.93732571875 0.5109734515625 0.629257121875 0.12042533281250001 0.7047981531249999 0.1674120921875 1 0.23598133593749998 1
9 0.9210029921875 0.252812375 0.6193603671875 0.311157028125 0.6418247109374999 0.45229287500000004 0.9434673359374999 0.3939482203125 0.9210029921875 0.252812375
9 1 0.4140387125 0.9936092999999999 0.3738881140625 0.741400828125 0.4226710609375 0.7638651734375 0.5638069078125 1 0.518132975 1 0.4140387125
10 0.00542300625 0.3630916171875 0.08557303125 0.3475887484375 0.047563100000000004 0.10878526562499999 0.0011408046875 0.11776441093750001 0.00542300625 0.3630916171875
5 0.6548834125 0.6066023578124999 0.52100451875 0.632497628125 0.5630772546875 0.8968263359374999 0.6969561468750001 0.8709310640625001 0.6548834125 0.6066023578124999
7 0.3543156390625 0.2842151671875 0.06879927031250001 0.33944063125 0.1299811453125 0.723825575 0.415497515625 0.6686001125 0.3543156390625 0.2842151671875
2 0.5760702828125 0.022217215625 0.6510189015625001 0.44899974374999996 0.9936935124999999 0.37441719687499997 0.93464336875 0.0034251953124999996 0.5760702828125 0.022217215625
3 0.3672365515625 0.154335784375 0.5667462171875 0.1157460046875 0.5520596921875 0.023475556249999998 0.4650365953125 0.028036243750000002 0.35065511875 0.0501602640625 0.3672365515625 0.154335784375