7 0.7455134140624999 0.1294022984375 0.48525439375 0.1294022984375 0.48525439375 0.43448275937499997 0.7455134140624999 0.43448275937499997 0.7455134140624999 0.1294022984375
6 0.7520629046875 1 0.7520629046875 0.7415287359375 0.3633117484375 0.7415287359375 0.3633117484375 1 0.7520629046875 1
0 0.267622571875 0.003149425 0.0040518031250000005 0.003149425 0.0040518031250000005 0.1506896546875 0.267622571875 0.1506896546875 0.267622571875 0.003149425
0 0.7488066609375 0.0081954015625 0.49663274687500003 0.0081954015625 0.49663274687500003 0.1556666671875 0.7488066609375 0.1556666671875 0.7488066609375 0.0081954015625
10 0.3797317296875 1 0.3797317296875 0.7354712640625001 0.264135059375 0.7354712640625001 0.264135059375 1 0.3797317296875 1
9 0.9318223859374999 0.42742528750000003 0.7300185015625 0.42742528750000003 0.7300185015625 0.5991954015625 0.9318223859374999 0.5991954015625 0.9318223859374999 0.42742528750000003
9 0.1985198890625 0.5870229890625 0.011378353125 0.5870229890625 0.011378353125 0.75470115 0.1985198890625 0.75470115 0.1985198890625 0.5870229890625
9 0.3781036078125 0.5819310343749999 0.1909713234375 0.5819310343749999 0.1909713234375 0.7496091953125 0.3781036078125 0.7496091953125 0.3781036078125 0.5819310343749999
1 0.985448659375 0.0102528734375 0.7414431078125 0.0102528734375 0.7414431078125 0.4425747125 0.985448659375 0.4425747125 0.985448659375 0.0102528734375
1 0.496799259375 0.0061724140625 0.257631821875 0.0061724140625 0.257631821875 0.438494253125 0.496799259375 0.438494253125 0.496799259375 0.0061724140625
2 0.009565217187499999 0.14094252812500002 0.009565217187499999 0.7472528734375 0.1959389453125 0.749356321875 0.19086031406249998 0.589356321875 0.2671045328125 0.5830459765625 0.2637187796875 0.1430459765625 0.009565217187499999 0.14094252812500002
3 0.6619241437500001 0.5705287359375 0.4783533765625 0.5705287359375 0.4783533765625 0.712643678125 0.6619241437500001 0.712643678125 0.6619241437500001 0.5705287359375