7 0.52165605625 0.5693599484375 0.2366558015625 0.6091576359374999 0.265881784375 0.941073025 0.5508820390625 0.9012753390625001 0.52165605625 0.5693599484375
6 0.41074150625000005 0 0.17861185 0.032414790625 0.20006941562499997 0.2761053625 0.6257767734375 0.21665921250000003 0.6066993875 0 0.41074150625000005 0
0 0.9707835234375001 0.8191953625 0.787163515625 0.8448362218750001 0.7963138390625 0.9487551765625 0.967091971875 0.9249075671875 0.9707835234375001 0.8191953625
0 0.2597594015625 0.9130020296874999 0.26695581874999996 0.9947307249999999 0.49566054375 0.99073866875 0.5455330625 0.9837744265625 0.5359059515625 0.87444068125 0.2597594015625 0.9130020296874999
10 0.5884973687499999 0 0.6083761359375 0.225760371875 0.7349618765625 0.208083828125 0.7166395734375001 0 0.5884973687499999 0
9 0.23784464062500002 0.42758742656250004 0.016856490625 0.45844640625000005 0.033311659375000004 0.6453254484375 0.254299809375 0.61446646875 0.23784464062500002 0.42758742656250004
9 0.821035671875 0.35955605 0.9735949906249999 0.33825253125 0.9575318218750001 0.155825371875 0.804972503125 0.1771288890625 0.821035671875 0.35955605
9 0.8137264640625 0.18151443750000001 0.608804653125 0.2101299015625 0.6248678234375 0.3925570609375 0.8297896328125001 0.36394159843749996 0.8137264640625 0.18151443750000001
1 0 0.7410047 0.0227165984375 0.9989939359375001 0.2751060015625 0.9945884625 0.2403378546875 0.5997314984375001 0 0.6332924890625 0 0.7410047
1 0.5086294 0.5667609953125 0.5453507203125 0.9837998875 0.807254346875 0.947227434375 0.7705330265625 0.5301885390625001 0.5086294 0.5667609953125
2 0.95819168125 0.16331928281250002 0.8083108234375 0.18254918281250002 0.8291998671874999 0.35584620624999996 0.7463120937500001 0.3743705484375 0.7921706625 0.8525552890625001 0.9704360781249999 0.829144903125 0.9836075375 0.45196362187499994 0.95819168125 0.16331928281250002
3 0.502565959375 0.2656766734375 0.30154423750000003 0.293747525 0.3151585109375 0.448362921875 0.51618023125 0.4202920703125 0.502565959375 0.2656766734375