7 0.9064852796875 0.5855615656250001 0.9562019703125 0.302994884375 0.62571410625 0.25053763125 0.5759974171875 0.5331043125 0.9064852796875 0.5855615656250001
6 0 0.5777703375 0.22008591875 0.612703853125 0.2943481703125 0.19063154375 0.0317832703125 0.1489554796875 0 0.32959689375 0 0.5777703375
0 0.8957449140625 1 0.9254009828124999 0.8314486203125 0.8418513796875 0.818187065625 0.8098619828125001 1 0.8957449140625 1
0 0.969148275 0.5828092234375 0.9721934125 0.5655020734375 0.9858964359375 0.3040328109375 0.9283793812500001 0.29490331875 0.880207171875 0.5686918921874999 0.969148275 0.5828092234375
10 0 0.6884549453125001 0.20770236406249998 0.7214228578124999 0.22978453437500002 0.5959180140625 0 0.5594450703125 0 0.6884549453125001
9 0.6303993734375 0.2685741640625 0.6689495109375 0.049473 0.4828742109375 0.0199378796875 0.444324071875 0.2390390421875 0.6303993734375 0.2685741640625
9 0.3239898625 1 0.3559792421875 0.8181871562499999 0.17433667656250001 0.789355628125 0.14206871875 0.9727517906250001 0.3137361578125 1 0.3239898625 1
9 0.36005327343750004 0.8272582734375 0.3958007296875 0.6240862609375 0.214158165625 0.5952547328125 0.178410709375 0.7984267453125 0.36005327343750004 0.8272582734375
1 0.996979353125 0.0925581359375 0.6540758375 0.0381301890625 0.6161707062499999 0.2535654390625 0.9854693031249999 0.3121829921875 0.996979353125 0.0925581359375
1 0.5281696171875 0.7795474109375 0.9234924718749999 0.842295709375 0.969180084375 0.5826284375 0.5738572296875 0.5198801390625001 0.5281696171875 0.7795474109375
2 0.8198676828125 1 0.8493858968750001 0.8237397625 0.37338903437500004 0.7444077250000001 0.3519883953125 0.8261020515625 0.179633596875 0.7930768140625 0.14989231875 0.97399360625 0.3137361546875 1 0.8198676828125 1
3 0.4273031109375 0.517204328125 0.46237021718750004 0.3178991015625 0.30841980156250004 0.29346305781250004 0.27335269375000004 0.49276828437500003 0.4273031109375 0.517204328125