7 0.4491179609375 0.9012753390625001 0.734118215625 0.941073025 0.7633441984375 0.6091576359374999 0.47834394375 0.5693599484375 0.4491179609375 0.9012753390625001
6 0.3933006125 0 0.3742232265625 0.21665921250000003 0.799930584375 0.2761053625 0.82138815 0.032414790625 0.58925849375 0 0.3933006125 0
0 0.032908028125 0.9249075671875 0.20368616093749997 0.9487551765625 0.212836484375 0.8448362218750001 0.0292164765625 0.8191953625 0.032908028125 0.9249075671875
0 0.4640940484375 0.87444068125 0.4544669375 0.9837744265625 0.50433945625 0.99073866875 0.73304418125 0.9947307249999999 0.7402405984375 0.9130020296874999 0.4640940484375 0.87444068125
10 0.2833604265625 0 0.2650381234375 0.208083828125 0.3916238640625 0.225760371875 0.41150263125000003 0 0.2833604265625 0
9 0.745700190625 0.61446646875 0.966688340625 0.6453254484375 0.9831435093750001 0.45844640625000005 0.762155359375 0.42758742656250004 0.745700190625 0.61446646875
9 0.195027496875 0.1771288890625 0.042468178125 0.155825371875 0.026405009375 0.33825253125 0.17896432812500002 0.35955605 0.195027496875 0.1771288890625
9 0.1702103671875 0.36394159843749996 0.37513217656250003 0.3925570609375 0.391195346875 0.2101299015625 0.1862735359375 0.18151443750000001 0.1702103671875 0.36394159843749996
1 1 0.6332924890625 0.7596621453125 0.5997314984375001 0.7248939984375 0.9945884625 0.9772834015624999 0.9989939359375001 1 0.7410047 1 0.6332924890625
1 0.22946697343750003 0.5301885390625001 0.192745653125 0.947227434375 0.4546492796875 0.9837998875 0.49137060000000005 0.5667609953125 0.22946697343750003 0.5301885390625001
2 0.0163924625 0.45196362187499994 0.029563921875 0.829144903125 0.2078293375 0.8525552890625001 0.25368790625000004 0.3743705484375 0.1708001328125 0.35584620624999996 0.1916891765625 0.18254918281250002 0.041808318750000004 0.16331928281250002 0.0163924625 0.45196362187499994
3 0.48381976875 0.4202920703125 0.6848414890625001 0.448362921875 0.6984557625 0.293747525 0.49743404062499996 0.2656766734375 0.48381976875 0.4202920703125