1 0.871844828125 0.43052375156249995 0.7531810343750001 0.43052375156249995 0.7531810343750001 0.5923507921875 0.871844828125 0.5923507921875 0.871844828125 0.43052375156249995
2 0.6910517234375 0.432911084375 0.588767240625 0.432911084375 0.588767240625 0.6659926921875 0.6910517234375 0.6659926921875 0.6910517234375 0.432911084375
7 0.80841379375 0.3005602921875 0.635267240625 0.3005602921875 0.635267240625 0.44085261875 0.80841379375 0.44085261875 0.80841379375 0.3005602921875
9 0.7666206890625 0.5889403171875001 0.690017240625 0.5889403171875001 0.690017240625 0.666017053125 0.7666206890625 0.666017053125 0.7666206890625 0.5889403171875001
9 0.8711120687499999 0.5865042625 0.7945086203125 0.5865042625 0.7945086203125 0.6635809984375001 0.8711120687499999 0.6635809984375001 0.8711120687499999 0.5865042625
4 0.739043103125 0.5012545671875 0.690706896875 0.5012545671875 0.690706896875 0.5919610234375 0.739043103125 0.5919610234375 0.739043103125 0.5012545671875
7 0.3289655171875 0.49105968281249995 0.17436206875 0.49105968281249995 0.17436206875 0.65099878125 0.3289655171875 0.65099878125 0.3289655171875 0.49105968281249995
1 0.4559224140625 0.3522289890625 0.34042241406249996 0.3522289890625 0.34042241406249996 0.5008038984375001 0.4559224140625 0.5008038984375001 0.4559224140625 0.3522289890625
9 0.4576465515625 0.539768575 0.405931034375 0.539768575 0.405931034375 0.6550548109375 0.4576465515625 0.6550548109375 0.4576465515625 0.539768575
4 0.4576465515625 0.49267965937499997 0.407655171875 0.49267965937499997 0.407655171875 0.5438246046875 0.4576465515625 0.5438246046875 0.4576465515625 0.49267965937499997
6 0.407655171875 0.49267965937499997 0.3197413796875 0.49267965937499997 0.3197413796875 0.6047137640625 0.407655171875 0.6047137640625 0.407655171875 0.49267965937499997
10 0.4116724140625 0.599037759375 0.32261206875 0.599037759375 0.32261206875 0.6542387328125 0.4116724140625 0.6542387328125 0.4116724140625 0.599037759375
0 0.459482759375 0.22297198593749998 0.4014482765625 0.22297198593749998 0.4014482765625 0.35449451875000004 0.459482759375 0.35449451875000004 0.459482759375 0.22297198593749998
0 0.4014482765625 0.22232643125 0.22274137968750002 0.22232643125 0.22274137968750002 0.2978319125 0.4014482765625 0.2978319125 0.4014482765625 0.22232643125
0 0.22733620625 0.2913398296875 0.1486206890625 0.2913398296875 0.1486206890625 0.41717417812499996 0.22733620625 0.41717417812499996 0.22733620625 0.2913398296875
3 0.3150086203125 0.35177831875 0.259681034375 0.35177831875 0.259681034375 0.4441656515625 0.3150086203125 0.4441656515625 0.3150086203125 0.35177831875