1 0.5346786421874999 0.23743191718749998 0.506563053125 0.1171795171875 0.3448305296875 0.144124615625 0.37294611875 0.2643770140625 0.5346786421874999 0.23743191718749998
2 0.5712480625 0.40444429531250004 0.5470133046875 0.300790484375 0.3140678296875 0.33959986249999996 0.338302590625 0.4432536734375 0.5712480625 0.40444429531250004
7 0.6925040828125 0.3352846390625 0.6514796265625 0.15982009531250002 0.511269240625 0.1831795453125 0.5522936953124999 0.3586440875 0.6925040828125 0.3352846390625
9 0.39132030625 0.327818546875 0.3731702796875 0.250189571875 0.2961385609375 0.263023275 0.3142885890625 0.34065225 0.39132030625 0.327818546875
9 0.36899728593750003 0.22152267656250002 0.350847259375 0.143893703125 0.273815540625 0.1567274078125 0.29196556875 0.23435637968749998 0.36899728593750003 0.22152267656250002
4 0.4787914375 0.31251949687499997 0.46733890625 0.263536190625 0.3766854296875 0.2786393171875 0.3881379609375 0.32762262343750004 0.4787914375 0.31251949687499997
7 0.611320459375 0.8340793609375 0.5746895125 0.677406165625 0.414843828125 0.7040369125 0.45147477656249996 0.8607101078125 0.611320459375 0.8340793609375
1 0.7107245828125001 0.6426798140625001 0.68335860625 0.5256335609375 0.5348704734374999 0.55037210625 0.5622364515625 0.6674183578124999 0.7107245828125001 0.6426798140625001
9 0.5077732562499999 0.6075205765625 0.495520046875 0.5551127218749999 0.3803011453125 0.57430851875 0.3925543546875 0.626716375 0.5077732562499999 0.6075205765625
4 0.5544261609375 0.597932790625 0.5425814609375 0.54727215625 0.49146638593749997 0.5557880734375 0.5033110859375001 0.6064487078125 0.5544261609375 0.597932790625
6 0.575256003125 0.687023528125 0.5544261609375 0.597932790625 0.442457490625 0.6165870906250001 0.463287334375 0.7056778265625 0.575256003125 0.687023528125
10 0.46827985781250003 0.70182361875 0.44717835624999996 0.6115709828125 0.392009621875 0.6207622500000001 0.4131111234375 0.7110148875 0.46827985781250003 0.70182361875
0 0.8254469375 0.5593149625 0.8116965453124999 0.500503546875 0.6802508296875 0.5224027765625 0.6940012203125 0.5812141921875 0.8254469375 0.5593149625
0 0.868434009375 0.7403068015625001 0.8260921140624999 0.559207475 0.7506307343749999 0.5717795546875 0.7929726265625 0.7528788828125 0.868434009375 0.7403068015625001
0 0.81702269375 0.826910890625 0.79837224375 0.747141575 0.672611390625 0.768093690625 0.6912618421875 0.8478630062500001 0.81702269375 0.826910890625
3 0.7303054359375001 0.724427075 0.717196403125 0.66835879375 0.62486303125 0.6837417953125 0.6379720640625 0.7398100765625 0.7303054359375001 0.724427075