1 0.23543036874999998 0.46311156093749994 0.12075287500000001 0.5000219265625 0.16563860625 0.65508415 0.28031609999999996 0.6181737828125 0.23543036874999998 0.46311156093749994
2 0.3738950234375 0.34140719062499997 0.2750466078125 0.373222775 0.339696115625 0.596560928125 0.43854453125 0.5647453453125 0.3738950234375 0.34140719062499997
7 0.39140388593750003 0.5715996125 0.224073884375 0.6254568390624999 0.2629865640625 0.7598845578125 0.430316565625 0.70602733125 0.39140388593750003 0.5715996125
9 0.27603958125 0.37287765781250004 0.2020094890625 0.39670515625 0.22338815156249997 0.47055987187500004 0.2974182421875 0.44673237187500003 0.27603958125 0.37287765781250004
9 0.17573408906250002 0.40771391562500003 0.10170399687500001 0.4315414125 0.12308265781250001 0.5053961296875 0.19711275156250002 0.48156863124999993 0.17573408906250002 0.40771391562500003
4 0.29591390781250004 0.44405245625 0.2492014703125 0.45908743281250003 0.27436058750000003 0.5460021078125 0.32107302656250003 0.5309671328125 0.29591390781250004 0.44405245625
7 0.77853783125 0.22687360625 0.6291280109375 0.27496299999999996 0.6734900875000001 0.42821620312500003 0.8228999078125 0.380126809375 0.77853783125 0.22687360625
1 0.6597153265625 0.42244299218750003 0.5480953421875 0.4583692609375 0.5893053515625 0.6007333312500001 0.7009253328125 0.5648070609375 0.6597153265625 0.42244299218750003
9 0.5536229984375 0.29501664375000003 0.503644771875 0.311102753125 0.5356215484375 0.4215697078125 0.585599775 0.4054835984375 0.5536229984375 0.29501664375000003
4 0.582808540625 0.4021334171875 0.5344965328125 0.4176832328125 0.5486825328125 0.466690178125 0.596994540625 0.4511403625 0.582808540625 0.4021334171875
6 0.6508802890625 0.316444009375 0.565919803125 0.34378959062500003 0.596994540625 0.4511403625 0.6819550265625 0.4237947796875 0.6508802890625 0.316444009375
10 0.634369365625 0.26988224843749997 0.54830084375 0.2975844640625 0.5636118578125 0.350477884375 0.6496803796874999 0.32277566874999997 0.634369365625 0.26988224843749997
0 0.641321140625 0.5816183265625 0.5852362234374999 0.59966995 0.6217164375 0.725694478125 0.67780135625 0.70764285625 0.641321140625 0.5816183265625
0 0.8297411234375 0.5803255093749999 0.6570375671875001 0.63591228125 0.6779804125 0.7082614234375 0.85068396875 0.6526746515624999 0.8297411234375 0.5803255093749999
0 0.8682700671875001 0.44291684218749994 0.792198859375 0.4674013 0.8271013484375 0.587975425 0.903172559375 0.56349096875 0.8682700671875001 0.44291684218749994
3 0.7534540125 0.45159900156250005 0.6999850578125 0.4688086453125 0.725610396875 0.5573339328125 0.7790793515625001 0.5401242890625 0.7534540125 0.45159900156250005