6 0.9142509359375 0.5525531921875 0.70286516875 0.5525531921875 0.70286516875 0.7951773046875 0.9142509359375 0.7951773046875 0.9142509359375 0.5525531921875
7 0.9206554312499999 0.085886525 0.6436516859375 0.085886525 0.6436516859375 0.5568085109375 0.9206554312499999 0.5568085109375 0.9206554312499999 0.085886525
1 0.402172284375 0.081843971875 0.1427715359375 0.081843971875 0.1427715359375 0.43153664375 0.402172284375 0.43153664375 0.402172284375 0.081843971875
9 0.509382021875 0.6293144203125001 0.4036142328125 0.6293144203125001 0.4036142328125 0.91033096875 0.509382021875 0.91033096875 0.509382021875 0.6293144203125001
9 0.333352059375 0.4192198578125 0.1491760296875 0.4192198578125 0.1491760296875 0.5568085109375 0.333352059375 0.5568085109375 0.333352059375 0.4192198578125
1 0.6550374531250001 0.0829550828125 0.3956367046875 0.0829550828125 0.3956367046875 0.4326477546875 0.6550374531250001 0.4326477546875 0.6550374531250001 0.0829550828125
0 0.157322096875 0.5485106390625 0.0547565546875 0.5485106390625 0.0547565546875 0.9163829781249999 0.157322096875 0.9163829781249999 0.157322096875 0.5485106390625
0 0.15256554375 0.0879432625 0.0499812734375 0.0879432625 0.0499812734375 0.43366430312500004 0.15256554375 0.43366430312500004 0.15256554375 0.0879432625
10 0.9206554312499999 0.7869030734375 0.4948314609375 0.7869030734375 0.4948314609375 0.9083215125 0.9206554312499999 0.9083215125 0.9206554312499999 0.7869030734375
2 0.506441946875 0.909503546875 0.5036516859375 0.6287943265625 0.40359550625 0.632316784375 0.402247190625 0.5569739953124999 0.1464981265625 0.5586288421875001 0.14788389531249999 0.906004728125 0.506441946875 0.909503546875
3 0.65419475625 0.600070921875 0.51801498125 0.600070921875 0.51801498125 0.74042553125 0.65419475625 0.74042553125 0.65419475625 0.600070921875
5 1 0.11704491718750001 0.8434456921875 0.11704491718750001 0.8434456921875 0.22671394843749998 1 0.22671394843749998 1 0.11704491718750001