6 0.4170683765625 0.31315815625 0.3877681859375 0.0940936640625 0.1372276078125 0.11467684062500001 0.1665278 0.33374133281249996 0.4170683765625 0.31315815625
7 0.9071692656250001 0.3349326328125 0.8687737625 0.0478665484375 0.38248629218749997 0.087817525 0.42088179531250003 0.374883609375 0.9071692656250001 0.3349326328125
1 0.98077074375 0.853664621875 0.94481519375 0.584840975 0.5837125703125 0.6145073812499999 0.6196681234375 0.8833310296875 0.98077074375 0.853664621875
9 0.3792817296875 0.6297916640625 0.36462125156249997 0.5201817921874999 0.07443555156250001 0.5440220140625 0.0890960328125 0.6536318859375 0.3792817296875 0.6297916640625
9 0.6314990578125 0.8756489859375 0.605970409375 0.68478264375 0.46389244218750003 0.6964550671875 0.48942109218749996 0.887321409375 0.6314990578125 0.8756489859375
1 0.944573725 0.591708228125 0.908618175 0.3228845796875 0.5475155515625 0.3525509875 0.5834711031250001 0.6213746359375001 0.944573725 0.591708228125
0 0.322005196875 1 0.5110772 0.9844667781249999 0.4968605859375 0.8781754765625 0.11698511874999999 0.9093841687499999 0.1291051171875 1 0.322005196875 1
0 0.9873341046874999 0.9503429875 0.9731148953125001 0.8440322796874999 0.61611349375 0.8733617515625 0.630332703125 0.9796724593749999 0.9873341046874999 0.9503429875
10 0.2039075703125 0.5486300468749999 0.14488408749999998 0.10733774843749999 0.0195039453125 0.11763836093749999 0.07852742812499999 0.5589306625 0.2039075703125 0.5486300468749999
2 0.45417200312499995 0.625071315625 0.37618399999999996 0.630065778125 0.36595259687500004 0.5260761625 0.075697496875 0.54699869375 0.1290102265625 0.9182847734375 0.48791255 0.8902510187500001 0.45417200312499995 0.625071315625
3 0.39362230781249996 0.5087543421875 0.37474642187499996 0.36762775 0.22981224843749998 0.3795348234375 0.2486881359375 0.5206614187499999 0.39362230781249996 0.5087543421875
5 0.7192711703125 0.0293080546875 0.7340533953125 0.1398281671875 0.8473007625 0.13052432187500002 0.8343903359375 0.0339988015625 0.7192711703125 0.0293080546875