3 0.7459078140625001 0.6124260953125 0.720865753125 0.5152124062500001 0.5029364140625 0.5582519671874999 0.5279784750000001 0.6554656546875 0.7459078140625001 0.6124260953125
2 0.0012724859375 0.10935718593749999 0.0043065546875 0.3701043984375 0.0084754765625 0.3871594765625 0.0807545875 0.37198573125 0.11361586406249999 0.499553740625 0.390447371875 0.4398763359375 0.36328748593750004 0.3379060046875 0.31527150000000004 0.3484477890625 0.24034865625 0.062141271875 0.0012724859375 0.10935718593749999
9 0.018565432812499998 0.425826709375 0.092933959375 0.41263795312499996 0.112388984375 0.494790975 0.2322562859375 0.47253660000000003 0.168605709375 0.230967603125 0.0030679640625000002 0.26366018125 0.004204009375 0.36129171250000003 0.018565432812499998 0.425826709375
2 0.83235385 0.252341621875 0.81522981875 0.179488628125 0.658359275 0.2091907515625 0.7137776828125 0.418099334375 0.9023026906249999 0.3833844484375 0.8652309624999999 0.24584861562500002 0.83235385 0.252341621875
9 0.7532084218749999 0.489973528125 0.73312285625 0.41200103906249996 0.6121508421875 0.43589218750000003 0.6322364078125 0.513864678125 0.7532084218749999 0.489973528125
1 0.534760028125 1 0.502561290625 0.8750039718749999 0.150870975 0.9444604156249999 0.165177865625 1 0.534760028125 1
1 0.7220022 1 0.911910403125 0.962494421875 0.892466440625 0.8870126421875 0.6849873703125 0.92798834375 0.703537434375 1 0.7220022 1
1 0.504650575 0.8770888921875001 0.461281234375 0.7087283984375 0.109578609375 0.778187271875 0.15294795 0.946547765625 0.504650575 0.8770888921875001
7 0.46071745937499997 0.7126659671875 0.390447371875 0.4398763359375 0.112388984375 0.494790975 0.1826590734375 0.76758060625 0.46071745937499997 0.7126659671875
9 0.7220021859375 1 0.9087470109375 0.9631191703124999 0.8901356625 0.8908696062500001 0.6903250453124999 0.93033084375 0.7082716875 1 0.7220021859375 1
9 0.8882418781249999 0.8955693531250001 0.864039778125 0.8016164015625 0.664216853125 0.8410800703125 0.6884189546874999 0.9350330187499999 0.8882418781249999 0.8955693531250001
10 1 0.72629181875 0.9107931406249999 0.37998933749999997 0.754962278125 0.41076487031250003 0.852664515625 0.790046553125 1 0.7609488 1 0.72629181875
4 0.7027095875 1 0.6834404515625 0.925196903125 0.5210120109374999 0.9572754124999999 0.532017784375 1 0.7027095875 1
0 0.092933959375 0.41263795312499996 0.0050035453125 0.4300036125 0.006532390625 0.5613922812500001 0.060681528124999995 0.77160011875 0.1793640859375 0.7481611218750001 0.092933959375 0.41263795312499996
6 0.8631034484375 0.8062669187499999 0.818987203125 0.6350069359375 0.5375684828125 0.69058521875 0.5816847265625 0.8618452015625 0.8631034484375 0.8062669187499999