3 0.453225525 0.3201839078125 0.3638374125 0.3201839078125 0.3638374125 0.5236896546875001 0.453225525 0.5236896546875001 0.453225525 0.3201839078125
2 0.5762412593749999 0.5965517234375 0.5718618875 0.856206896875 0.6891608390624999 0.856206896875 0.6883741265625 0.9239080453125 0.9786888109375 0.920206896875 0.9777622375 0.643643678125 0.66923076875 0.6424252874999999 0.6701573421875 0.597344828125 0.5762412593749999 0.5965517234375
9 0.5762412593749999 0.856206896875 0.6514860140625001 0.8546896546875 0.652797203125 0.923793103125 0.7973688812499999 0.91886206875 0.7973688812499999 0.7458620687499999 0.575 0.7445977015625 0.5762412593749999 0.856206896875
2 0.5394230765625 0.30425287343749996 0.7317919578125001 0.3056781609375 0.7306730765625 0.159482759375 0.66396853125 0.160942528125 0.66396853125 0.1302413796875 0.5372202796875001 0.128781609375 0.5394230765625 0.30425287343749996
9 0.541416084375 0.2856666671875 0.46972027968749996 0.2856666671875 0.46972027968749996 0.398632184375 0.541416084375 0.398632184375 0.541416084375 0.2856666671875
1 0.1761363640625 0.5965287359375 0.007473776562499999 0.5965287359375 0.007473776562499999 0.924942528125 0.1761363640625 0.924942528125 0.1761363640625 0.5965287359375
1 0.0982517484375 0.25280459843749997 0.007473776562499999 0.25280459843749997 0.007473776562499999 0.44655172343749994 0.0982517484375 0.44655172343749994 0.0982517484375 0.25280459843749997
1 0.328758740625 0.595149425 0.1739510484375 0.595149425 0.1739510484375 0.9235747125 0.328758740625 0.9235747125 0.328758740625 0.595149425
7 0.5762412593749999 0.5965517234375 0.3254108390625 0.5965517234375 0.3254108390625 0.856206896875 0.5762412593749999 0.856206896875 0.5762412593749999 0.5965517234375
9 0.09527972031250001 0.2557586203125 0.0045891609375000005 0.2557586203125 0.0045891609375000005 0.442344828125 0.09527972031250001 0.442344828125 0.09527972031250001 0.2557586203125
9 0.177884615625 0.258517240625 0.0914947546875 0.258517240625 0.0914947546875 0.4451149421875 0.177884615625 0.4451149421875 0.177884615625 0.258517240625
10 0.5387237765624999 0.12045977031249999 0.1899737765625 0.12045977031249999 0.1899737765625 0.26597701093750004 0.5387237765624999 0.26597701093750004 0.5387237765624999 0.12045977031249999
4 0.10096153906250001 0.44728735625000005 0.0049737765625 0.44728735625000005 0.0049737765625 0.5989655171875 0.10096153906250001 0.5989655171875 0.10096153906250001 0.44728735625000005
0 0.6514860140625001 0.8546896546875 0.342972028125 0.8546896546875 0.342972028125 0.9996436781250001 0.6514860140625001 0.9996436781250001 0.6514860140625001 0.8546896546875
6 0.3314510484375 0.26041379375 0.1739772734375 0.26041379375 0.1739772734375 0.523206896875 0.3314510484375 0.523206896875 0.3314510484375 0.26041379375