3 0.3638709140625 0.70281976875 0.4580391 0.7159667921875 0.47178390625000005 0.5028993500000001 0.3776157203125 0.48975232812499997 0.3638709140625 0.70281976875
2 1 0.157091290625 0.7465379984375 0.11846192656250001 0.7427942375 0.189459715625 0.61922266875 0.172207621875 0.6062990796875 0.44470677187499996 0.7052909374999999 0.45768939062499997 0.70735955625 0.410354553125 1 0.4500521453125 1 0.157091290625
9 0.8610204953125 0.13977571718749998 0.7090508203125 0.1133496875 0.7030022578125 0.1855071078125 0.6238362265624999 0.17285173125 0.614990490625 0.28952231093749997 0.84933605 0.3209041 0.8610204953125 0.13977571718749998
2 0.6692965046875 0.9136857624999999 0.7394695140625 0.925024890625 0.7505222859375 0.7721250765625001 0.547770121875 0.7453241046875 0.5335981765625 0.9287158828125 0.6672229453125 0.9458294015625001 0.6692965046875 0.9136857624999999
9 0.473084621875 0.7545318359375 0.5486143921875 0.7650767093749999 0.5562440984375 0.646803521875 0.4807143265625 0.6362586484375 0.473084621875 0.7545318359375
1 0.20697794531249997 0.042039946875 0.0407608796875 0.018834024999999997 0.018579765625 0.3626783015625 0.18479683125 0.385884221875 0.20697794531249997 0.042039946875
1 0.0168875296875 0.725557140625 0.0795321234375 0.7343030859375 0.0926178296875 0.531452775 0.0121080828125 0.5202126359375 0.0168875296875 0.725557140625
1 0.182401496875 0.3870069296875 0.34548760624999997 0.4097757296875 0.367669496875 0.06591941875 0.2045833875 0.04315061875 0.182401496875 0.3870069296875
7 0.342055384375 0.4078151421875 0.6062990796875 0.44470677187499996 0.6238362265624999 0.17285173125 0.35959253125 0.1359601015625 0.342055384375 0.4078151421875
9 0.016814659375 0.7224262953125 0.076600678125 0.73077315 0.08920273749999999 0.5354202124999999 0.012211860937500001 0.52467135 0.016814659375 0.7224262953125
9 0.0727996265625 0.7273282296875 0.16380922656250002 0.740034275 0.1764120609375 0.5446693046875 0.0854024625 0.531963259375 0.0727996265625 0.7273282296875
10 0.16722044062500002 0.8863564109375 0.5346200140625 0.9376498546875001 0.5444482703125 0.785295503125 0.1770486953125 0.7340020593750001 0.16722044062500002 0.8863564109375
4 0.01874434375 0.360127028125 0.011129518750000001 0.47816952500000004 0.0120899359375 0.5194329703125 0.09552221250000001 0.5310811296875 0.10576657656249999 0.37227638750000003 0.01874434375 0.360127028125
0 0.7114967875 0.0538276984375 0.5218304703125 0.027347976562499998 0.3857260515625 0.0202150453125 0.3779903375 0.1401314953125 0.7030022578125 0.1855071078125 0.7114967875 0.0538276984375
6 0.15982103125 0.73747393125 0.32571579375000004 0.7606348546875 0.3434648765625 0.4854944484375 0.1775701140625 0.462333525 0.15982103125 0.73747393125