3 0.546774475 0.5236896546875001 0.6361625875 0.5236896546875001 0.6361625875 0.3201839078125 0.546774475 0.3201839078125 0.546774475 0.5236896546875001
2 0.3298426578125 0.597344828125 0.33076923125 0.6424252874999999 0.0222377625 0.643643678125 0.0213111890625 0.920206896875 0.31162587343750003 0.9239080453125 0.31083916093749997 0.856206896875 0.4281381125 0.856206896875 0.423758740625 0.5965517234375 0.3298426578125 0.597344828125
9 0.425 0.7445977015625 0.20263111875 0.7458620687499999 0.20263111875 0.91886206875 0.347202796875 0.923793103125 0.3485139859375 0.8546896546875 0.423758740625 0.856206896875 0.425 0.7445977015625
2 0.4627797203125 0.128781609375 0.33603146875 0.1302413796875 0.33603146875 0.160942528125 0.26932692343750003 0.159482759375 0.2682080421875 0.3056781609375 0.4605769234375 0.30425287343749996 0.4627797203125 0.128781609375
9 0.45858391562499995 0.398632184375 0.5302797203125 0.398632184375 0.5302797203125 0.2856666671875 0.45858391562499995 0.2856666671875 0.45858391562499995 0.398632184375
1 0.8238636359375 0.924942528125 0.9925262234375 0.924942528125 0.9925262234375 0.5965287359375 0.8238636359375 0.5965287359375 0.8238636359375 0.924942528125
1 0.9017482515624999 0.44655172343749994 0.9925262234375 0.44655172343749994 0.9925262234375 0.25280459843749997 0.9017482515624999 0.25280459843749997 0.9017482515624999 0.44655172343749994
1 0.671241259375 0.9235747125 0.8260489515625 0.9235747125 0.8260489515625 0.595149425 0.671241259375 0.595149425 0.671241259375 0.9235747125
7 0.423758740625 0.856206896875 0.6745891609375 0.856206896875 0.6745891609375 0.5965517234375 0.423758740625 0.5965517234375 0.423758740625 0.856206896875
9 0.9047202796875 0.442344828125 0.9954108390625 0.442344828125 0.9954108390625 0.2557586203125 0.9047202796875 0.2557586203125 0.9047202796875 0.442344828125
9 0.8221153843750001 0.4451149421875 0.9085052453125 0.4451149421875 0.9085052453125 0.258517240625 0.8221153843750001 0.258517240625 0.8221153843750001 0.4451149421875
10 0.4612762234375 0.26597701093750004 0.8100262234375 0.26597701093750004 0.8100262234375 0.12045977031249999 0.4612762234375 0.12045977031249999 0.4612762234375 0.26597701093750004
4 0.8990384609375001 0.5989655171875 0.9950262234375 0.5989655171875 0.9950262234375 0.44728735625000005 0.8990384609375001 0.44728735625000005 0.8990384609375001 0.5989655171875
0 0.3485139859375 0.9996436781250001 0.6570279718750001 0.9996436781250001 0.6570279718750001 0.8546896546875 0.3485139859375 0.8546896546875 0.3485139859375 0.9996436781250001
6 0.6685489515625 0.523206896875 0.8260227265625 0.523206896875 0.8260227265625 0.26041379375 0.6685489515625 0.26041379375 0.6685489515625 0.523206896875