9 0.14180308125000002 0.5998812734375 0.0177175765625 0.604240959375 0.032407865625 0.7448653249999999 0.15649336875 0.7405056359375 0.14180308125000002 0.5998812734375
3 0.13708397187500002 0.10315939999999998 0.146209575 0.190515215625 0.345144253125 0.1835257375 0.33601865000000003 0.096169921875 0.13708397187500002 0.10315939999999998
2 0.5484683234375 0.5854201 0.0177179328125 0.6042443765625001 0.032065482812500004 0.7415878390625 0.156586146875 0.7366154828125 0.1546765203125 0.7631981328124999 0.5634917390624999 0.750470171875 0.5484683234375 0.5854201
7 0.45518708906249994 0.0614650875 0.4704281390625 0.207361665625 0.8663634078125 0.1934506640625 0.8511223578125 0.047554084375 0.45518708906249994 0.0614650875
6 0.0057757781250000004 0.3308941421875 0.3990286578125 0.317077384375 0.38743164218750004 0.2060637 0.0038321078125 0.21954129218750001 0.0057757781250000004 0.3308941421875
9 0.0542863703125 0.41621195625 0.06069321875 0.4775421984375 0.365754021875 0.466824028125 0.359347171875 0.40549378437500005 0.0542863703125 0.41621195625
9 0.511536003125 0.34284385 0.5223599531249999 0.4464572609375 0.7085849140625 0.4399143328125 0.697760965625 0.3363009203125 0.511536003125 0.34284385
2 0.5669575765625 0.3461689625 0.987538640625 0.3313920390625 0.973624425 0.1981967078125 0.5530433609375 0.2129736296875 0.5669575765625 0.3461689625
9 0.05576073593749999 0.3772334703125 0.0604552203125 0.42217191718749997 0.230875928125 0.41618426406250003 0.22618144375 0.3712458171875 0.05576073593749999 0.3772334703125
1 0.386200015625 0.4576102984375 0.0082194234375 0.47089047187500005 0.009108584375000001 0.5218304671875 0.01827334375 0.6095611062499999 0.40067000156250004 0.596125775 0.386200015625 0.4576102984375
1 0.218052459375 0.3202417171875 0.2282695703125 0.41804610625 0.41391430625 0.41152356250000005 0.40369719687499994 0.3137191765625 0.218052459375 0.3202417171875
10 0.006658074999999999 0.38144089375 0.23972974374999997 0.37325202812499997 0.2340238640625 0.318631878125 0.0057017640625 0.32665386875 0.006658074999999999 0.38144089375
0 0.0038690312499999996 0.22165662187500002 0.11643766874999999 0.21770157499999998 0.10130577031250002 0.072849853125 0.001332909375 0.076362353125 0.0038690312499999996 0.22165662187500002