9 0.8269131078124999 0.362328428125 0.9848376343749999 0.340912425 0.9616674078124999 0.21289480156249999 0.8037428796875 0.23431080468749999 0.8269131078124999 0.362328428125
3 0.8657836874999999 0.8188073828125001 0.85139035 0.7392828687499999 0.6706469703125 0.7637933140625 0.6850403078125 0.8433178281249999 0.8657836874999999 0.8188073828125001
2 0.9828262171875 0.341167309375 0.9569262453125 0.21639876249999998 0.8039291109375 0.23789758125 0.8038186515625 0.21327205781249997 0.43227312500000004 0.262137096875 0.45744684218750004 0.412592346875 0.9828262171875 0.341167309375
7 0.5788930796875 0.8860721843749999 0.554854165625 0.7532549875 0.1951246359375 0.802037584375 0.21916354999999998 0.93485478125 0.5788930796875 0.8860721843749999
6 1 0.6550331593750001 0.9890879312499999 0.5947429859375 0.6122630890625 0.6458438609375 0.630554459375 0.74690535625 1 0.69680518125 1 0.6550331593750001
9 0.9194242296875 0.523321603125 0.9093190421875 0.4674895125 0.6321540890625 0.5050756 0.6422592796875 0.560907690625 0.9194242296875 0.523321603125
9 0.5079753734375 0.6323684765625 0.49090332343750004 0.538043834375 0.3217074359375 0.5609883359375 0.3387794875 0.655312978125 0.5079753734375 0.6323684765625
2 0.47920096718750005 0.7556017515625 0.45725479687500004 0.6343471578125001 0.0582637859375 0.68845396875 0.08020995625 0.8097085609375 0.47920096718750005 0.7556017515625
9 0.9207939515625 0.55930983125 0.9133895859375001 0.5184000390625 0.7585527578125 0.539397321875 0.7659571234375 0.5803071140625 0.9207939515625 0.55930983125
1 0.971639259375 0.466932940625 0.9488165046875 0.34083514375 0.5913462671875 0.389311359375 0.61416901875 0.51540915625 0.971639259375 0.466932940625
1 0.7769124890625 0.6264842109375001 0.760797571875 0.5374478234375 0.5921288546875 0.560320834375 0.608243771875 0.6493572234375 0.7769124890625 0.6264842109375001
10 0.9897844609374999 0.5985913671875001 0.980784871875 0.5488678218749999 0.75347496875 0.5796931125 0.76247455625 0.629416659375 0.9897844609374999 0.5985913671875001
0 1 0.7177001265625 0.9959612953124999 0.695385915625 0.8766204578125001 0.7115696203125 0.9004872140625 0.8434356265625 1 0.8299407875 1 0.7177001265625