9 0.1962571203125 0.23431080468749999 0.0383325921875 0.21289480156249999 0.015162365624999999 0.340912425 0.1730868921875 0.362328428125 0.1962571203125 0.23431080468749999
3 0.31495969218750003 0.8433178281249999 0.3293530296875 0.7637933140625 0.14860964999999998 0.7392828687499999 0.1342163125 0.8188073828125001 0.31495969218750003 0.8433178281249999
2 0.5425531578125 0.412592346875 0.567726875 0.262137096875 0.19618134843749999 0.21327205781249997 0.1960708890625 0.23789758125 0.0430737546875 0.21639876249999998 0.0171737828125 0.341167309375 0.5425531578125 0.412592346875
7 0.78083645 0.93485478125 0.8048753640624999 0.802037584375 0.445145834375 0.7532549875 0.42110692031249997 0.8860721843749999 0.78083645 0.93485478125
6 0 0.69680518125 0.369445540625 0.74690535625 0.3877369109375 0.6458438609375 0.01091206875 0.5947429859375 0 0.6550331593750001 0 0.69680518125
9 0.3577407203125 0.560907690625 0.36784591093749996 0.5050756 0.09068095781249999 0.4674895125 0.08057577031249999 0.523321603125 0.3577407203125 0.560907690625
9 0.6612205125 0.655312978125 0.6782925640624999 0.5609883359375 0.5090966765625 0.538043834375 0.4920246265625 0.6323684765625 0.6612205125 0.655312978125
2 0.91979004375 0.8097085609375 0.9417362140625001 0.68845396875 0.542745203125 0.6343471578125001 0.5207990328125 0.7556017515625 0.91979004375 0.8097085609375
9 0.2340428765625 0.5803071140625 0.24144724218750002 0.539397321875 0.0866104140625 0.5184000390625 0.0792060484375 0.55930983125 0.2340428765625 0.5803071140625
1 0.38583098125 0.51540915625 0.4086537328125 0.389311359375 0.05118349531250001 0.34083514375 0.028360740625000002 0.466932940625 0.38583098125 0.51540915625
1 0.391756228125 0.6493572234375 0.4078711453125 0.560320834375 0.23920242812499998 0.5374478234375 0.22308751093749998 0.6264842109375001 0.391756228125 0.6493572234375
10 0.23752544375 0.629416659375 0.24652503124999997 0.5796931125 0.019215128125 0.5488678218749999 0.0102155390625 0.5985913671875001 0.23752544375 0.629416659375
0 0 0.8299407875 0.0995127859375 0.8434356265625 0.1233795421875 0.7115696203125 0.0040387046875 0.695385915625 0 0.7177001265625 0 0.8299407875