9 0.84350663125 0.7405056359375 0.967592134375 0.7448653249999999 0.9822824234375 0.604240959375 0.85819691875 0.5998812734375 0.84350663125 0.7405056359375
3 0.66398135 0.096169921875 0.654855746875 0.1835257375 0.853790425 0.190515215625 0.862916028125 0.10315939999999998 0.66398135 0.096169921875
2 0.43650826093750006 0.750470171875 0.8453234796875 0.7631981328124999 0.843413853125 0.7366154828125 0.9679345171874999 0.7415878390625 0.9822820671875 0.6042443765625001 0.45153167656250004 0.5854201 0.43650826093750006 0.750470171875
7 0.1488776421875 0.047554084375 0.1336365921875 0.1934506640625 0.5295718609375 0.207361665625 0.5448129109375001 0.0614650875 0.1488776421875 0.047554084375
6 0.9961678921875 0.21954129218750001 0.6125683578125 0.2060637 0.6009713421875 0.317077384375 0.9942242218749999 0.3308941421875 0.9961678921875 0.21954129218750001
9 0.640652828125 0.40549378437500005 0.6342459781249999 0.466824028125 0.93930678125 0.4775421984375 0.9457136296875 0.41621195625 0.640652828125 0.40549378437500005
9 0.302239034375 0.3363009203125 0.2914150859375 0.4399143328125 0.47764004687500006 0.4464572609375 0.48846399687500003 0.34284385 0.302239034375 0.3363009203125
2 0.44695663906250005 0.2129736296875 0.026375575000000002 0.1981967078125 0.012461359375 0.3313920390625 0.4330424234375 0.3461689625 0.44695663906250005 0.2129736296875
9 0.77381855625 0.3712458171875 0.769124071875 0.41618426406250003 0.9395447796875 0.42217191718749997 0.9442392640625 0.3772334703125 0.77381855625 0.3712458171875
1 0.5993299984375 0.596125775 0.98172665625 0.6095611062499999 0.990891415625 0.5218304671875 0.9917805765625 0.47089047187500005 0.613799984375 0.4576102984375 0.5993299984375 0.596125775
1 0.5963028031250001 0.3137191765625 0.5860856937500001 0.41152356250000005 0.7717304296874999 0.41804610625 0.7819475406249999 0.3202417171875 0.5963028031250001 0.3137191765625
10 0.9942982359375 0.32665386875 0.7659761359374999 0.318631878125 0.76027025625 0.37325202812499997 0.993341925 0.38144089375 0.9942982359375 0.32665386875
0 0.9986670906249999 0.076362353125 0.8986942296875 0.072849853125 0.8835623312499999 0.21770157499999998 0.99613096875 0.22165662187500002 0.9986670906249999 0.076362353125