10 0.0062730625 0.596817496875 0.1085977859375 0.596817496875 0.1085977859375 0.271734540625 0.0062730625 0.271734540625 0.0062730625 0.596817496875
1 0.111568265625 0.8441025640625 0.24649446562500002 0.8441025640625 0.24649446562500002 0.59657616875 0.111568265625 0.59657616875 0.111568265625 0.8441025640625
9 0.0048062734374999996 0.8465158374999999 0.12343173437499999 0.8465158374999999 0.12343173437499999 0.7056711921875001 0.0048062734374999996 0.7056711921875001 0.0048062734374999996 0.8465158374999999
7 0.4095940953125 0.47873303125 0.6048616234375 0.47873303125 0.6048616234375 0.1585822015625 0.4095940953125 0.1585822015625 0.4095940953125 0.47873303125
0 0.3001660515625 0.1705429859375 0.5635055343750001 0.1705429859375 0.5635055343750001 0.0018250375 0.3001660515625 0.0018250375 0.3001660515625 0.1705429859375
0 0.825940959375 0.176938159375 0.9985332109374999 0.176938159375 0.9985332109374999 0.0053092 0.825940959375 0.0053092 0.825940959375 0.176938159375
9 0.43925276718750006 0.8416742078125001 0.53562730625 0.8416742078125001 0.53562730625 0.59657616875 0.43925276718750006 0.59657616875 0.43925276718750006 0.8416742078125001
9 0.33693726874999996 0.8465158374999999 0.4407287828125 0.8465158374999999 0.4407287828125 0.594117646875 0.33693726874999996 0.594117646875 0.33693726874999996 0.8465158374999999
9 0.7506180812500001 0.788340875 0.9092712171875 0.788340875 0.9092712171875 0.59657616875 0.7506180812500001 0.59657616875 0.7506180812500001 0.788340875
2 0.995987084375 0.7853393671875 0.9938376390625001 0.16603318281249999 0.8007380078124999 0.16606334843749998 0.8034963093749999 0.48461538437499996 0.753505534375 0.481900453125 0.7506180812500001 0.788340875 0.995987084375 0.7853393671875
3 0.30474169687499997 0.45095022656249995 0.3927306265625 0.45095022656249995 0.3927306265625 0.24393665156250002 0.30474169687499997 0.24393665156250002 0.30474169687499997 0.45095022656249995
1 0.5279612546875 0.9976319765625 0.757785978125 0.9976319765625 0.757785978125 0.5933936656250001 0.5279612546875 0.5933936656250001 0.5279612546875 0.9976319765625
1 0.6058118078125 0.48461538437499996 0.8034963093749999 0.48461538437499996 0.8034963093749999 0.11870286562500001 0.6058118078125 0.11870286562500001 0.6058118078125 0.48461538437499996
6 0.1026660515625 0.6010859734375 0.24857011093749998 0.6010859734375 0.24857011093749998 0.2025490203125 0.1026660515625 0.2025490203125 0.1026660515625 0.6010859734375