10 0.8564241921875 0.1101767296875 0.5525521203125 0.028958029687499998 0.524280740625 0.027476389062500002 0.5044779312500001 0.104783725 0.8351650140625001 0.1931695203125 0.8564241921875 0.1101767296875
1 0.46890486875 0.2446798421875 0.5039518390625 0.10786147500000001 0.2521583203125 0.0405622921875 0.21711135 0.1773806578125 0.46890486875 0.2446798421875
9 0.25648250625 0.013441678125 0.24662192031250002 0.05193599375 0.38989459531250004 0.09022980781249999 0.4075365625 0.0213580859375 0.25648250625 0.013441678125
7 0.82136385625 0.7271574625 0.872084440625 0.5291515578125 0.546414509375 0.44210674218749996 0.49569392656250005 0.640112646875 0.82136385625 0.7271574625
0 0.9489274578125 0.716445340625 0.9774852265625 0.6049598984375 0.9841842625 0.44055377656249994 0.8883413109375 0.41493694375 0.819939090625 0.681969425 0.9489274578125 0.716445340625
0 0.8762929671874999 1 0.8807600656250001 0.9825610875 0.745266278125 0.946346409375 0.7315225375 1 0.8762929671874999 1
9 0.3938028421875 0.5378674015625 0.4188360515625 0.4401413328125 0.1695127515625 0.3735023875 0.14447954375 0.4712284578125 0.3938028421875 0.5378674015625
9 0.4209535640625 0.44230648749999996 0.44791332500000003 0.3370594328125 0.1911640265625 0.268435671875 0.16420426562499998 0.3736827265625 0.4209535640625 0.44230648749999996
9 0.2967491328125 0.9167511921875 0.3379591609375 0.7558731484375001 0.142888609375 0.7037348375 0.10167858437499999 0.86461288125 0.2967491328125 0.9167511921875
2 0.743354971875 1 0.76287500625 0.9237467359375 0.43811496562499996 0.8399335953125 0.45386176406249995 0.7899799187500001 0.142888609375 0.7037348375 0.08600601875 0.937734634375 0.3189659859375 1 0.743354971875 1
3 0.78963883125 0.48884484375000004 0.8124938859374999 0.39962198125000004 0.6019115937499999 0.343337703125 0.5790565390625 0.43256056562499995 0.78963883125 0.48884484375000004
1 0 0.6733097296875 0.339334671875 0.764006846875 0.39903146093749997 0.5309591250000001 0 0.42430629687500004 0 0.6733097296875
1 0.8103354734374999 0.939420415625 0.8616838640625 0.738963640625 0.48946335625000004 0.639476821875 0.43811496562499996 0.8399335953125 0.8103354734374999 0.939420415625
6 0.8691855265624999 0.3539154140625 0.9070839906250001 0.2059652375 0.501676634375 0.0976082625 0.46377817187500003 0.24555844062499999 0.8691855265624999 0.3539154140625