10 0.984176653125 0.6028996890625 0.9939279531249999 0.5043754078125 0.9968349859375 0.2545455203125 0.9335611875 0.25010971406250004 0.8992336828124999 0.5969447640625 0.984176653125 0.6028996890625
1 0.8961051484375 0.5964661765625 0.752842246875 0.5864227375 0.726704415625 0.8505117265625 0.86996731875 0.86055516875 0.8961051484375 0.5964661765625
9 0.8571160062500001 0.8622468421875 0.9578094734375 0.8693059562500001 0.9726821234375 0.7190370515625 0.8719886562499999 0.7119779390625001 0.8571160062500001 0.8622468421875
7 0.62591563125 0.10698095 0.41858308437499997 0.092445909375 0.38477639531249996 0.4340188125 0.592108940625 0.44855385312499996 0.62591563125 0.10698095
0 0.4719488296875 0 0.46123143437499997 0.1082854234375 0.7408419078125 0.12788750625 0.7527983203125 0.0070834093749999995 0.6517582749999999 0 0.4719488296875 0
0 0.041762139062499995 0 0.0333337390625 0.0851581015625 0.18190557499999999 0.095573725 0.19136484843749998 0 0.041762139062499995 0
9 0.5481739640625001 0.5720744734375 0.4458447203125 0.564900684375 0.419963315625 0.8263988328125 0.5222925593750001 0.8335726203125 0.5481739640625001 0.5720744734375
9 0.657070853125 0.5770674578125 0.5468663625 0.5693415749999999 0.5202140890625 0.8386283453125 0.63041858125 0.8463542281249999 0.657070853125 0.5770674578125
9 0.2175702859375 0.5488975140625 0.0491144265625 0.537087921875 0.028864815625 0.7416840703124999 0.19732067343749998 0.7534936625 0.2175702859375 0.5488975140625
2 0 0.7372152984375 0.19732067343749998 0.7534936625 0.2266137359375 0.4263336328125 0.1732474890625 0.4255090859375 0.209814084375 0.085847275 0.0344848015625 0.0735281078125 0 0.421952440625 0 0.7372152984375
3 0.72823345625 0.205851525 0.63480794375 0.1993019328125 0.6129481109375 0.42016729062499997 0.706373625 0.42671688437500005 0.72823345625 0.205851525
1 0.2102955640625 0.54496850625 0.16815585625 0.9707357671875 0.412180790625 0.9878431265625001 0.45432049531249996 0.562075865625 0.2102955640625 0.54496850625
1 0.4217852953125 0.049827420312499995 0.21188643593749998 0.0351124671875 0.1732474890625 0.4255090859375 0.383146346875 0.44022403906249996 0.4217852953125 0.049827420312499995
6 0.94716515 0.176736359375 0.7922461000000001 0.165875765625 0.7501621375 0.5910797984375 0.9050811875000001 0.60194039375 0.94716515 0.176736359375