10 0.9937269375 0.271734540625 0.8914022140625001 0.271734540625 0.8914022140625001 0.596817496875 0.9937269375 0.596817496875 0.9937269375 0.271734540625
1 0.888431734375 0.59657616875 0.753505534375 0.59657616875 0.753505534375 0.8441025640625 0.888431734375 0.8441025640625 0.888431734375 0.59657616875
9 0.9951937265625 0.7056711921875001 0.876568265625 0.7056711921875001 0.876568265625 0.8465158374999999 0.9951937265625 0.8465158374999999 0.9951937265625 0.7056711921875001
7 0.5904059046875 0.1585822015625 0.3951383765625 0.1585822015625 0.3951383765625 0.47873303125 0.5904059046875 0.47873303125 0.5904059046875 0.1585822015625
0 0.6998339484375 0.0018250375 0.43649446562499994 0.0018250375 0.43649446562499994 0.1705429859375 0.6998339484375 0.1705429859375 0.6998339484375 0.0018250375
0 0.174059040625 0.0053092 0.0014667890625 0.0053092 0.0014667890625 0.176938159375 0.174059040625 0.176938159375 0.174059040625 0.0053092
9 0.5607472328124999 0.59657616875 0.46437269375 0.59657616875 0.46437269375 0.8416742078125001 0.5607472328124999 0.8416742078125001 0.5607472328124999 0.59657616875
9 0.6630627312499999 0.594117646875 0.5592712171875001 0.594117646875 0.5592712171875001 0.8465158374999999 0.6630627312499999 0.8465158374999999 0.6630627312499999 0.594117646875
9 0.24938191875000001 0.59657616875 0.09072878281249999 0.59657616875 0.09072878281249999 0.788340875 0.24938191875000001 0.788340875 0.24938191875000001 0.59657616875
2 0.24938191875000001 0.788340875 0.24649446562500002 0.481900453125 0.196503690625 0.48461538437499996 0.19926199218750001 0.16606334843749998 0.0061623609375 0.16603318281249999 0.004012915625 0.7853393671875 0.24938191875000001 0.788340875
3 0.6952583031249999 0.24393665156250002 0.6072693734375 0.24393665156250002 0.6072693734375 0.45095022656249995 0.6952583031249999 0.45095022656249995 0.6952583031249999 0.24393665156250002
1 0.4720387453125 0.5933936656250001 0.24221402187500002 0.5933936656250001 0.24221402187500002 0.9976319765625 0.4720387453125 0.9976319765625 0.4720387453125 0.5933936656250001
1 0.3941881921875 0.11870286562500001 0.196503690625 0.11870286562500001 0.196503690625 0.48461538437499996 0.3941881921875 0.48461538437499996 0.3941881921875 0.11870286562500001
6 0.8973339484375 0.2025490203125 0.7514298890625 0.2025490203125 0.7514298890625 0.6010859734375 0.8973339484375 0.6010859734375 0.8973339484375 0.2025490203125