7 0.401293103125 0.14412195156250002 0.26162931093749997 0.14412195156250002 0.26162931093749997 0.28896341406250003 0.401293103125 0.28896341406250003 0.401293103125 0.14412195156250002
9 0.23155172343750002 0.606939025 0.1770517234375 0.606939025 0.1770517234375 0.7633170734375 0.23155172343750002 0.7633170734375 0.23155172343750002 0.606939025
1 0.682844828125 0.720975609375 0.569431034375 0.720975609375 0.569431034375 0.905975609375 0.682844828125 0.905975609375 0.682844828125 0.720975609375
9 0.3180775859375 0.32392682968750003 0.27254310312499996 0.32392682968750003 0.27254310312499996 0.4353780484375 0.3180775859375 0.4353780484375 0.3180775859375 0.32392682968750003
9 0.44825862031249997 0.60845121875 0.3884224140625 0.60845121875 0.3884224140625 0.7202804875 0.44825862031249997 0.7202804875 0.44825862031249997 0.60845121875
3 0.4961724140625 0.170975609375 0.423017240625 0.170975609375 0.423017240625 0.26576829218750003 0.4961724140625 0.26576829218750003 0.4961724140625 0.170975609375
4 0.2859913796875 0.60845121875 0.23095689687499998 0.60845121875 0.23095689687499998 0.765585365625 0.2859913796875 0.765585365625 0.2859913796875 0.60845121875
1 0.285431034375 0.7608536578125 0.13036206875 0.7608536578125 0.13036206875 0.9299634140625 0.285431034375 0.9299634140625 0.285431034375 0.7608536578125
2 0.2745258625 0.2831585359375 0.17197413749999999 0.2831585359375 0.17197413749999999 0.43899999999999995 0.2745258625 0.43899999999999995 0.2745258625 0.2831585359375
6 0.5076724140625 0.28496341406250003 0.4108965515625 0.28496341406250003 0.4108965515625 0.410914634375 0.5076724140625 0.410914634375 0.5076724140625 0.28496341406250003
9 0.738094828125 0.7753170734375 0.682 0.7753170734375 0.682 0.9015000000000001 0.738094828125 0.9015000000000001 0.738094828125 0.7753170734375
0 0.956405171875 0.566914634375 0.90725 0.566914634375 0.90725 0.72782926875 0.956405171875 0.72782926875 0.956405171875 0.566914634375
10 0.509594828125 0.4045731703125 0.412818965625 0.4045731703125 0.412818965625 0.4761585359375 0.509594828125 0.4761585359375 0.509594828125 0.4045731703125
9 0.346905171875 0.32754878125000003 0.315456896875 0.32754878125000003 0.315456896875 0.4145365859375 0.346905171875 0.4145365859375 0.346905171875 0.32754878125000003
1 0.49336206875000005 0.764024390625 0.38634482812500004 0.764024390625 0.38634482812500004 0.9286219515624999 0.49336206875000005 0.9286219515624999 0.49336206875000005 0.764024390625
7 0.387318965625 0.6051829265625 0.28227586250000003 0.6051829265625 0.28227586250000003 0.7628536578125 0.387318965625 0.7628536578125 0.387318965625 0.6051829265625