7 0.7192740578125 0.5622194953124999 0.73757549375 0.70454418125 0.8852026609375001 0.6864030453125001 0.8669012234375 0.5440783578125 0.7192740578125 0.5622194953124999
9 0.25804005 0.794606765625 0.26518168750000004 0.85014510625 0.42456731718749996 0.830559034375 0.41742567812500003 0.7750206921875 0.25804005 0.794606765625
1 0.0535006921875 0.352583290625 0.06836234687500001 0.4681578578125 0.2569204109375 0.44498693749999996 0.24205875312499997 0.32941236875 0.0535006921875 0.352583290625
9 0.5809479640624999 0.66535861875 0.5869147671875 0.71176063125 0.7005095031249999 0.6978015625 0.6945426984374999 0.65139955 0.5809479640624999 0.66535861875
9 0.2735072421875 0.56838088125 0.2813481328125 0.629357096875 0.3953281859375 0.615350678125 0.38748729531250004 0.5543744640625 0.2735072421875 0.56838088125
3 0.730482375 0.4626273828125 0.7400685734375 0.5371763171875 0.8366843796874999 0.5253037015625 0.8270981828125 0.45075476875 0.730482375 0.4626273828125
4 0.2485943984375 0.739414015625 0.255806075 0.7954970234375 0.41596234687500006 0.77581625 0.40875066875000005 0.71973324375 0.2485943984375 0.739414015625
1 0.081128334375 0.760573096875 0.10144845312499999 0.9185964578125001 0.2738106578125 0.8974157609375 0.2534905390625 0.7393924000000001 0.081128334375 0.760573096875
2 0.5829633375000001 0.7101937406250001 0.5964016375 0.81469929375 0.7552403609375 0.7951804265625 0.7418020624999999 0.6906748734375 0.5829633375000001 0.7101937406250001
6 0.5810375171875 0.46908760312500003 0.5937189515625 0.567707253125 0.7220925609375 0.5519320875 0.709411125 0.4533124359375 0.5810375171875 0.46908760312500003
9 0.0508224625 0.295720096875 0.058173084374999996 0.35288365 0.18678285781249998 0.3370794625 0.179432234375 0.279915909375 0.0508224625 0.295720096875
0 0.1992261421875 0.051498521875 0.2056673984375 0.10159020625 0.3696768640625 0.0814359328125 0.363235609375 0.0313442484375 0.1992261421875 0.051498521875
10 0.5142868828125 0.475300246875 0.526968315625 0.573919896875 0.5999304671875 0.56495395625 0.5872490328125 0.4663343078125 0.5142868828125 0.475300246875
9 0.5984127203125 0.6333714484375 0.6025336796875 0.66541888125 0.6911945 0.6545238125 0.68707354375 0.62247638125 0.5984127203125 0.6333714484375
1 0.0552484734375 0.5485125140625 0.06927193125 0.6575686640625 0.2370351578125 0.6369531109375 0.2230117015625 0.5278969625000001 0.0552484734375 0.5485125140625
7 0.2381007578125 0.6358137828125 0.25186552500000003 0.74285818125 0.4125687 0.7231102015624999 0.39880393281250004 0.6160658031249999 0.2381007578125 0.6358137828125