7 0.1330987765625 0.5440783578125 0.1147973390625 0.6864030453125001 0.26242450625 0.70454418125 0.2807259421875 0.5622194953124999 0.1330987765625 0.5440783578125
9 0.5825743218749999 0.7750206921875 0.5754326828125 0.830559034375 0.7348183125000001 0.85014510625 0.74195995 0.794606765625 0.5825743218749999 0.7750206921875
1 0.757941246875 0.32941236875 0.7430795890625 0.44498693749999996 0.931637653125 0.4681578578125 0.9464993078124999 0.352583290625 0.757941246875 0.32941236875
9 0.3054573015625 0.65139955 0.29949049687499996 0.6978015625 0.4130852328125 0.71176063125 0.4190520359375 0.66535861875 0.3054573015625 0.65139955
9 0.6125127046875 0.5543744640625 0.6046718140625 0.615350678125 0.7186518671875 0.629357096875 0.7264927578125 0.56838088125 0.6125127046875 0.5543744640625
3 0.1729018171875 0.45075476875 0.1633156203125 0.5253037015625 0.2599314265625 0.5371763171875 0.269517625 0.4626273828125 0.1729018171875 0.45075476875
4 0.59124933125 0.71973324375 0.584037653125 0.77581625 0.744193925 0.7954970234375 0.7514056015625 0.739414015625 0.59124933125 0.71973324375
1 0.7465094609375 0.7393924000000001 0.7261893421875001 0.8974157609375 0.898551546875 0.9185964578125001 0.918871665625 0.760573096875 0.7465094609375 0.7393924000000001
2 0.2581979375 0.6906748734375 0.24475963906249998 0.7951804265625 0.40359836250000003 0.81469929375 0.4170366625 0.7101937406250001 0.2581979375 0.6906748734375
6 0.29058887499999997 0.4533124359375 0.2779074390625 0.5519320875 0.4062810484375 0.567707253125 0.4189624828125 0.46908760312500003 0.29058887499999997 0.4533124359375
9 0.820567765625 0.279915909375 0.8132171421875001 0.3370794625 0.941826915625 0.35288365 0.9491775375 0.295720096875 0.820567765625 0.279915909375
0 0.636764390625 0.0313442484375 0.6303231359375 0.0814359328125 0.7943326015625 0.10159020625 0.8007738578125 0.051498521875 0.636764390625 0.0313442484375
10 0.4127509671875 0.4663343078125 0.4000695328125 0.56495395625 0.473031684375 0.573919896875 0.48571311718750004 0.475300246875 0.4127509671875 0.4663343078125
9 0.31292645625 0.62247638125 0.3088055 0.6545238125 0.3974663203125 0.66541888125 0.40158727968749997 0.6333714484375 0.31292645625 0.62247638125
1 0.7769882984375001 0.5278969625000001 0.7629648421875 0.6369531109375 0.93072806875 0.6575686640625 0.9447515265625 0.5485125140625 0.7769882984375001 0.5278969625000001
7 0.6011960671875001 0.6160658031249999 0.5874313 0.7231102015624999 0.748134475 0.74285818125 0.7618992421875 0.6358137828125 0.6011960671875001 0.6160658031249999