7 0.69051879375 0.10716819375 0.5477845140625 0.1272281875 0.5686026359375 0.2753568265625 0.711336915625 0.25529683125 0.69051879375 0.10716819375
9 0.8434766921874999 0.5683409625 0.7877785171875 0.5761688296874999 0.810254796875 0.7360958765625 0.8659529718750001 0.7282680078125 0.8434766921874999 0.5683409625
1 0.458861509375 0.7413232828125 0.3429543328125 0.757612975 0.3695444578125 0.946811546875 0.48545163437500005 0.9305218546875 0.458861509375 0.7413232828125
9 0.705208490625 0.2926212953125 0.658672940625 0.299161440625 0.6746918703125 0.41314204375 0.7212274203125 0.4066018984375 0.705208490625 0.2926212953125
9 0.6276763984375 0.6002467765625 0.566524703125 0.6088410859375 0.58259796875 0.72320831875 0.6437496656249999 0.7146140078125 0.6276763984375 0.6002467765625
3 0.5294424625 0.1578115421875 0.4546789859375 0.16831886406250002 0.4683035765625 0.2652628640625 0.5430670531249999 0.25475554218749996 0.5294424625 0.1578115421875
4 0.7886037703125 0.5776299093749999 0.7323593625 0.5855345453125 0.75494431875 0.74623485 0.811188725 0.7383302140625 0.7886037703125 0.5776299093749999
1 0.913315025 0.7190426234375 0.7548368921875 0.7413152734375 0.77914310625 0.9142629718749999 0.9376212374999999 0.8919903234375001 0.913315025 0.7190426234375
2 0.80212880625 0.23648298437499998 0.6973224984375 0.2512125515625 0.7197216562500001 0.41059083281250003 0.8245279625 0.39586126718750003 0.80212880625 0.23648298437499998
6 0.5582131375 0.272645396875 0.4593096734375 0.286545371875 0.47741269218750004 0.41535505156249997 0.5763161578125 0.401455075 0.5582131375 0.272645396875
9 0.3516282546875 0.8130663734375 0.294300190625 0.82112330625 0.3124365140625 0.9501699546875001 0.36976457812499997 0.9421130203124999 0.3516282546875 0.8130663734375
0 0.0914724015625 0.6322870375 0.0412365609375 0.6393472250000001 0.0643648859375 0.8039138140625001 0.114600728125 0.7968536265624999 0.0914724015625 0.6322870375
10 0.5734400187500001 0.3952458109375 0.474536553125 0.40914578593749995 0.48482554687499996 0.4823557796875 0.5837290125 0.4684558046875 0.5734400187500001 0.3952458109375
9 0.6618718296874999 0.30248918125 0.62973216875 0.307006115625 0.6422349609375 0.39596810625 0.674374621875 0.391451171875 0.6618718296874999 0.30248918125
1 0.65216025625 0.759052271875 0.5427902578125 0.7744232234374999 0.5664479328125 0.9427563234375 0.6758179296875 0.927385371875 0.65216025625 0.759052271875
7 0.7356868140625 0.5816584171875 0.6283343546875 0.596745821875 0.6509964328125 0.7579948875 0.7583488921875 0.7429074828125 0.7356868140625 0.5816584171875