7 0.288663084375 0.25529683125 0.4313973640625 0.2753568265625 0.4522154859375 0.1272281875 0.30948120625 0.10716819375 0.288663084375 0.25529683125
9 0.134047028125 0.7282680078125 0.189745203125 0.7360958765625 0.21222148281250003 0.5761688296874999 0.15652330781249998 0.5683409625 0.134047028125 0.7282680078125
1 0.514548365625 0.9305218546875 0.6304555421875 0.946811546875 0.6570456671875 0.757612975 0.5411384906250001 0.7413232828125 0.514548365625 0.9305218546875
9 0.2787725796875 0.4066018984375 0.3253081296875 0.41314204375 0.341327059375 0.299161440625 0.294791509375 0.2926212953125 0.2787725796875 0.4066018984375
9 0.356250334375 0.7146140078125 0.41740203124999997 0.72320831875 0.433475296875 0.6088410859375 0.3723236015625 0.6002467765625 0.356250334375 0.7146140078125
3 0.456932946875 0.25475554218749996 0.5316964234375 0.2652628640625 0.5453210140625 0.16831886406250002 0.47055753749999996 0.1578115421875 0.456932946875 0.25475554218749996
4 0.188811275 0.7383302140625 0.24505568125 0.74623485 0.2676406375 0.5855345453125 0.2113962296875 0.5776299093749999 0.188811275 0.7383302140625
1 0.0623787625 0.8919903234375001 0.22085689375 0.9142629718749999 0.2451631078125 0.7413152734375 0.086684975 0.7190426234375 0.0623787625 0.8919903234375001
2 0.1754720375 0.39586126718750003 0.28027834375 0.41059083281250003 0.3026775015625 0.2512125515625 0.19787119375 0.23648298437499998 0.1754720375 0.39586126718750003
6 0.42368384218750005 0.401455075 0.5225873078125 0.41535505156249997 0.5406903265625 0.286545371875 0.4417868625 0.272645396875 0.42368384218750005 0.401455075
9 0.6302354218749999 0.9421130203124999 0.6875634859375 0.9501699546875001 0.705699809375 0.82112330625 0.6483717453125 0.8130663734375 0.6302354218749999 0.9421130203124999
0 0.885399271875 0.7968536265624999 0.9356351140625 0.8039138140625001 0.9587634390625001 0.6393472250000001 0.9085275984375001 0.6322870375 0.885399271875 0.7968536265624999
10 0.4162709875 0.4684558046875 0.515174453125 0.4823557796875 0.525463446875 0.40914578593749995 0.42655998124999994 0.3952458109375 0.4162709875 0.4684558046875
9 0.325625378125 0.391451171875 0.3577650390625 0.39596810625 0.37026783124999996 0.307006115625 0.3381281703125 0.30248918125 0.325625378125 0.391451171875
1 0.3241820703125 0.927385371875 0.4335520671875 0.9427563234375 0.4572097421875 0.7744232234374999 0.34783974375 0.759052271875 0.3241820703125 0.927385371875
7 0.24165110781250002 0.7429074828125 0.3490035671875 0.7579948875 0.3716656453125 0.596745821875 0.2643131859375 0.5816584171875 0.24165110781250002 0.7429074828125