2 0.912094828125 0.2051148546875 0.7461724140625 0.2051148546875 0.746206896875 0.7716692187499999 0.8300862062500001 0.7681470140625 0.8281034484375001 0.5647779484375001 0.9111206890625001 0.5647779484375001 0.912094828125 0.2051148546875
2 0.14833620625 0.7683920375 0.300818965625 0.7683920375 0.300818965625 0.34719755 0.14833620625 0.34719755 0.14833620625 0.7683920375
9 0.6207758625 0.229770290625 0.6736637937500001 0.229770290625 0.6736637937500001 0.0935528328125 0.6207758625 0.0935528328125 0.6207758625 0.229770290625
9 0.30170689687499996 0.4239203671875 0.37838793125 0.4239203671875 0.37838793125 0.21408882031249998 0.30170689687499996 0.21408882031249998 0.30170689687499996 0.4239203671875
9 0.7498706890625 0.7684379781249999 0.8265517234375 0.7684379781249999 0.8265517234375 0.55860643125 0.7498706890625 0.55860643125 0.7498706890625 0.7684379781249999
5 0.673094828125 0.41739663125000004 0.74025 0.41739663125000004 0.74025 0.2400153140625 0.673094828125 0.2400153140625 0.673094828125 0.41739663125000004
0 0.585517240625 0.8811179171875001 0.7468189656249999 0.8811179171875001 0.7468189656249999 0.7621286375 0.585517240625 0.7621286375 0.585517240625 0.8811179171875001
9 0.1844741375 0.35660030625 0.300818965625 0.35660030625 0.300818965625 0.21568147031249998 0.1844741375 0.21568147031249998 0.1844741375 0.35660030625
0 0.1501034484375 0.8748545171875 0.30170689687499996 0.8748545171875 0.30170689687499996 0.7605666156249999 0.1501034484375 0.7605666156249999 0.1501034484375 0.8748545171875
7 0.461206896875 0.7683920375 0.7476724140625 0.7683920375 0.7476724140625 0.4239203671875 0.461206896875 0.4239203671875 0.461206896875 0.7683920375
6 0.3775086203125 0.42079632499999997 0.5969741375 0.42079632499999997 0.5969741375 0.21254211406249998 0.3775086203125 0.21254211406249998 0.3775086203125 0.42079632499999997
1 0.5899224140625 0.4254823890625 0.671017240625 0.4254823890625 0.671017240625 0.2172434921875 0.5899224140625 0.2172434921875 0.5899224140625 0.4254823890625
1 0.297293103125 0.7621286375 0.46388793125000005 0.7621286375 0.46388793125000005 0.5116079625000001 0.297293103125 0.5116079625000001 0.297293103125 0.7621286375