2 0.9129777296875 0.438296625 0.8243899906250001 0.4476227609375 0.8011417906249999 0.230043090625 0.7111948499999999 0.23570160625 0.7818181953125001 0.8412278359375 0.9588740874999999 0.822588153125 0.9129777296875 0.438296625
2 0.1261464578125 0.756533365625 0.2888608875 0.739403490625 0.2363298953125 0.2892389625 0.0736154671875 0.3063688375 0.1261464578125 0.756533365625
9 0.6619213875 0.9745501859375001 0.718358125 0.9686087671875001 0.7013692078125 0.82302218125 0.6449324703125 0.8289635984375 0.6619213875 0.9745501859375001
9 0.30640959687499997 0.8815677796875001 0.38823596562499996 0.87295345 0.3620659671875 0.6486895484375 0.2802395984375 0.6573038765625 0.30640959687499997 0.8815677796875001
9 0.74167748125 0.46300740625000003 0.823503853125 0.454393078125 0.7973338531249999 0.230129175 0.7155074828125 0.23874350312499998 0.74167748125 0.46300740625000003
5 0.6994843140625 0.8121364171875 0.7711456328125 0.804592221875 0.7490227953125 0.6150104984375 0.677361478125 0.6225546921875 0.6994843140625 0.8121364171875
0 0.5409127328125 0.26395023281249996 0.7130378828125 0.24582963750000003 0.6981976484375 0.11865619375 0.5260724984375 0.1367767890625 0.5409127328125 0.26395023281249996
9 0.1811118296875 0.8930354843750001 0.3052634515625 0.8799653359375 0.2876881828125 0.72935400625 0.1635365609375 0.7424241546875 0.1811118296875 0.8930354843750001
0 0.0764772703125 0.314533965625 0.23825338437500002 0.297502871875 0.223999503125 0.1753541703125 0.0622233890625 0.1923852640625 0.0764772703125 0.314533965625
7 0.450442128125 0.6393856859375 0.756129621875 0.6072042234375 0.71316743125 0.23903955937500002 0.4074799359375 0.2712210234375 0.450442128125 0.6393856859375
6 0.387490559375 0.8747053234375001 0.6216823203125 0.8500506218749999 0.5957090468749999 0.6274725453125 0.3615172828125 0.6521272453125 0.387490559375 0.8747053234375001
1 0.613571071875 0.8458180687500001 0.7001074015625 0.836707896875 0.6741360375000001 0.6141461875 0.58759970625 0.623256359375 0.613571071875 0.8458180687500001
1 0.2645933203125 0.5640809124999999 0.4423667453125 0.54536569375 0.4111220359375 0.2776140375 0.23334861093749998 0.296329259375 0.2645933203125 0.5640809124999999