2 0.0888793109375 0.5647779484375001 0.1718965515625 0.5647779484375001 0.16991379375 0.7681470140625 0.253793103125 0.7716692187499999 0.2538275859375 0.2051148546875 0.087905171875 0.2051148546875 0.0888793109375 0.5647779484375001
2 0.85166379375 0.34719755 0.699181034375 0.34719755 0.699181034375 0.7683920375 0.85166379375 0.7683920375 0.85166379375 0.34719755
9 0.3792241375 0.0935528328125 0.32633620625000004 0.0935528328125 0.32633620625000004 0.229770290625 0.3792241375 0.229770290625 0.3792241375 0.0935528328125
9 0.6982931031249999 0.21408882031249998 0.62161206875 0.21408882031249998 0.62161206875 0.4239203671875 0.6982931031249999 0.4239203671875 0.6982931031249999 0.21408882031249998
9 0.2501293109375 0.55860643125 0.1734482765625 0.55860643125 0.1734482765625 0.7684379781249999 0.2501293109375 0.7684379781249999 0.2501293109375 0.55860643125
5 0.326905171875 0.2400153140625 0.25975000000000004 0.2400153140625 0.25975000000000004 0.41739663125000004 0.326905171875 0.41739663125000004 0.326905171875 0.2400153140625
0 0.41448275937499995 0.7621286375 0.253181034375 0.7621286375 0.253181034375 0.8811179171875001 0.41448275937499995 0.8811179171875001 0.41448275937499995 0.7621286375
9 0.8155258625 0.21568147031249998 0.699181034375 0.21568147031249998 0.699181034375 0.35660030625 0.8155258625 0.35660030625 0.8155258625 0.21568147031249998
0 0.8498965515625001 0.7605666156249999 0.6982931031249999 0.7605666156249999 0.6982931031249999 0.8748545171875 0.8498965515625001 0.8748545171875 0.8498965515625001 0.7605666156249999
7 0.538793103125 0.4239203671875 0.2523275859375 0.4239203671875 0.2523275859375 0.7683920375 0.538793103125 0.7683920375 0.538793103125 0.4239203671875
6 0.6224913796875 0.21254211406249998 0.4030258625 0.21254211406249998 0.4030258625 0.42079632499999997 0.6224913796875 0.42079632499999997 0.6224913796875 0.21254211406249998
1 0.4100775859375 0.2172434921875 0.328982759375 0.2172434921875 0.328982759375 0.4254823890625 0.4100775859375 0.4254823890625 0.4100775859375 0.2172434921875
1 0.702706896875 0.5116079625000001 0.53611206875 0.5116079625000001 0.53611206875 0.7621286375 0.702706896875 0.7621286375 0.702706896875 0.5116079625000001