2 0.82302225625 0.741013575 0.9867018890624999 0.700025275 0.8904501671875 0.34308150937500004 0.808555071875 0.36358950156250003 0.75662951875 0.1611321828125 0.6729508203125001 0.1783552015625 0.82302225625 0.741013575
2 0.23445148750000003 0.2916352796875 0.08402984531249999 0.3293035421875 0.195623003125 0.7475952921875 0.34604464375 0.70992703125 0.23445148750000003 0.2916352796875
9 0.744961415625 0.734440071875 0.6927883734375 0.74750513125 0.7288784374999999 0.8827838218749999 0.7810514796875 0.8697187625 0.744961415625 0.734440071875
9 0.4022378203125 0.6145708734374999 0.3265932859375 0.6335136125 0.382186996875 0.8418990687499999 0.4578315296875 0.822956328125 0.4022378203125 0.6145708734374999
9 0.7530657203125 0.16171635625 0.6774211875 0.1806590953125 0.7330148999999999 0.3890445515625 0.8086594328125001 0.3701018109375 0.7530657203125 0.16171635625
5 0.7609370109375 0.5316578062499999 0.694689578125 0.5482473437500001 0.7416857796875 0.7244062078125 0.8079332125 0.70781666875 0.7609370109375 0.5316578062499999
0 0.6445567859375 0.0695095875 0.485435384375 0.1093564234375 0.5169609375 0.22752566875000002 0.6760823406250001 0.1876788328125 0.6445567859375 0.0695095875
9 0.3435534359375 0.700589075 0.2287812453125 0.7293300781250001 0.26611691406250004 0.869277746875 0.3808891046875 0.8405367437500001 0.3435534359375 0.700589075
0 0.20712077031249998 0.18568715625 0.0575665515625 0.2231382 0.0878465015625 0.336638465625 0.23740071875000002 0.2991874234375 0.20712077031249998 0.18568715625
7 0.6752647984375 0.1812477671875 0.3926714484375 0.25201418124999997 0.4839373171875 0.5941118624999999 0.766530665625 0.5233454484375 0.6752647984375 0.1812477671875
6 0.618697084375 0.563675396875 0.40219809218749997 0.6178906046875 0.45737389687499996 0.8247095953124999 0.6738728890625 0.7704943875 0.618697084375 0.563675396875
1 0.690497796875 0.54073054375 0.61049913125 0.5607636359375 0.665670878125 0.7675674171875 0.7456695437499999 0.7475343249999999 0.690497796875 0.54073054375
1 0.3969756953125 0.2575721125 0.23263273906249998 0.29872651875 0.299006809375 0.547520684375 0.46334976718750004 0.506366278125 0.3969756953125 0.2575721125