2 0.3270491796875 0.1783552015625 0.24337048125 0.1611321828125 0.191444928125 0.36358950156250003 0.1095498328125 0.34308150937500004 0.0132981109375 0.700025275 0.17697774375 0.741013575 0.3270491796875 0.1783552015625
2 0.65395535625 0.70992703125 0.8043769968750001 0.7475952921875 0.9159701546875001 0.3293035421875 0.7655485125 0.2916352796875 0.65395535625 0.70992703125
9 0.21894852031249998 0.8697187625 0.27112156249999997 0.8827838218749999 0.3072116265625 0.74750513125 0.255038584375 0.734440071875 0.21894852031249998 0.8697187625
9 0.5421684703125 0.822956328125 0.617813003125 0.8418990687499999 0.6734067140625 0.6335136125 0.5977621796875 0.6145708734374999 0.5421684703125 0.822956328125
9 0.1913405671875 0.3701018109375 0.2669851 0.3890445515625 0.3225788125 0.1806590953125 0.24693427968749998 0.16171635625 0.1913405671875 0.3701018109375
5 0.1920667875 0.70781666875 0.2583142203125 0.7244062078125 0.305310421875 0.5482473437500001 0.2390629890625 0.5316578062499999 0.1920667875 0.70781666875
0 0.323917659375 0.1876788328125 0.48303906249999995 0.22752566875000002 0.514564615625 0.1093564234375 0.3554432140625 0.0695095875 0.323917659375 0.1876788328125
9 0.6191108953125 0.8405367437500001 0.7338830859375001 0.869277746875 0.7712187546875 0.7293300781250001 0.6564465640625 0.700589075 0.6191108953125 0.8405367437500001
0 0.76259928125 0.2991874234375 0.9121534984374999 0.336638465625 0.9424334484375001 0.2231382 0.7928792296875 0.18568715625 0.76259928125 0.2991874234375
7 0.233469334375 0.5233454484375 0.5160626828125 0.5941118624999999 0.6073285515625 0.25201418124999997 0.3247352015625 0.1812477671875 0.233469334375 0.5233454484375
6 0.3261271109375 0.7704943875 0.542626103125 0.8247095953124999 0.5978019078125001 0.6178906046875 0.38130291562499996 0.563675396875 0.3261271109375 0.7704943875
1 0.25433045625 0.7475343249999999 0.334329121875 0.7675674171875 0.38950086875 0.5607636359375 0.309502203125 0.54073054375 0.25433045625 0.7475343249999999
1 0.5366502328125 0.506366278125 0.700993190625 0.547520684375 0.7673672609375 0.29872651875 0.6030243046875 0.2575721125 0.5366502328125 0.506366278125