2 0.0411259125 0.822588153125 0.2181818046875 0.8412278359375 0.28880515 0.23570160625 0.198858209375 0.230043090625 0.175610009375 0.4476227609375 0.08702227031250001 0.438296625 0.0411259125 0.822588153125
2 0.9263845328125001 0.3063688375 0.7636701046875001 0.2892389625 0.7111391125 0.739403490625 0.8738535421875 0.756533365625 0.9263845328125001 0.3063688375
9 0.3550675296875 0.8289635984375 0.2986307921875 0.82302218125 0.281641875 0.9686087671875001 0.33807861250000004 0.9745501859375001 0.3550675296875 0.8289635984375
9 0.7197604015625 0.6573038765625 0.6379340328125 0.6486895484375 0.6117640343749999 0.87295345 0.693590403125 0.8815677796875001 0.7197604015625 0.6573038765625
9 0.2844925171875 0.23874350312499998 0.202666146875 0.230129175 0.17649614687499998 0.454393078125 0.25832251875 0.46300740625000003 0.2844925171875 0.23874350312499998
5 0.322638521875 0.6225546921875 0.2509772046875 0.6150104984375 0.2288543671875 0.804592221875 0.3005156859375 0.8121364171875 0.322638521875 0.6225546921875
0 0.4739275015625 0.1367767890625 0.3018023515625 0.11865619375 0.2869621171875 0.24582963750000003 0.45908726718750004 0.26395023281249996 0.4739275015625 0.1367767890625
9 0.8364634390625 0.7424241546875 0.7123118171875 0.72935400625 0.6947365484375 0.8799653359375 0.8188881703125 0.8930354843750001 0.8364634390625 0.7424241546875
0 0.9377766109375001 0.1923852640625 0.776000496875 0.1753541703125 0.761746615625 0.297502871875 0.9235227296874999 0.314533965625 0.9377766109375001 0.1923852640625
7 0.5925200640625 0.2712210234375 0.28683256875 0.23903955937500002 0.243870378125 0.6072042234375 0.549557871875 0.6393856859375 0.5925200640625 0.2712210234375
6 0.6384827171875 0.6521272453125 0.404290953125 0.6274725453125 0.37831767968749996 0.8500506218749999 0.612509440625 0.8747053234375001 0.6384827171875 0.6521272453125
1 0.41240029375000004 0.623256359375 0.3258639625 0.6141461875 0.2998925984375 0.836707896875 0.386428928125 0.8458180687500001 0.41240029375000004 0.623256359375
1 0.7666513890625 0.296329259375 0.5888779640624999 0.2776140375 0.5576332546875 0.54536569375 0.7354066796875001 0.5640809124999999 0.7666513890625 0.296329259375