10 0.9791482109375 0.7166295359375 0.8775087656249999 0.7453123390624999 0.90497085 0.86892336875 0.9752943546875 0.8490779703125 0.9791482109375 0.7166295359375
9 0.6278474453125 0.27393065625 0.5883603078124999 0.0961930125 0.4714615140625 0.129182025 0.510948653125 0.30691966875 0.6278474453125 0.27393065625
1 0.976293809375 0.7240043 0.9457448265625 0.5864986546875001 0.8467121921875 0.6144458109375 0.8772611765624999 0.75195145625 0.976293809375 0.7240043
6 0.9112189609374999 0.8737293906250001 0.8463411125 0.581704284375 0.6222811187499999 0.6449343484375001 0.6871589671875 0.9369594546875 0.9112189609374999 0.8737293906250001
0 0.832368134375 0.4411601640625 0.9786346484375 0.39988353593750003 0.9473977265625001 0.2592813765625 0.8011312109375 0.30055800312500003 0.832368134375 0.4411601640625
7 0.5380547906250001 0.436682090625 0.46916523125 0.12659965625 0.1752973015625 0.2095296234375 0.24418686093750003 0.5196120578125 0.5380547906250001 0.436682090625
3 0.5189864640625 0.5956028203125 0.4928322203125 0.47787857031250003 0.3072696890625 0.5302445921875 0.3334239328125 0.64796884375 0.5189864640625 0.5956028203125
1 0.8766796593749999 0.5862812 0.8131751671874999 0.30043778125 0.5241819953125 0.38199208281249997 0.5876864859375 0.6678355015624999 0.8766796593749999 0.5862812
9 0.8277409671875 0.43589670937499997 0.8610366640624999 0.585765725 0.9839653531250001 0.5510750671875 0.98723781875 0.43860771875 0.9772612921875 0.39370185156250004 0.8277409671875 0.43589670937499997
9 0.707924309375 0.9294601453125001 0.6598669234375001 0.7131465109375 0.5169972421875 0.7534645484375 0.565054628125 0.96977818125 0.707924309375 0.9294601453125001
9 0.9843023625 0.53949281875 0.9300759812500001 0.5547955828125 0.954448640625 0.6645006578125 0.9808820562499999 0.6570411093749999 0.9843023625 0.53949281875
2 0.446172021875 1 0.6871589671875 0.9369594546875 0.642999803125 0.7246805984375 0.5163002734375 0.763497028125 0.49922450625000003 0.679395925 0.21486668281250001 0.7627158109375001 0.26217803281249996 1 0.446172021875 1
2 0.5241819953125 0.38199208281249997 0.9042176828124999 0.2787713703125 0.8434985234375001 0.0054651515625 0.7614705703125 0.00832963125 0.45873313125 0.0927558171875 0.5241819953125 0.38199208281249997
0 0.1688743328125 0.2127163109375 0.48116860156249996 0.12458640624999999 0.457697109375 0.018937634375 0.43860772031249995 0.01960425 0.1444159953125 0.1026255921875 0.1688743328125 0.2127163109375
5 0.22663248125000002 0.5076425796875 0.2121656234375 0.4425250421875 0.107757646875 0.471989128125 0.12222450468749999 0.537106665625 0.22663248125000002 0.5076425796875