10 0.17595105625000002 0.796057471875 0.054727475000000005 0.796057471875 0.054727475000000005 0.9651609203125 0.17595105625000002 0.9651609203125 0.17595105625000002 0.796057471875
9 0.8502780874999999 0.551793103125 0.6759733031249999 0.551793103125 0.6759733031249999 0.6645287359375 0.8502780874999999 0.6645287359375 0.8502780874999999 0.551793103125
1 0.3047385984375 0.794494253125 0.169888765625 0.794494253125 0.169888765625 0.89 0.3047385984375 0.89 0.3047385984375 0.794494253125
6 0.33505005625 0.5846781609375 0.0486651828125 0.5846781609375 0.0486651828125 0.8007586203124999 0.33505005625 0.8007586203124999 0.33505005625 0.5846781609375
0 0.6062736375 0.81641379375 0.468387096875 0.81641379375 0.468387096875 0.9839425281249999 0.6062736375 0.9839425281249999 0.6062736375 0.81641379375
7 0.8532591765624999 0.2668275859375 0.5491657390625 0.2668275859375 0.5491657390625 0.550229884375 0.8532591765624999 0.550229884375 0.8532591765624999 0.2668275859375
3 0.5229254734375 0.32193103437500004 0.407474971875 0.32193103437500004 0.407474971875 0.5008850578125 0.5229254734375 0.5008850578125 0.5229254734375 0.32193103437500004
1 0.603248053125 0.5486666671875 0.3229254734375 0.5486666671875 0.3229254734375 0.827367815625 0.603248053125 0.827367815625 0.603248053125 0.5486666671875
9 0.4744493875 0.8132758625 0.32747497187499996 0.8132758625 0.32747497187499996 0.96828735625 0.4744493875 0.96828735625 0.4744493875 0.8132758625
9 0.26231368125 0.4672528734375 0.050177975 0.4672528734375 0.050177975 0.6050344828124999 0.26231368125 0.6050344828124999 0.26231368125 0.4672528734375
9 0.33807563906250004 0.8821724140624999 0.2304894328125 0.8821724140624999 0.2304894328125 0.9620229890625 0.33807563906250004 0.9620229890625 0.33807563906250004 0.8821724140624999
2 0.0486651828125 0.5846781609375 0.2560622921875 0.5874022984375 0.2532369296875 0.4645977015625 0.335294771875 0.466057471875 0.3324582875 0.191206896875 0.0565739703125 0.185356321875 0.0486651828125 0.5846781609375
2 0.8860400437499999 0.9143563218749999 0.887208009375 0.54758620625 0.603248053125 0.5486666671875 0.5995328140625 0.9143563218749999 0.8860400437499999 0.9143563218749999
0 1 0.260356321875 0.8519911015625 0.260356321875 0.8519911015625 0.5615287359375001 1 0.5615287359375001 1 0.260356321875
5 0.6286429359375 0.15262068906249998 0.5647830921875 0.15262068906249998 0.5647830921875 0.25331034531249996 0.6286429359375 0.25331034531249996 0.6286429359375 0.15262068906249998