10 0.21726993437500003 0.9890675078125 0.19678398125000002 0.8611801359375001 0.0730429796875 0.8886777109375 0.0900731625 0.9949917921875 0.21726993437500003 0.9890675078125
9 0.8456265281249999 0.461708553125 0.667702 0.5012467265625 0.685926975 0.6150195218750001 0.8638515046874999 0.57548135 0.8456265281249999 0.461708553125
1 0.327993309375 0.8303892015625 0.190343084375 0.86097766875 0.2057826578125 0.9573620640625 0.3434328828125 0.9267735984375 0.327993309375 0.8303892015625
6 0.3250151203125 0.61176715625 0.0326829640625 0.6767288515625001 0.0676147859375 0.8947972421875001 0.3599469421875 0.8298355468749999 0.3250151203125 0.61176715625
0 0.4985837953125 0.8153894312500001 0.5241155156249999 0.9747759453124999 0.5262892640625 0.9746747015624999 0.664924571875 0.9438673312500001 0.6393337921875 0.7841121375 0.4985837953125 0.8153894312500001
7 0.8026016625000001 0.17344515625 0.492193190625 0.24242374843749998 0.5380083421874999 0.5284333375 0.8484168140625 0.45945474375 0.8026016625000001 0.17344515625
3 0.4743160890625 0.30398631875 0.35646805625 0.330174365625 0.385397975 0.5107747578125 0.5032460078125001 0.48458671249999996 0.4743160890625 0.30398631875
1 0.5929610578125 0.5145880546875 0.3068170890625 0.5781746203125 0.351872246875 0.8594398062499999 0.6380162171875 0.795853240625 0.5929610578125 0.5145880546875
9 0.3542381015625 0.844186228125 0.3762600640625 0.9816624234375 0.488057046875 0.9764553953125 0.5293240406249999 0.9672850937499999 0.5042647 0.8108475015625001 0.3542381015625 0.844186228125
9 0.23178513750000002 0.509760609375 0.015244062499999999 0.5578801046875 0.037518 0.6969292984375001 0.25405907656250004 0.648809803125 0.23178513750000002 0.509760609375
9 0.387383071875 0.9811443609375001 0.376196809375 0.9113120406249999 0.2663763859375 0.9357162000000001 0.27449564375 0.9864021765625001 0.387383071875 0.9811443609375001
2 0 0.44249907187500004 0.0326829640625 0.6767288515625001 0.2448274234375 0.6324334296874999 0.2220906515625 0.509139921875 0.3060885578125 0.49199965 0.2587604984375 0.215263871875 0 0.267165746875 0 0.44249907187500004
2 0.9407435421875 0.8194953281249999 0.882643271875 0.4490860109375 0.5929610578125 0.5145880546875 0.6482864890625 0.8844847796875 0.9407435421875 0.8194953281249999
0 0.8489489890625 0.47114518437499997 0.99151614375 0.4394640859375 0.992036028125 0.4096799203125 0.9479373234375 0.1343855671875 0.8002611015625 0.1672019984375 0.8489489890625 0.47114518437499997
5 0.55485805 0.10913805937500001 0.48967204375 0.1236236140625 0.505949653125 0.22523961093749997 0.571135659375 0.21075405468750003 0.55485805 0.10913805937500001