10 0.0247056453125 0.8490779703125 0.09502914999999999 0.86892336875 0.12249123437500001 0.7453123390624999 0.0208517890625 0.7166295359375 0.0247056453125 0.8490779703125
9 0.489051346875 0.30691966875 0.5285384859375 0.129182025 0.4116396921875 0.0961930125 0.3721525546875 0.27393065625 0.489051346875 0.30691966875
1 0.1227388234375 0.75195145625 0.1532878078125 0.6144458109375 0.054255173437500005 0.5864986546875001 0.023706190625 0.7240043 0.1227388234375 0.75195145625
6 0.31284103281250003 0.9369594546875 0.37771888124999997 0.6449343484375001 0.1536588875 0.581704284375 0.0887810390625 0.8737293906250001 0.31284103281250003 0.9369594546875
0 0.1988687890625 0.30055800312500003 0.0526022734375 0.2592813765625 0.021365351562500003 0.39988353593750003 0.16763186562500001 0.4411601640625 0.1988687890625 0.30055800312500003
7 0.7558131390625 0.5196120578125 0.8247026984374999 0.2095296234375 0.53083476875 0.12659965625 0.46194520937499994 0.436682090625 0.7558131390625 0.5196120578125
3 0.6665760671875 0.64796884375 0.6927303109375 0.5302445921875 0.5071677796875 0.47787857031250003 0.48101353593749996 0.5956028203125 0.6665760671875 0.64796884375
1 0.4123135140625 0.6678355015624999 0.4758180046875 0.38199208281249997 0.1868248328125 0.30043778125 0.123320340625 0.5862812 0.4123135140625 0.6678355015624999
9 0.0227387078125 0.39370185156250004 0.012762181249999999 0.43860771875 0.016034646875 0.5510750671875 0.13896333593750002 0.585765725 0.1722590328125 0.43589670937499997 0.0227387078125 0.39370185156250004
9 0.43494537187500004 0.96977818125 0.48300275781249996 0.7534645484375 0.3401330765625 0.7131465109375 0.292075690625 0.9294601453125001 0.43494537187500004 0.96977818125
9 0.019117943749999998 0.6570411093749999 0.045551359375 0.6645006578125 0.06992401875000001 0.5547955828125 0.0156976375 0.53949281875 0.019117943749999998 0.6570411093749999
2 0.7378219671874999 1 0.7851333171875 0.7627158109375001 0.50077549375 0.679395925 0.48369972656250004 0.763497028125 0.357000196875 0.7246805984375 0.31284103281250003 0.9369594546875 0.553827978125 1 0.7378219671874999 1
2 0.54126686875 0.0927558171875 0.23852942968750002 0.00832963125 0.1565014765625 0.0054651515625 0.0957823171875 0.2787713703125 0.4758180046875 0.38199208281249997 0.54126686875 0.0927558171875
0 0.8555840046875 0.1026255921875 0.5613922796875 0.01960425 0.542302890625 0.018937634375 0.5188313984375 0.12458640624999999 0.8311256671875 0.2127163109375 0.8555840046875 0.1026255921875
5 0.8777754953124999 0.537106665625 0.8922423531250001 0.471989128125 0.7878343765625 0.4425250421875 0.77336751875 0.5076425796875 0.8777754953124999 0.537106665625