0 1 0.4638658140625 0.8930689656249999 0.4638658140625 0.8930689656249999 0.996869009375 1 0.996869009375 1 0.4638658140625
1 0.7149310343749999 0 0.7149310343749999 0.47469648593749997 1 0.47469648593749997 1 0 0.7149310343749999 0
2 0 0.47469648593749997 0.31048275937500003 0.47469648593749997 0.31048275937500003 0.0012140578125000002 0 0.0012140578125000002 0 0.47469648593749997
1 0.547931034375 0.00196485625 0.297931034375 0.00196485625 0.297931034375 0.4766613421875 0.547931034375 0.4766613421875 0.547931034375 0.00196485625
9 0.23748275937500002 0.47198083124999995 0.0038620687500000002 0.47198083124999995 0.0038620687500000002 0.6613738015624999 0.23748275937500002 0.6613738015624999 0.23748275937500002 0.47198083124999995
9 0.72661206875 0.16084664531249998 0.5353448281250001 0.16084664531249998 0.5353448281250001 0.33670926562500003 0.72661206875 0.33670926562500003 0.72661206875 0.16084664531249998
10 0.10023275937500001 1 0.10023275937500001 0.655974440625 0 0.655974440625 0 1 0.10023275937500001 1
6 0.3090258625 1 0.3090258625 0.6505591046875 0.0973103453125 0.6505591046875 0.0973103453125 1 0.3090258625 1
7 0.90766379375 0.4665814703125 0.7047413796875001 0.4665814703125 0.7047413796875001 0.8685303515625 0.90766379375 0.8685303515625 0.90766379375 0.4665814703125
3 0.460232759375 0.7166773156249999 0.35513793125 0.7166773156249999 0.35513793125 0.9693130984374999 0.460232759375 0.9693130984374999 0.460232759375 0.7166773156249999
5 0.8937241374999999 1 0.8937241374999999 0.8550479234375 0.8210086203125 0.8550479234375 0.8210086203125 1 0.8937241374999999 1