0 0 0.996869009375 0.106931034375 0.996869009375 0.106931034375 0.4638658140625 0 0.4638658140625 0 0.996869009375
1 0 0 0 0.47469648593749997 0.285068965625 0.47469648593749997 0.285068965625 0 0 0
2 1 0.0012140578125000002 0.6895172406250001 0.0012140578125000002 0.6895172406250001 0.47469648593749997 1 0.47469648593749997 1 0.0012140578125000002
1 0.452068965625 0.4766613421875 0.702068965625 0.4766613421875 0.702068965625 0.00196485625 0.452068965625 0.00196485625 0.452068965625 0.4766613421875
9 0.762517240625 0.6613738015624999 0.99613793125 0.6613738015624999 0.99613793125 0.47198083124999995 0.762517240625 0.47198083124999995 0.762517240625 0.6613738015624999
9 0.27338793125 0.33670926562500003 0.46465517187499994 0.33670926562500003 0.46465517187499994 0.16084664531249998 0.27338793125 0.16084664531249998 0.27338793125 0.33670926562500003
10 1 0.655974440625 0.899767240625 0.655974440625 0.899767240625 1 1 1 1 0.655974440625
6 0.9026896546875 1 0.9026896546875 0.6505591046875 0.6909741375 0.6505591046875 0.6909741375 1 0.9026896546875 1
7 0.09233620625 0.8685303515625 0.2952586203125 0.8685303515625 0.2952586203125 0.4665814703125 0.09233620625 0.4665814703125 0.09233620625 0.8685303515625
3 0.539767240625 0.9693130984374999 0.64486206875 0.9693130984374999 0.64486206875 0.7166773156249999 0.539767240625 0.7166773156249999 0.539767240625 0.9693130984374999
5 0.1789913796875 1 0.1789913796875 0.8550479234375 0.10627586250000001 0.8550479234375 0.10627586250000001 1 0.1789913796875 1