9 0.29947413749999996 0.669187878125 0.1280258625 0.669187878125 0.1280258625 0.8642545453125001 0.29947413749999996 0.8642545453125001 0.29947413749999996 0.669187878125
7 0.5131034484375 0.0038666671875 0.1282155171875 0.0038666671875 0.1282155171875 0.38 0.5131034484375 0.38 0.5131034484375 0.0038666671875
1 0.6246724140625 0.4716727265625 0.3916465515625 0.4716727265625 0.3916465515625 0.8534424250000001 0.6246724140625 0.8534424250000001 0.6246724140625 0.4716727265625
0 1 0.46363636406250003 0.8896551718750001 0.46363636406250003 0.8896551718750001 0.704848484375 1 0.704848484375 1 0.46363636406250003
10 1 0.0063030296875 0.8823275859375 0.0063030296875 0.8823275859375 0.3366666671875 1 0.3366666671875 1 0.0063030296875
9 0.8844482765624999 0.3255757578125 0.724543103125 0.3255757578125 0.724543103125 0.477357575 0.8844482765624999 0.477357575 0.8844482765624999 0.3255757578125
6 0.5092155171875 0 0.5092155171875 0.31501818125000003 0.774767240625 0.31501818125000003 0.774767240625 0 0.5092155171875 0
0 0.6285258625 0.84233939375 0.3897241375 0.84233939375 0.3897241375 0.9968363640625 0.6285258625 0.9968363640625 0.6285258625 0.84233939375
0 0 0.3880727265625 0.126293103125 0.3880727265625 0.126293103125 0.0036 0 0.0036 0 0.3880727265625
2 0.8959913796875 0.324848484375 0.61486206875 0.324848484375 0.61486206875 0.8507272734375 0.8959913796875 0.8507272734375 0.8959913796875 0.324848484375
2 0.39761206875 0.3745454546875 0.126293103125 0.3745454546875 0.126293103125 0.8533333328125 0.39761206875 0.8533333328125 0.39761206875 0.3745454546875
9 0.7668793109375 0 0.7668793109375 0.2095030296875 0.8921465515625 0.2095030296875 0.8921465515625 0 0.7668793109375 0