9 0.7005258624999999 0.8642545453125001 0.8719741375 0.8642545453125001 0.8719741375 0.669187878125 0.7005258624999999 0.669187878125 0.7005258624999999 0.8642545453125001
7 0.4868965515625 0.38 0.8717844828124999 0.38 0.8717844828124999 0.0038666671875 0.4868965515625 0.0038666671875 0.4868965515625 0.38
1 0.3753275859375 0.8534424250000001 0.6083534484374999 0.8534424250000001 0.6083534484374999 0.4716727265625 0.3753275859375 0.4716727265625 0.3753275859375 0.8534424250000001
0 0 0.704848484375 0.11034482812499999 0.704848484375 0.11034482812499999 0.46363636406250003 0 0.46363636406250003 0 0.704848484375
10 0 0.3366666671875 0.1176724140625 0.3366666671875 0.1176724140625 0.0063030296875 0 0.0063030296875 0 0.3366666671875
9 0.1155517234375 0.477357575 0.275456896875 0.477357575 0.275456896875 0.3255757578125 0.1155517234375 0.3255757578125 0.1155517234375 0.477357575
6 0.225232759375 0 0.225232759375 0.31501818125000003 0.4907844828125 0.31501818125000003 0.4907844828125 0 0.225232759375 0
0 0.3714741375 0.9968363640625 0.6102758625 0.9968363640625 0.6102758625 0.84233939375 0.3714741375 0.84233939375 0.3714741375 0.9968363640625
0 1 0.0036 0.873706896875 0.0036 0.873706896875 0.3880727265625 1 0.3880727265625 1 0.0036
2 0.1040086203125 0.8507272734375 0.38513793125 0.8507272734375 0.38513793125 0.324848484375 0.1040086203125 0.324848484375 0.1040086203125 0.8507272734375
2 0.60238793125 0.8533333328125 0.873706896875 0.8533333328125 0.873706896875 0.3745454546875 0.60238793125 0.3745454546875 0.60238793125 0.8533333328125
9 0.1078534484375 0 0.1078534484375 0.2095030296875 0.2331206890625 0.2095030296875 0.2331206890625 0 0.1078534484375 0