9 0.1083488578125 0.244111990625 0.2883964203125 0.272923496875 0.333191959375 0.0659275375 0.1531443984375 0.03711603125 0.1083488578125 0.244111990625
7 0 0.92554563125 0.366582459375 0.9842067562500001 0.44633093593749995 0.61569658125 0.042138284375 0.5510170125 0 0.74573404375 0 0.92554563125
1 0.33983408593750003 0.49800705 0.5845477640625 0.53716653125 0.6722182 0.1320497265625 0.427504521875 0.0928902421875 0.33983408593750003 0.49800705
0 0.9605595328125001 0.6061596953125 0.9778441156250001 0.52628926875 0.9852197421875 0.345278428125 0.9163681890625 0.33426069062499997 0.8609757046875 0.590224128125 0.9605595328125001 0.6061596953125
10 0.8788029375 0.9839491984375 0.9314019312499999 0.7408942171875 0.8241229890625 0.7237272671875 0.7673880734375 0.9858939515625 0.8788029375 0.9839491984375
9 0.6558776125 0.7089811046875 0.8238031046875 0.7358528171875001 0.8586586171875 0.5747887890625 0.6907331234375 0.5479170765625 0.6558776125 0.7089811046875
6 0.3624995234375 0.9835533984374999 0.41550879218750003 0.992036028125 0.6500780921875 0.9879416046875 0.7061963640625 0.728624384375 0.42732543125 0.6839990015625 0.3624995234375 0.9835533984374999
0 0.4455179484375 0 0.4229359625 0.1043492234375 0.6737152 0.1444793265625 0.7015701046875 0.015764446874999997 0.603055634375 0 0.4455179484375 0
0 0 0.73608213125 0.0419732859375 0.542127540625 0 0.53541090625 0 0.73608213125
2 0.540528321875 0.6913211968749999 0.835758159375 0.738564359375 0.956522125 0.1805254765625 0.6612922875 0.1332823171875 0.540528321875 0.6913211968749999
2 0.038866853125 0.5564820734375 0.32379429375 0.6020766281250001 0.4337441984375 0.0940084984375 0.148816759375 0.048413942187499996 0.038866853125 0.5564820734375
9 0.7780970625 0.9857070265625 0.8052323031249999 0.86031764375 0.6736820671875 0.8392667609375 0.6414751734374999 0.9880917703125001 0.7780970625 0.9857070265625