9 0.8468556015625 0.03711603125 0.666808040625 0.0659275375 0.7116035796875 0.272923496875 0.8916511421875001 0.244111990625 0.8468556015625 0.03711603125
7 1 0.74573404375 0.9578617156250001 0.5510170125 0.5536690640625 0.61569658125 0.633417540625 0.9842067562500001 1 0.92554563125 1 0.74573404375
1 0.572495478125 0.0928902421875 0.3277818 0.1320497265625 0.4154522359375 0.53716653125 0.6601659140625 0.49800705 0.572495478125 0.0928902421875
0 0.1390242953125 0.590224128125 0.0836318109375 0.33426069062499997 0.0147802578125 0.345278428125 0.022155884375 0.52628926875 0.0394404671875 0.6061596953125 0.1390242953125 0.590224128125
10 0.23261192656250002 0.9858939515625 0.1758770109375 0.7237272671875 0.06859806874999999 0.7408942171875 0.1211970625 0.9839491984375 0.23261192656250002 0.9858939515625
9 0.3092668765625 0.5479170765625 0.1413413828125 0.5747887890625 0.1761968953125 0.7358528171875001 0.3441223875 0.7089811046875 0.3092668765625 0.5479170765625
6 0.57267456875 0.6839990015625 0.2938036359375 0.728624384375 0.3499219078125 0.9879416046875 0.5844912078125 0.992036028125 0.6375004765625001 0.9835533984374999 0.57267456875 0.6839990015625
0 0.396944365625 0 0.2984298953125 0.015764446874999997 0.3262848 0.1444793265625 0.5770640375 0.1043492234375 0.5544820515625 0 0.396944365625 0
0 1 0.53541090625 0.9580267140625001 0.542127540625 1 0.73608213125 1 0.53541090625
2 0.3387077125 0.1332823171875 0.043477875 0.1805254765625 0.164241840625 0.738564359375 0.459471678125 0.6913211968749999 0.3387077125 0.1332823171875
2 0.8511832406250001 0.048413942187499996 0.5662558015625 0.0940084984375 0.67620570625 0.6020766281250001 0.9611331468750001 0.5564820734375 0.8511832406250001 0.048413942187499996
9 0.3585248265625 0.9880917703125001 0.3263179328125 0.8392667609375 0.194767696875 0.86031764375 0.22190293749999998 0.9857070265625 0.3585248265625 0.9880917703125001