9 0.739132634375 0.9782252953125001 0.7944758375000001 0.806278490625 0.600471321875 0.7501201656250001 0.54512811875 0.9220669703125 0.739132634375 0.9782252953125001
7 0 0.7640612640625 0.2575761078125 0.8386216046875001 0.3818172546875 0.45261451093750005 0.007731993750000001 0.3443283640625 0 0.3683510359375 0 0.7640612640625
1 0.8134756812499999 0.710725328125 0.8886960187499999 0.47702188437500004 0.509005084375 0.3671130671875 0.4337847453125 0.6008165109375 0.8134756812499999 0.710725328125
0 0.8264471531250001 0.16848946874999998 0.8509352953124999 0.0924068109375 0.611036590625 0.022963534375 0.5865484484375 0.099046190625 0.8264471531250001 0.16848946874999998
10 0.47770031093750004 0.008338290625 0.2305318546875 0.0040239484375 0.4579047765625 0.06984139843750001 0.47770031093750004 0.008338290625
9 0.546897059375 0.26858860625 0.59851416875 0.10821846718749999 0.4475588140625 0.064521546875 0.39594170625 0.2248916859375 0.546897059375 0.26858860625
6 0.40165387968750005 0.17148205625 0.0907620359375 0.081488453125 0.0050424046875 0.3478123375 0.31593425 0.43780593906250004 0.40165387968750005 0.17148205625
0 0.9188324937499999 0.743330509375 0.9703463031249999 0.5832813140625001 0.97482984375 0.49773025156250006 0.878897334375 0.4699607484375 0.8018125578124999 0.709456846875 0.9188324937499999 0.743330509375
0 0 0.8970690546875 0.2264433296875 0.962617415625 0.264984325 0.8428736875 0 0.766168896875 0 0.8970690546875
2 0.8828288921875 0.4860790828125 0.9735769375000001 0.20413231718749997 0.4505615953125 0.052735503125000006 0.3598135484375 0.33468226875 0.8828288921875 0.4860790828125
2 0.727711559375 0.976818953125 0.81529284375 0.7047110578125 0.339111996875 0.5668713859375 0.2515307109375 0.83897928125 0.727711559375 0.976818953125
9 0.3346030984375 0.0233843640625 0.2701070109375 0.004714735937500001 0.11633650625 0.0020306609375 0.0882158234375 0.08939931875 0.29416705468750004 0.14901585 0.3346030984375 0.0233843640625