2 0.5620258421875 0.44807271875000004 0.9311713156250001 0.4717214140625 0.9433578140625001 0.21015225312500002 0.5742123421875001 0.18650355624999998 0.5620258421875 0.44807271875000004
7 0.6441308984375 0.7221935921875 0.9208565015625 0.7399215609375001 0.9336469562499999 0.465389215625 0.656921353125 0.447661246875 0.6441308984375 0.7221935921875
2 0.18263635625000002 0.6845354953125 0.1784428078125 0.950267784375 0.635866253125 0.9734867421875 0.6407019203125001 0.7867601796875 0.5109573000000001 0.776440215625 0.5152998234374999 0.700066165625 0.18263635625000002 0.6845354953125
3 0.2847315125 0.6338759109375001 0.47754308125 0.646228065625 0.484287396875 0.50146913125 0.29147582656250004 0.4891169765625 0.2847315125 0.6338759109375001
9 0.43613806093749996 0.359075809375 0.5640688234375 0.3672714828125 0.5725712953125 0.184775728125 0.44464053281249993 0.1765800546875 0.43613806093749996 0.359075809375
1 0.189758153125 0.4323172140625 0.44109976093750003 0.4484190015625 0.453740403125 0.1771021703125 0.2023987953125 0.161000384375 0.189758153125 0.4323172140625
6 0.6242140296875001 0.976837575 0.9105134640625 0.995178878125 0.9227772234374999 0.7319514 0.636477790625 0.7136100984375 0.6242140296875001 0.976837575
0 0.0410123484375 0.6754625875 0.18263635625000002 0.6845354953125 0.20137119218750002 0.2824138609375 0.059747184375 0.273340953125 0.0410123484375 0.6754625875
0 0.1990286484375 0.16887769375 0.936118096875 0.21609811250000002 0.9430395453125 0.067537184375 0.20595009687500002 0.0203167640625 0.1990286484375 0.16887769375
9 0.553558678125 0.3633527703125 0.6814894406249999 0.37154844374999996 0.6897657828125 0.1939062984375 0.5618350203125 0.185710625 0.553558678125 0.3633527703125
9 0.503892746875 0.9691293921874999 0.6318235078125001 0.9773250656249999 0.6407019203125001 0.7867601796875 0.5127711578125 0.7785645078125001 0.503892746875 0.9691293921874999