2 0.8998443093749999 0.829953940625 0.8411773312499999 0.45212404531250006 0.5686670109375 0.51717185 0.6273339890625 0.8950017453125 0.8998443093749999 0.829953940625
7 0.6344216921875 0.8956176812500001 0.590442675 0.6123819015625 0.3044269328125 0.68065343125 0.3484059515625 0.9638892109375 0.6344216921875 0.8956176812500001
2 0 0.4903150078125 0.04339715 0.7466046828125 0.23706491093749998 0.6962872859375 0.2185160953125 0.5628969640625 0.298261246875 0.5446918984375 0.23943015 0.2059104484375 0 0.2706054671875 0 0.4903150078125
3 0.49610582656249996 0.45485408125 0.46546296875 0.257506478125 0.3146489234375 0.2935055640625 0.34529178125 0.4908531671875 0.49610582656249996 0.45485408125
9 0.8425900890625 0.4499649078125 0.8222585062500001 0.319024478125 0.6321291484375 0.364408071875 0.6524607296875 0.49534849843749995 0.8425900890625 0.4499649078125
1 0.823767475 0.3283204484375 0.783822646875 0.07106584375 0.501156925 0.138537728125 0.5411017546875 0.39579233281250004 0.823767475 0.3283204484375
6 0.0373195546875 0.7358890390624999 0.0777147359375 0.9960440234375 0.24039727656249998 0.9913104453124999 0.357058109375 0.963463678125 0.3115575578125 0.6704288390625 0.0373195546875 0.7358890390624999
0 0.4722847953125 0 0.21692235 0.0609546328125 0.23943015 0.2059104484375 0.6583721015624999 0.10590963281250002 0.6419271390625 0 0.4722847953125 0
0 0.892083146875 0.8244378749999999 0.95110785 0.8103487671874999 0.973939128125 0.4183508515625 0.9146717343749999 0.036654129687499995 0.7749401390624999 0.0700078515625 0.892083146875 0.8244378749999999
9 0.8595418296874999 0.57039596875 0.8392102484375 0.43945554062500003 0.6541375203124999 0.48363212187500004 0.6744691015625001 0.61457255 0.8595418296874999 0.57039596875
9 0.23706491093749998 0.6962872859375 0.21673332812499999 0.5653468578124999 0.0181973203125 0.61273710625 0.0385289015625 0.743677534375 0.23706491093749998 0.6962872859375