2 0.9312915125 0.1610980390625 0.5741697421875 0.1610980390625 0.5741697421875 0.4147058828125 0.9312915125 0.4147058828125 0.9312915125 0.1610980390625
7 0.933394834375 0.408431371875 0.66568265625 0.408431371875 0.66568265625 0.6746078437499999 0.933394834375 0.6746078437499999 0.933394834375 0.408431371875
2 0.669003690625 0.9180392156250001 0.665276753125 0.73723529375 0.5396678968749999 0.7352941171875 0.5404243546874999 0.6611960781249999 0.21885608906249998 0.6667843140625 0.22675276718749998 0.92392156875 0.669003690625 0.9180392156250001
3 0.501586715625 0.4711372546875 0.31505535 0.4711372546875 0.31505535 0.6114901953125 0.501586715625 0.6114901953125 0.501586715625 0.4711372546875
9 0.572509225 0.1595294125 0.4487453875 0.1595294125 0.4487453875 0.3364705875 0.572509225 0.3364705875 0.572509225 0.1595294125
1 0.457546125 0.1594705875 0.21439114374999999 0.1594705875 0.21439114374999999 0.4225294125 0.457546125 0.4225294125 0.457546125 0.1594705875
6 0.9348892984375 0.6667843140625 0.6579151296875 0.6667843140625 0.6579151296875 0.922 0.9348892984375 0.922 0.9348892984375 0.6667843140625
0 0.21885608906249998 0.27690196093749997 0.08184501875 0.27690196093749997 0.08184501875 0.6667843140625 0.21885608906249998 0.6667843140625 0.21885608906249998 0.27690196093749997
0 0.9245756453125 0.0232549015625 0.21149446562500002 0.0232549015625 0.21149446562500002 0.1672941171875 0.9245756453125 0.1672941171875 0.9245756453125 0.0232549015625
9 0.685959409375 0.1610980390625 0.562195571875 0.1610980390625 0.562195571875 0.3333333328125 0.685959409375 0.3333333328125 0.685959409375 0.1610980390625
9 0.665276753125 0.73723529375 0.541512915625 0.73723529375 0.541512915625 0.922 0.665276753125 0.922 0.665276753125 0.73723529375