2 0.0687084875 0.4147058828125 0.4258302578125 0.4147058828125 0.4258302578125 0.1610980390625 0.0687084875 0.1610980390625 0.0687084875 0.4147058828125
7 0.06660516562499999 0.6746078437499999 0.33431734375 0.6746078437499999 0.33431734375 0.408431371875 0.06660516562499999 0.408431371875 0.06660516562499999 0.6746078437499999
2 0.7732472328125 0.92392156875 0.7811439109375 0.6667843140625 0.45957564531250006 0.6611960781249999 0.460332103125 0.7352941171875 0.334723246875 0.73723529375 0.330996309375 0.9180392156250001 0.7732472328125 0.92392156875
3 0.49841328437500004 0.6114901953125 0.68494465 0.6114901953125 0.68494465 0.4711372546875 0.49841328437500004 0.4711372546875 0.49841328437500004 0.6114901953125
9 0.427490775 0.3364705875 0.5512546125 0.3364705875 0.5512546125 0.1595294125 0.427490775 0.1595294125 0.427490775 0.3364705875
1 0.542453875 0.4225294125 0.78560885625 0.4225294125 0.78560885625 0.1594705875 0.542453875 0.1594705875 0.542453875 0.4225294125
6 0.0651107015625 0.922 0.3420848703125 0.922 0.3420848703125 0.6667843140625 0.0651107015625 0.6667843140625 0.0651107015625 0.922
0 0.7811439109375 0.6667843140625 0.9181549812500001 0.6667843140625 0.9181549812500001 0.27690196093749997 0.7811439109375 0.27690196093749997 0.7811439109375 0.6667843140625
0 0.0754243546875 0.1672941171875 0.788505534375 0.1672941171875 0.788505534375 0.0232549015625 0.0754243546875 0.0232549015625 0.0754243546875 0.1672941171875
9 0.314040590625 0.3333333328125 0.43780442812500003 0.3333333328125 0.43780442812500003 0.1610980390625 0.314040590625 0.1610980390625 0.314040590625 0.3333333328125
9 0.334723246875 0.922 0.458487084375 0.922 0.458487084375 0.73723529375 0.334723246875 0.73723529375 0.334723246875 0.922