10 0.851869328125 0.2612163828125 0.8534901781249999 0.168357928125 0.7839676375 0.1700036453125 0.780202053125 0.14712268281250002 0.6869545031250001 0.14929304375000002 0.6835358593749999 0.26724749999999997 0.851869328125 0.2612163828125
9 0.2367270875 0.12647691249999998 0.2375195578125 0.1765208421875 0.451459440625 0.172597890625 0.4550224328125 0.14392364062500002 0.4073693890625 0.06677414375 0.2367270875 0.12647691249999998
1 0.8445374343750001 0.732491515625 0.847664746875 0.5533279125 0.5419539624999999 0.5604434109375 0.5388266500000001 0.7396070140625 0.8445374343750001 0.732491515625
4 0.44436695156250006 0.7431469546875 0.4458057109375 0.660720484375 0.1717493390625 0.6670992171875 0.17031057968750002 0.7495256875 0.44436695156250006 0.7431469546875
9 0.37264672656250003 0.666474940625 0.3744191859375 0.5649308234375 0.150558890625 0.5701412296874999 0.14878643125 0.671685346875 0.37264672656250003 0.666474940625
6 0.8035415374999999 0.4009797296875 0.8060353015624999 0.2581120828125 0.5278122625 0.2645877953125 0.5253184984375 0.40745544218749996 0.8035415374999999 0.4009797296875
2 0.155317775 0.18100659218749998 0.14927294062500002 0.356076190625 0.44392980312499997 0.349217975 0.451459440625 0.172597890625 0.4550224328125 0.14392364062500002 0.40742874999999995 0.063373409375 0.2367052796875 0.12421731093749999 0.2375195578125 0.1765208421875 0.155317775 0.18100659218749998
2 0.545005921875 0.9252792109374999 0.5483081046875 0.7360972265625 0.20091839843749998 0.7441828125 0.197616215625 0.9333647968750001 0.545005921875 0.9252792109374999
7 0.45520239062499995 0.5687284125 0.45906336249999996 0.347533559375 0.228683459375 0.3528957109375 0.2248224875 0.5740905640625 0.45520239062499995 0.5687284125
9 0.7301701921875 0.8315572765624999 0.7318771953125001 0.7337631578125 0.539708078125 0.73823594375 0.538001075 0.8360300625000001 0.7301701921875 0.8315572765624999
9 0.6779543515625 0.1869872890625 0.6791142796875 0.120535084375 0.567104475 0.1231421421875 0.5659445468750001 0.189594346875 0.6779543515625 0.1869872890625