10 0.287844828125 0.14697701093749999 0.20074999999999998 0.14697701093749999 0.2007758625 0.2121839078125 0.1792241375 0.21609195468750003 0.1792241375 0.3035517234375 0.2898275859375 0.3048275859375 0.287844828125 0.14697701093749999
9 0.1691206890625 0.5212643671875 0.0956896546875 0.5672413796875 0.147982759375 0.7263793109375001 0.194956896875 0.7248160921875 0.1959482765625 0.5241379312500001 0.1691206890625 0.5212643671875
1 0.7298879312500001 0.14613793125000002 0.561844828125 0.14613793125000002 0.561844828125 0.43287356250000003 0.7298879312500001 0.43287356250000003 0.7298879312500001 0.14613793125000002
4 0.7311465515625 0.5214482765625 0.65383620625 0.5214482765625 0.65383620625 0.778494253125 0.7311465515625 0.778494253125 0.7311465515625 0.5214482765625
9 0.65763793125 0.5900000000000001 0.5623965515625 0.5900000000000001 0.5623965515625 0.7999655171875 0.65763793125 0.7999655171875 0.65763793125 0.5900000000000001
6 0.417931034375 0.1900344828125 0.283931034375 0.1900344828125 0.283931034375 0.45098850625000003 0.417931034375 0.45098850625000003 0.417931034375 0.1900344828125
2 0.1691206890625 0.5212643671875 0.0925 0.5672413796875 0.14586206875000002 0.72643678125 0.194956896875 0.7248160921875 0.1973706890625 0.8018735625 0.36150862031250003 0.8046781609375 0.36150862031250003 0.5283103453125 0.1959482765625 0.5241379312500001 0.1691206890625 0.5212643671875
2 0.9042413796875 0.4240344828125 0.7268017234374999 0.4240344828125 0.7268017234374999 0.7498620687499999 0.9042413796875 0.7498620687499999 0.9042413796875 0.4240344828125
7 0.5677241375000001 0.51413793125 0.3602586203125 0.51413793125 0.3602586203125 0.7302183906249999 0.5677241375000001 0.7302183906249999 0.5677241375000001 0.51413793125
9 0.8203448281249999 0.2518275859375 0.7286206890625 0.2518275859375 0.7286206890625 0.43206896562499997 0.8203448281249999 0.43206896562499997 0.8203448281249999 0.2518275859375
9 0.2143965515625 0.3113793109375 0.152068965625 0.3113793109375 0.152068965625 0.41643678125 0.2143965515625 0.41643678125 0.2143965515625 0.3113793109375