10 0.1842602484375 0.9119488671875 0.20857461718749998 0.90938478125 0.22486811874999998 0.9790676218750001 0.31917425312500003 0.9518303203125 0.28181065 0.7825440421875001 0.162368775 0.8184965140625 0.1842602484375 0.9119488671875
9 0.125264175 0.5775659796875 0.07396029374999999 0.36344775625 0.022705495312499997 0.37646772500000003 0.0059153703124999995 0.5628631984375 0.096934571875 0.58902626875 0.125264175 0.5775659796875
1 0.6160710171875 0.8670384406249999 0.79802780625 0.81448605625 0.7262569140624999 0.5081038265625 0.5443001234375 0.560656209375 0.6160710171875 0.8670384406249999
4 0.6217376875 0.43724391249999994 0.7054491984375 0.413066528125 0.641109725 0.13840823124999999 0.5573982156249999 0.1625856171875 0.6217376875 0.43724391249999994
9 0.5055682546875 0.392591215625 0.608695459375 0.3628062296875 0.5561403859375 0.1384542609375 0.4530131796875 0.1682392484375 0.5055682546875 0.392591215625
6 0.304158975 0.907046596875 0.44925394843750005 0.8651405640625001 0.38393628125 0.586306453125 0.23884130625000002 0.6282124828125 0.304158975 0.907046596875
2 0.002461615625 0.5638607046875 0.096934571875 0.58902626875 0.125264175 0.5775659796875 0.3034882671875 0.5213317328125 0.234312475 0.2260277015625 0.057286198437500005 0.280355578125 0.07396029374999999 0.36344775625 0.020394829687499998 0.377069521875 0.002461615625 0.5638607046875
2 0.7251276265625 0.518513696875 0.9172589859375 0.4630227140625 0.8357032468750001 0.1148700203125 0.6435718859375 0.170361003125 0.7251276265625 0.518513696875
7 0.305682175 0.5368661296874999 0.5303254875000001 0.4719851109375 0.47623982187499997 0.24109921406249998 0.251596509375 0.30598023125 0.305682175 0.5368661296874999
9 0.7702011640624999 0.701951046875 0.8695199062500001 0.6732660125 0.8244048828125001 0.48067482500000003 0.7250861421875 0.5093598593750001 0.7702011640624999 0.701951046875
9 0.1310059296875 0.818624875 0.19849413437500002 0.7991330718749999 0.172197896875 0.6868772562500001 0.10470969062499999 0.7063690593749999 0.1310059296875 0.818624875