10 0.837631225 0.8184965140625 0.7181893500000001 0.7825440421875001 0.680825746875 0.9518303203125 0.77513188125 0.9790676218750001 0.7914253828125 0.90938478125 0.8157397515625 0.9119488671875 0.837631225 0.8184965140625
9 0.9030654281249999 0.58902626875 0.9940846296875 0.5628631984375 0.9772945046875 0.37646772500000003 0.9260397062499999 0.36344775625 0.8747358249999999 0.5775659796875 0.9030654281249999 0.58902626875
1 0.4556998765625 0.560656209375 0.27374308593749996 0.5081038265625 0.20197219375 0.81448605625 0.3839289828125 0.8670384406249999 0.4556998765625 0.560656209375
4 0.44260178437500003 0.1625856171875 0.358890275 0.13840823124999999 0.2945508015625 0.413066528125 0.37826231250000003 0.43724391249999994 0.44260178437500003 0.1625856171875
9 0.5469868203125 0.1682392484375 0.4438596140625 0.1384542609375 0.39130454062500003 0.3628062296875 0.49443174531249995 0.392591215625 0.5469868203125 0.1682392484375
6 0.76115869375 0.6282124828125 0.61606371875 0.586306453125 0.5507460515625 0.8651405640625001 0.695841025 0.907046596875 0.76115869375 0.6282124828125
2 0.9796051703125 0.377069521875 0.9260397062499999 0.36344775625 0.9427138015625 0.280355578125 0.7656875249999999 0.2260277015625 0.6965117328125 0.5213317328125 0.8747358249999999 0.5775659796875 0.9030654281249999 0.58902626875 0.9975383843750001 0.5638607046875 0.9796051703125 0.377069521875
2 0.35642811406249997 0.170361003125 0.164296753125 0.1148700203125 0.08274101406249999 0.4630227140625 0.2748723734375 0.518513696875 0.35642811406249997 0.170361003125
7 0.748403490625 0.30598023125 0.5237601781250001 0.24109921406249998 0.4696745125 0.4719851109375 0.6943178249999999 0.5368661296874999 0.748403490625 0.30598023125
9 0.2749138578125 0.5093598593750001 0.1755951171875 0.48067482500000003 0.13048009375 0.6732660125 0.2297988359375 0.701951046875 0.2749138578125 0.5093598593750001
9 0.8952903093750001 0.7063690593749999 0.827802103125 0.6868772562500001 0.801505865625 0.7991330718749999 0.8689940703125 0.818624875 0.8952903093750001 0.7063690593749999