9 0.31913793125 0.40581609218750003 0.172543103125 0.40581609218750003 0.172543103125 0.5337586203125 0.31913793125 0.5337586203125 0.31913793125 0.40581609218750003
1 0.5741896546875 0.49672413750000005 0.3783534484375 0.49672413750000005 0.3783534484375 0.7812413796875 0.5741896546875 0.7812413796875 0.5741896546875 0.49672413750000005
6 0.7294913796875 0.21389655156249998 0.5363103453125 0.21389655156249998 0.5363103453125 0.41422988437499997 0.7294913796875 0.41422988437499997 0.7294913796875 0.21389655156249998
9 0.537568965625 0.220632184375 0.447793103125 0.220632184375 0.447793103125 0.40750574687499996 0.537568965625 0.40750574687499996 0.537568965625 0.220632184375
1 0.3463793109375 0.090229884375 0.129043103125 0.090229884375 0.129043103125 0.4066666671875 0.3463793109375 0.4066666671875 0.3463793109375 0.090229884375
1 0.3836206890625 0.5245977015625 0.1498275859375 0.5245977015625 0.1498275859375 0.7855172406250001 0.3836206890625 0.7855172406250001 0.3836206890625 0.5245977015625
5 0.8133620687500001 0.0974482765625 0.728793103125 0.0974482765625 0.728793103125 0.31298850625 0.8133620687500001 0.31298850625 0.8133620687500001 0.0974482765625
4 0.44539655156249996 0.21389655156249998 0.343 0.21389655156249998 0.343 0.3418390796875 0.44539655156249996 0.3418390796875 0.44539655156249996 0.21389655156249998
9 0.500956896875 0.0926896546875 0.34173275937500003 0.0926896546875 0.34173275937500003 0.22567816093749998 0.500956896875 0.22567816093749998 0.500956896875 0.0926896546875
7 0.940344828125 0.3115402296875 0.7306293109374999 0.3115402296875 0.7306293109374999 0.776206896875 0.940344828125 0.776206896875 0.940344828125 0.3115402296875
10 0.7281896546875 0.08932183906249999 0.58163793125 0.08932183906249999 0.58163793125 0.22229885 0.7281896546875 0.22229885 0.7281896546875 0.08932183906249999