9 0.23885513593750002 0.3865096984375 0.0775088203125 0.3721842421875 0.050171934375000005 0.5149073859375 0.21151825 0.52923284375 0.23885513593750002 0.3865096984375
1 0.50014820625 0.51284395625 0.2846054703125 0.49370655937499996 0.2238139953125 0.8110927796875 0.43935673125 0.830230175 0.50014820625 0.51284395625
6 0.7315080265625 0.2125188984375 0.5188876453125 0.1936409703125 0.4760833546875 0.41711790000000004 0.6887037359375 0.435995828125 0.7315080265625 0.2125188984375
9 0.5188337468750001 0.201277734375 0.42002395468750003 0.1925047078125 0.38009555 0.40096691875 0.47890534375 0.409739946875 0.5188337468750001 0.201277734375
1 0.3362675859375 0.037127325 0.09706135625 0.0158889203125 0.0294497796875 0.368882196875 0.26865601093749997 0.390120603125 0.3362675859375 0.037127325
1 0 0.796071953125 0.2286976609375 0.816377334375 0.28444712656250004 0.5253149515625 0.02712798125 0.502468353125 0 0.644100834375 0 0.796071953125
5 0.8486993843749999 0.09081385 0.7556204453124999 0.08254965 0.7095669671875 0.32299025625 0.8026459078125001 0.33125445781249996 0.8486993843749999 0.09081385
4 0.4188254140625 0.18475674375 0.30612494375 0.1747504046875 0.278788059375 0.3174735515625 0.39148852968750003 0.32747988906250003 0.4188254140625 0.18475674375
9 0.5058743781249999 0.054976804687500005 0.33062789531250003 0.0394171953125 0.3022128609375 0.1877692546875 0.47745934375 0.203328865625 0.5058743781249999 0.054976804687500005
7 0.942716084375 0.3420478078125 0.7118973953125 0.32155410624999997 0.6126142296875 0.8399015890625 0.8434329187499999 0.8603952906250001 0.942716084375 0.3420478078125
10 0.7566926140625 0.07342543124999999 0.5953937375 0.0591041875 0.566981159375 0.207443425 0.728280034375 0.22176467031249997 0.7566926140625 0.07342543124999999