9 0.3178635109375 0.2201879296875 0.333598353125 0.3790225640625 0.47182523906249996 0.366909571875 0.45609039687499997 0.2080749375 0.3178635109375 0.2201879296875
1 0.438169759375 0.4345754859375 0.4591899546875 0.6467628624999999 0.7665774421875 0.6198261203125 0.7455572484374999 0.40763874375000003 0.438169759375 0.4345754859375
6 0.1495621421875 0.6324976265625 0.17029734375 0.8418081390625 0.3867339984375 0.8228415312499999 0.3659987984375 0.6135310171875 0.1495621421875 0.6324976265625
9 0.147338153125 0.5359520203125 0.156974296875 0.6332236375 0.3588692515625 0.615531334375 0.3492331046875 0.5182597171875 0.147338153125 0.5359520203125
1 0 0.438028303125 0.33744126875 0.40845790937500004 0.3141133578125 0.1729754078125 0 0.2005015453125 0 0.438028303125
1 0.4437549140625 0.184330121875 0.4688492359375 0.4376435734375 0.7507421765625 0.41294095000000003 0.72564785625 0.1596274984375 0.4437549140625 0.184330121875
5 0.044413698437499996 0.8520763328125 0.053490959375 0.943706309375 0.2863568796875 0.9232999828124999 0.277279621875 0.8316700062500001 0.044413698437499996 0.8520763328125
4 0.1288130625 0.42304700625 0.13980385625 0.5339930671875 0.2780307421875 0.521880075 0.26703994999999997 0.4109340140625 0.1288130625 0.42304700625
9 0 0.45609175156250004 0.0148176328125 0.6056676671875 0.15849610625 0.593076946875 0.1414056875 0.4205585296875 0 0.4329500828125 0 0.45609175156250004
7 0.79875271875 1 0.7779298171875 0.7898042046875 0.27591201875000004 0.833796640625 0.2923768390625 1 0.79875271875 1
10 0.0198390484375 0.6934039421875 0.035569265625 0.8521918718749999 0.17923531875 0.8396022406249999 0.16350510468749999 0.6808143109375 0.0198390484375 0.6934039421875