9 0.68086206875 0.5337586203125 0.827456896875 0.5337586203125 0.827456896875 0.40581609218750003 0.68086206875 0.40581609218750003 0.68086206875 0.5337586203125
1 0.4258103453125 0.7812413796875 0.6216465515625 0.7812413796875 0.6216465515625 0.49672413750000005 0.4258103453125 0.49672413750000005 0.4258103453125 0.7812413796875
6 0.2705086203125 0.41422988437499997 0.46368965468749995 0.41422988437499997 0.46368965468749995 0.21389655156249998 0.2705086203125 0.21389655156249998 0.2705086203125 0.41422988437499997
9 0.46243103437500005 0.40750574687499996 0.552206896875 0.40750574687499996 0.552206896875 0.220632184375 0.46243103437500005 0.220632184375 0.46243103437500005 0.40750574687499996
1 0.6536206890625 0.4066666671875 0.870956896875 0.4066666671875 0.870956896875 0.090229884375 0.6536206890625 0.090229884375 0.6536206890625 0.4066666671875
1 0.6163793109375 0.7855172406250001 0.8501724140625001 0.7855172406250001 0.8501724140625001 0.5245977015625 0.6163793109375 0.5245977015625 0.6163793109375 0.7855172406250001
5 0.18663793125 0.31298850625 0.271206896875 0.31298850625 0.271206896875 0.0974482765625 0.18663793125 0.0974482765625 0.18663793125 0.31298850625
4 0.5546034484375 0.3418390796875 0.657 0.3418390796875 0.657 0.21389655156249998 0.5546034484375 0.21389655156249998 0.5546034484375 0.3418390796875
9 0.499043103125 0.22567816093749998 0.6582672406250001 0.22567816093749998 0.6582672406250001 0.0926896546875 0.499043103125 0.0926896546875 0.499043103125 0.22567816093749998
7 0.059655171875 0.776206896875 0.2693706890625 0.776206896875 0.2693706890625 0.3115402296875 0.059655171875 0.3115402296875 0.059655171875 0.776206896875
10 0.2718103453125 0.22229885 0.41836206875000004 0.22229885 0.41836206875000004 0.08932183906249999 0.2718103453125 0.08932183906249999 0.2718103453125 0.22229885