7 0.360517925 0.26229923125 0.3596854703125 0.405037340625 0.564568628125 0.3919398078125 0.56540108125 0.24920170000000003 0.360517925 0.26229923125
6 0.3600195546875 0.1364940234375 0.3592407125 0.2700397734375 0.51297395 0.2602120921875 0.5137527921875 0.12666634375000002 0.3600195546875 0.1364940234375
9 0.586512103125 0.43202196875 0.5859225421875001 0.5331118218750001 0.681295571875 0.5270149265625 0.6818851312499999 0.42592507343749997 0.586512103125 0.43202196875
5 0.694816203125 0.321264375 0.694313171875 0.40751774531249996 0.7594769359375 0.40335203125 0.7599799671875 0.31709866249999996 0.694816203125 0.321264375
2 0.51520191875 0.1950777546875 0.67900896875 0.1839106140625 0.6783436328125 0.289543271875 0.779028859375 0.28310678437500003 0.784420828125 0.030366403125000004 0.5172174968750001 0.04594390625 0.51520191875 0.1950777546875
0 0.3570874375 0.0561805140625 0.35658901875 0.14164248906250002 0.5167190796875001 0.13140588125 0.5172174968750001 0.04594390625 0.3570874375 0.0561805140625
9 0.6789715875 0.1818700546875 0.6783436328125 0.289543271875 0.779028859375 0.28310678437500003 0.7796568140625 0.1754335671875 0.6789715875 0.1818700546875
1 0.3583740703125 0.40596443281249994 0.3575465875 0.54785026875 0.589533040625 0.533020109375 0.590360521875 0.39113427343749996 0.3583740703125 0.40596443281249994
10 0.27810640000000003 0.16696743281249998 0.27746779374999997 0.276466946875 0.36775048125 0.27069546093749997 0.3683890875 0.161195946875 0.27810640000000003 0.16696743281249998
3 0.5652172531249999 0.1898809484375 0.5647278124999999 0.2738036140625 0.6641435343750001 0.2674482828125 0.664632975 0.183525615625 0.5652172531249999 0.1898809484375
0 0.275823659375 0.26684412812499997 0.2749677234375 0.4136087828125 0.3652504109375 0.40783729687500003 0.366106346875 0.261072640625 0.275823659375 0.26684412812499997