7 0.41351724062499995 0.38400730781250003 0.2720258625 0.38400730781250003 0.2720258625 0.586479903125 0.41351724062499995 0.586479903125 0.41351724062499995 0.38400730781250003
6 0.27962068906250004 0.38278928125 0.1472413796875 0.38278928125 0.1472413796875 0.5347137640625 0.27962068906250004 0.5347137640625 0.27962068906250004 0.38278928125
9 0.55486206875 0.608404384375 0.454655171875 0.608404384375 0.454655171875 0.7026552984375 0.55486206875 0.7026552984375 0.55486206875 0.608404384375
5 0.4371896546875 0.714835565625 0.3516896546875 0.714835565625 0.3516896546875 0.77923264375 0.4371896546875 0.77923264375 0.4371896546875 0.714835565625
2 0.3191896546875 0.797868453125 0.3191896546875 0.69836784375 0.214482759375 0.698416565625 0.21517241406249998 0.5365408031250001 0.06741379374999999 0.53767356875 0.068905171875 0.801741778125 0.3191896546875 0.797868453125
0 0.15212931093749998 0.379427528125 0.06741379374999999 0.379427528125 0.06741379374999999 0.53767356875 0.15212931093749998 0.53767356875 0.15212931093749998 0.379427528125
9 0.3191896546875 0.69836784375 0.21245689687499997 0.69836784375 0.21245689687499997 0.797868453125 0.3191896546875 0.797868453125 0.3191896546875 0.69836784375
1 0.5549999999999999 0.3827162 0.41435344843750005 0.3827162 0.41435344843750005 0.611973203125 0.5549999999999999 0.611973203125 0.5549999999999999 0.3827162
10 0.28081034531250004 0.301985384375 0.172267240625 0.301985384375 0.172267240625 0.39120584687500004 0.28081034531250004 0.39120584687500004 0.28081034531250004 0.301985384375
3 0.29637931093750003 0.5859561515625 0.2131896546875 0.5859561515625 0.2131896546875 0.6842021921875 0.29637931093750003 0.6842021921875 0.29637931093750003 0.5859561515625
0 0.4166465515625 0.30030450625 0.27116379375 0.30030450625 0.27116379375 0.3895249703125 0.4166465515625 0.3895249703125 0.4166465515625 0.30030450625