7 0.7634609921875 0.3577696359375 0.6115191796875 0.3908368484375 0.652451828125 0.6071518296875 0.8043936390624999 0.5740846171875 0.7634609921875 0.3577696359375
6 0.9079271953125 0.383912125 0.7657704609375 0.41484980312499997 0.7964841046875 0.577160865625 0.9386408390625001 0.5462231875 0.9079271953125 0.383912125
9 0.5438563656250001 0.2763330515625 0.4362482734375 0.2997518828125 0.45530240468749994 0.400446421875 0.5629104984375 0.377027590625 0.5438563656250001 0.2763330515625
5 0.6389456546875001 0.17045683125 0.5471306984375001 0.190438590625 0.5601494609375 0.25923828437499996 0.65196441875 0.23925652656250002 0.6389456546875001 0.17045683125
2 0.9930524125 0.362093878125 0.938065825 0.08032073437500001 0.6700785890625001 0.1429515484375 0.6901940203125 0.2492546859375 0.802624628125 0.22473213125 0.8346094703125001 0.3978359828125 0.9930524125 0.362093878125
0 1 0.3988094921875 0.9930524125 0.362093878125 0.9020798781250001 0.3818923015625 0.9340715140625001 0.5509571046875 1 0.5366090390625 1 0.3988094921875
9 0.7846945390625 0.11800759062499999 0.6700785890625001 0.1429515484375 0.6901940203125 0.2492546859375 0.8048099687500001 0.22431073124999998 0.7846945390625 0.11800759062499999
1 0.6054673875 0.363796078125 0.4544328015625 0.39666585 0.5007802890625 0.6415964046875 0.651814875 0.6087266328125 0.6054673875 0.363796078125
10 0.9100650625 0.5430798734375 0.7935050578125 0.5684469156249999 0.8115422140625 0.6637670890625 0.92810221875 0.6384000453125 0.9100650625 0.5430798734375
3 0.8068868734375 0.239616090625 0.7175529 0.259057909375 0.737414703125 0.3640207125 0.8267486765625 0.34457889062499997 0.8068868734375 0.239616090625
0 0.8042039093750001 0.5679882625 0.6479759171875 0.6019882796875 0.6660130734374999 0.6973084515625 0.822241065625 0.6633084359375 0.8042039093750001 0.5679882625