7 0.43459891875 0.24920170000000003 0.43543137187500003 0.3919398078125 0.6403145296874999 0.405037340625 0.639482075 0.26229923125 0.43459891875 0.24920170000000003
6 0.4862472078125 0.12666634375000002 0.48702605 0.2602120921875 0.6407592875 0.2700397734375 0.6399804453125 0.1364940234375 0.4862472078125 0.12666634375000002
9 0.31811486875 0.42592507343749997 0.318704428125 0.5270149265625 0.4140774578125 0.5331118218750001 0.413487896875 0.43202196875 0.31811486875 0.42592507343749997
5 0.2400200328125 0.31709866249999996 0.2405230640625 0.40335203125 0.305686828125 0.40751774531249996 0.305183796875 0.321264375 0.2400200328125 0.31709866249999996
2 0.482782503125 0.04594390625 0.21557917187500003 0.030366403125000004 0.22097114062499998 0.28310678437500003 0.3216563671875 0.289543271875 0.32099103125 0.1839106140625 0.48479808125 0.1950777546875 0.482782503125 0.04594390625
0 0.482782503125 0.04594390625 0.4832809203125 0.13140588125 0.64341098125 0.14164248906250002 0.6429125625000001 0.0561805140625 0.482782503125 0.04594390625
9 0.22034318593750002 0.1754335671875 0.22097114062499998 0.28310678437500003 0.3216563671875 0.289543271875 0.32102841249999997 0.1818700546875 0.22034318593750002 0.1754335671875
1 0.409639478125 0.39113427343749996 0.410466959375 0.533020109375 0.6424534125 0.54785026875 0.6416259296875 0.40596443281249994 0.409639478125 0.39113427343749996
10 0.6316109125 0.161195946875 0.63224951875 0.27069546093749997 0.72253220625 0.276466946875 0.7218936 0.16696743281249998 0.6316109125 0.161195946875
3 0.335367025 0.183525615625 0.335856465625 0.2674482828125 0.4352721875 0.2738036140625 0.434782746875 0.1898809484375 0.335367025 0.183525615625
0 0.633893653125 0.261072640625 0.6347495890625 0.40783729687500003 0.7250322765625 0.4136087828125 0.7241763406249999 0.26684412812499997 0.633893653125 0.261072640625