0 0.5492241375 0.9569080453125001 0.7171724140625 0.9569080453125001 0.7171724140625 0.8828275859374999 0.5492241375 0.8828275859374999 0.5492241375 0.9569080453125001
7 0.5236206890624999 0.8876896546875 0.7192931031249999 0.8876896546875 0.7192931031249999 0.6404597703125 0.5236206890624999 0.6404597703125 0.5236206890624999 0.8876896546875
10 0.5890344828125 0.1210229890625 0.7165603453125 0.1210229890625 0.7165603453125 0.0385287359375 0.5890344828125 0.0385287359375 0.5890344828125 0.1210229890625
9 0.24560344843749998 0.6757471265625 0.3200775859375 0.6757471265625 0.3200775859375 0.51586206875 0.24560344843749998 0.51586206875 0.24560344843749998 0.6757471265625
6 0.58966379375 0.34240229843750003 0.71466379375 0.34240229843750003 0.71466379375 0.110080459375 0.58966379375 0.110080459375 0.58966379375 0.34240229843750003
0 0.3838534484375 0.1151264375 0.5151724140625 0.1151264375 0.5151724140625 0.041057471875 0.3838534484375 0.041057471875 0.3838534484375 0.1151264375
1 0.35858620625 0.3719540234375 0.5239913796875 0.3719540234375 0.5239913796875 0.11091954062500001 0.35858620625 0.11091954062500001 0.35858620625 0.3719540234375
9 0.514482759375 0.27344827656250004 0.59658620625 0.27344827656250004 0.59658620625 0.1101034484375 0.514482759375 0.1101034484375 0.514482759375 0.27344827656250004
9 0.6256465515625 0.4408850578125 0.7165603453125 0.4408850578125 0.7165603453125 0.3348275859375 0.6256465515625 0.3348275859375 0.6256465515625 0.4408850578125
2 0.317155171875 0.57241379375 0.31841379375 0.51456321875 0.24868103437500003 0.51456321875 0.24868103437500003 0.6689540234375 0.32762931093750003 0.6689540234375 0.33025862031250003 0.7882528734375 0.519732759375 0.7847471265625 0.519732759375 0.5759655171875 0.317155171875 0.57241379375
1 0.359232759375 0.5711839078125001 0.52463793125 0.5711839078125001 0.52463793125 0.36574712656249997 0.359232759375 0.36574712656249997 0.359232759375 0.5711839078125001