0 0.4507758625 0.8828275859374999 0.2828275859375 0.8828275859374999 0.2828275859375 0.9569080453125001 0.4507758625 0.9569080453125001 0.4507758625 0.8828275859374999
7 0.4763793109375 0.6404597703125 0.280706896875 0.6404597703125 0.280706896875 0.8876896546875 0.4763793109375 0.8876896546875 0.4763793109375 0.6404597703125
10 0.41096551718749996 0.0385287359375 0.2834396546875 0.0385287359375 0.2834396546875 0.1210229890625 0.41096551718749996 0.1210229890625 0.41096551718749996 0.0385287359375
9 0.7543965515625 0.51586206875 0.6799224140625 0.51586206875 0.6799224140625 0.6757471265625 0.7543965515625 0.6757471265625 0.7543965515625 0.51586206875
6 0.41033620624999995 0.110080459375 0.28533620625 0.110080459375 0.28533620625 0.34240229843750003 0.41033620624999995 0.34240229843750003 0.41033620624999995 0.110080459375
0 0.6161465515625 0.041057471875 0.48482758593749997 0.041057471875 0.48482758593749997 0.1151264375 0.6161465515625 0.1151264375 0.6161465515625 0.041057471875
1 0.64141379375 0.11091954062500001 0.47600862031249996 0.11091954062500001 0.47600862031249996 0.3719540234375 0.64141379375 0.3719540234375 0.64141379375 0.11091954062500001
9 0.485517240625 0.1101034484375 0.40341379374999997 0.1101034484375 0.40341379374999997 0.27344827656250004 0.485517240625 0.27344827656250004 0.485517240625 0.1101034484375
9 0.3743534484375 0.3348275859375 0.2834396546875 0.3348275859375 0.2834396546875 0.4408850578125 0.3743534484375 0.4408850578125 0.3743534484375 0.3348275859375
2 0.48026724062500004 0.5759655171875 0.48026724062500004 0.7847471265625 0.6697413796875 0.7882528734375 0.6723706890625001 0.6689540234375 0.751318965625 0.6689540234375 0.751318965625 0.51456321875 0.68158620625 0.51456321875 0.682844828125 0.57241379375 0.48026724062500004 0.5759655171875
1 0.640767240625 0.36574712656249997 0.47536206875 0.36574712656249997 0.47536206875 0.5711839078125001 0.640767240625 0.5711839078125001 0.640767240625 0.36574712656249997