0 0.92470263125 0.3936073265625 0.8832138781250001 0.5597682515625 0.956612421875 0.5784955828125 0.9981011750000001 0.412334659375 0.92470263125 0.3936073265625
7 0.6850897078125 0.3302393 0.6367521796875 0.5238293171875 0.8817062968749999 0.5863283390625 0.9300438249999999 0.392738321875 0.6850897078125 0.3302393
10 0.08802440781250001 0.18077649843750002 0.056521321874999995 0.30694519531250003 0.138256209375 0.3277995125 0.1697592953125 0.2016308140625 0.08802440781250001 0.18077649843750002
9 0.4630195625 0.6937083109375 0.44462199843750005 0.7673898765625 0.603035303125 0.8078083703125 0.6214328671875 0.73412680625 0.4630195625 0.6937083109375
6 0.1584489828125 0.20074094062499998 0.12756986718750002 0.3244106578125 0.35775316875 0.3831409671875 0.3886322828125 0.25947125 0.1584489828125 0.20074094062499998
0 0.0407804171875 0.3806604609375 0.008340309375 0.510581896875 0.081727465625 0.5293063250000001 0.11416757343749999 0.39938488906249997 0.0407804171875 0.3806604609375
1 0.11217797656249999 0.3895962859375 0.071317453125 0.5532411734375 0.3299490953125 0.6192299593749999 0.37080961874999996 0.455585071875 0.11217797656249999 0.3895962859375
9 0.129302709375 0.3175677265625 0.10902045468749999 0.3987974078125 0.27086168125 0.44009052187500003 0.2911439359375 0.35886084218750003 0.129302709375 0.3175677265625
9 0.38159580625 0.2556800171875 0.35913710625 0.34562628125 0.46421831406249997 0.3724373125 0.48667701250000006 0.28249105 0.38159580625 0.2556800171875
2 0.7787509140625 0.5641513109375 0.5718911531249999 0.5113719062500001 0.518328790625 0.710895740625 0.46132165468749997 0.6950260515625 0.4440953671875 0.764016696875 0.5970649953125 0.8030462578125 0.6165678171875 0.724938171875 0.735418040625 0.7524952593750001 0.7787509140625 0.5641513109375
1 0.3648195765625 0.4533763140625 0.323959053125 0.617021203125 0.5275047749999999 0.6689550453125 0.5683652984374999 0.5053101578125 0.3648195765625 0.4533763140625