0 0.1134387125 0.1629146375 0.06974449687499999 0.32852857343749997 0.14179764374999998 0.34363853906249997 0.1854918609375 0.17802460312499999 0.1134387125 0.1629146375
7 0.1813145765625 0.1749416875 0.13040751718750002 0.36789441875 0.370871621875 0.4183211421875 0.42177868125 0.22536841093749999 0.1813145765625 0.1749416875
10 1 0.349468659375 0.926289403125 0.3340111171875 0.8931116734375 0.459764478125 0.9733483578125 0.476590578125 1 0.375573015625 1 0.349468659375
9 0.283595215625 0.6118377140625 0.264219671875 0.6852767234375 0.41972925937500005 0.717887990625 0.43910480312500005 0.6444489796874999 0.283595215625 0.6118377140625
6 0.7104750234375 0.2907272484375 0.6779544328125 0.41398985312500003 0.90391846875 0.4613758265625 0.936439059375 0.3381132234375 0.7104750234375 0.2907272484375
0 0.879630553125 0.5338026265625 0.8454659890625 0.6632963703125 0.9175079593750001 0.678403990625 0.9516725218750001 0.548910246875 0.879630553125 0.5338026265625
1 0.632125784375 0.4727219015625 0.58909319375 0.6358280796875 0.8429841140625 0.6890704859375 0.8860167046875 0.52596430625 0.632125784375 0.4727219015625
9 0.746822403125 0.421227996875 0.7254619812499999 0.5021902765624999 0.88433665625 0.5355072203125 0.9056970765625 0.4545449421875 0.746822403125 0.421227996875
9 0.61518079375 0.26876982968749996 0.5915282328125 0.35841999687500004 0.694683296875 0.3800522140625 0.718335859375 0.29040204687500004 0.61518079375 0.26876982968749996
2 0.1768170875 0.578850734375 0.292167109375 0.6057765203125001 0.271627553125 0.6836274812500001 0.4217932453125 0.7151181015625 0.4399352484375 0.6463545703125 0.383340384375 0.6357960921875 0.4325893984375 0.43530972968750004 0.22952138125000002 0.39272518437500004 0.1768170875 0.578850734375
1 0.43851630625000004 0.4314480265625 0.395483715625 0.59455420625 0.5952984406249999 0.6364565171875001 0.63833103125 0.4733503375 0.43851630625000004 0.4314480265625