0 0.0018988250000000003 0.412334659375 0.043387578125 0.5784955828125 0.116786121875 0.5597682515625 0.07529736875000001 0.3936073265625 0.0018988250000000003 0.412334659375
7 0.069956175 0.392738321875 0.11829370312500001 0.5863283390625 0.36324782031249997 0.5238293171875 0.3149102921875 0.3302393 0.069956175 0.392738321875
10 0.8302407046875 0.2016308140625 0.8617437906250001 0.3277995125 0.9434786781250001 0.30694519531250003 0.9119755921875001 0.18077649843750002 0.8302407046875 0.2016308140625
9 0.3785671328125 0.73412680625 0.39696469687499997 0.8078083703125 0.5553780015625 0.7673898765625 0.5369804375 0.6937083109375 0.3785671328125 0.73412680625
6 0.6113677171874999 0.25947125 0.64224683125 0.3831409671875 0.8724301328124999 0.3244106578125 0.8415510171875 0.20074094062499998 0.6113677171874999 0.25947125
0 0.8858324265625 0.39938488906249997 0.918272534375 0.5293063250000001 0.9916596906249999 0.510581896875 0.9592195828125 0.3806604609375 0.8858324265625 0.39938488906249997
1 0.62919038125 0.455585071875 0.6700509046875001 0.6192299593749999 0.928682546875 0.5532411734375 0.8878220234375 0.3895962859375 0.62919038125 0.455585071875
9 0.7088560640625 0.35886084218750003 0.72913831875 0.44009052187500003 0.8909795453125 0.3987974078125 0.870697290625 0.3175677265625 0.7088560640625 0.35886084218750003
9 0.5133229874999999 0.28249105 0.5357816859375 0.3724373125 0.6408628937499999 0.34562628125 0.61840419375 0.2556800171875 0.5133229874999999 0.28249105
2 0.264581959375 0.7524952593750001 0.3834321828125 0.724938171875 0.4029350046875 0.8030462578125 0.5559046328125 0.764016696875 0.5386783453125 0.6950260515625 0.48167120937499996 0.710895740625 0.428108846875 0.5113719062500001 0.22124908593749998 0.5641513109375 0.264581959375 0.7524952593750001
1 0.43163470156250006 0.5053101578125 0.472495225 0.6689550453125 0.6760409468749999 0.617021203125 0.6351804234375 0.4533763140625 0.43163470156250006 0.5053101578125