0 0.6054485421875 0.7172958375 0.6189977640625 0.8093973312499999 0.7142103343749999 0.7921117953125 0.7006611109375 0.7000103046875 0.6054485421875 0.7172958375
7 0.0676544703125 0.56181195 0.10141854531250001 0.791324871875 0.3086311640625 0.7537060921875 0.2748670890625 0.5241931703125 0.0676544703125 0.56181195
3 0.289071125 0.36259723125 0.30487094843749996 0.4699972875 0.427331853125 0.4477649078125 0.411532028125 0.34036485 0.289071125 0.36259723125
5 0.10774800312499999 0.19542652968750002 0.1332446703125 0.3687413484375 0.238260375 0.3496760875 0.21276370781249998 0.17636126875 0.10774800312499999 0.19542652968750002
9 0.51744329375 0.29722250781250004 0.5448002562500001 0.4831827609375 0.6641604890624999 0.46151329687500003 0.6368035265625 0.27555304375 0.51744329375 0.29722250781250004
1 0.2770430015625 0.5252131999999999 0.3129005421875 0.76895654375 0.4918625890625 0.7364665640625 0.45600505 0.49272322031250004 0.2770430015625 0.5252131999999999
2 0.699673878125 0.7040101921875 0.6322268921875 0.2663016234375 0.5170969984375 0.291589765625 0.5439948359375 0.47880079531249997 0.4482368015625 0.494345778125 0.4843376484375 0.7397430218750001 0.699673878125 0.7040101921875
6 0.2113543125 0.1766171390625 0.234782859375 0.3358738171875 0.4292169484375 0.3005749390625 0.40578840156249996 0.1413182609375 0.2113543125 0.1766171390625
10 0.39709250625000003 0.14275546562500002 0.41548761875 0.2677971109375 0.574592834375 0.2389120734375 0.5561977234375 0.11387042812499999 0.39709250625000003 0.14275546562500002
9 0.4136273234375 0.25515167656250004 0.4391290609375 0.42850095 0.5386324609375001 0.41043642968749994 0.5131307234375 0.23708715625000001 0.4136273234375 0.25515167656250004
0 0.0998581890625 0.7866200703125 0.12101586093750001 0.9304403562499999 0.3269443640625 0.8930547046875 0.3057866921875 0.7492344156249999 0.0998581890625 0.7866200703125