0 0.1723565171875 0.46935353125 0.27227396718749997 0.46176059062499997 0.2602567890625 0.358653075 0.1603393390625 0.366246015625 0.1723565171875 0.46935353125
7 0.3278863421875 0.779074875 0.35342709375000003 0.9982147906250001 0.42896955 0.9977752984375 0.603029471875 0.9845481109374999 0.576876296875 0.7601535953125 0.3278863421875 0.779074875
3 0.623717790625 0.7161833265625 0.740232078125 0.7073291578124999 0.7247757734375 0.574713896875 0.608261484375 0.5835680671875 0.623717790625 0.7161833265625
5 0.78289914375 0.8708621328125 0.9709218828124999 0.8565738812499999 0.9576674093750001 0.7428503609375 0.7696446703125 0.7571386125 0.78289914375 0.8708621328125
9 0.5345035453125 0.469720340625 0.7362448453125 0.45438958749999997 0.7211798890625001 0.3251321046875 0.5194385890625 0.3404628578125 0.5345035453125 0.469720340625
1 0.310704040625 0.7782249015625 0.5751320468750001 0.7581304531249999 0.5525444953124999 0.564329021875 0.2881164890625 0.5844234703125 0.310704040625 0.7782249015625
2 0.5393079859375 0.4695263265625 0.7422037718750001 0.4534234953125 0.7322285671875 0.32771422656250004 0.25641341875 0.3606217890625 0.28708225625 0.593022184375 0.553304515625 0.572791384375 0.5393079859375 0.4695263265625
6 0.785073703125 0.75750590625 0.9578452953125 0.744376625 0.933304953125 0.533820221875 0.7605333609375 0.5469495046875 0.785073703125 0.75750590625
10 0.798896471875 0.5535124140625001 0.9345494593750001 0.543203853125 0.9144681203125 0.3709057671875 0.778815134375 0.381214328125 0.798896471875 0.5535124140625001
9 0.6245549078125 0.566761003125 0.81261503125 0.5524699125 0.8000562875 0.44471577343749996 0.611996165625 0.459006865625 0.6245549078125 0.566761003125
0 0.35874079062500003 0.9981838765625 0.33342576562500004 0.7809807015625 0.17740053125 0.7928373921875 0.2014403203125 0.9990990249999999 0.35874079062500003 0.9981838765625