0 0.8396606609375 0.366246015625 0.7397432109375 0.358653075 0.7277260328125 0.46176059062499997 0.8276434828125 0.46935353125 0.8396606609375 0.366246015625
7 0.42312370312500003 0.7601535953125 0.396970528125 0.9845481109374999 0.5710304500000001 0.9977752984375 0.6465729062500001 0.9982147906250001 0.6721136578125 0.779074875 0.42312370312500003 0.7601535953125
3 0.391738515625 0.5835680671875 0.2752242265625 0.574713896875 0.25976792187500003 0.7073291578124999 0.376282209375 0.7161833265625 0.391738515625 0.5835680671875
5 0.2303553296875 0.7571386125 0.042332590625 0.7428503609375 0.029078117187500002 0.8565738812499999 0.21710085625 0.8708621328125 0.2303553296875 0.7571386125
9 0.4805614109375 0.3404628578125 0.27882011093750003 0.3251321046875 0.2637551546875 0.45438958749999997 0.4654964546875 0.469720340625 0.4805614109375 0.3404628578125
1 0.7118835109375 0.5844234703125 0.44745550468750006 0.564329021875 0.424867953125 0.7581304531249999 0.689295959375 0.7782249015625 0.7118835109375 0.5844234703125
2 0.446695484375 0.572791384375 0.71291774375 0.593022184375 0.74358658125 0.3606217890625 0.2677714328125 0.32771422656250004 0.257796228125 0.4534234953125 0.46069201406250004 0.4695263265625 0.446695484375 0.572791384375
6 0.2394666390625 0.5469495046875 0.066695046875 0.533820221875 0.0421547046875 0.744376625 0.214926296875 0.75750590625 0.2394666390625 0.5469495046875
10 0.221184865625 0.381214328125 0.0855318796875 0.3709057671875 0.065450540625 0.543203853125 0.201103528125 0.5535124140625001 0.221184865625 0.381214328125
9 0.38800383437499997 0.459006865625 0.1999437125 0.44471577343749996 0.18738496875 0.5524699125 0.3754450921875 0.566761003125 0.38800383437499997 0.459006865625
0 0.7985596796875 0.9990990249999999 0.82259946875 0.7928373921875 0.666574234375 0.7809807015625 0.641259209375 0.9981838765625 0.7985596796875 0.9990990249999999