0 0.2993388890625 0.7000103046875 0.28578966562499997 0.7921117953125 0.3810022359375 0.8093973312499999 0.3945514578125 0.7172958375 0.2993388890625 0.7000103046875
7 0.7251329109375 0.5241931703125 0.6913688359375 0.7537060921875 0.8985814546875 0.791324871875 0.9323455296875001 0.56181195 0.7251329109375 0.5241931703125
3 0.588467971875 0.34036485 0.572668146875 0.4477649078125 0.6951290515624999 0.4699972875 0.710928875 0.36259723125 0.588467971875 0.34036485
5 0.7872362921875 0.17636126875 0.7617396249999999 0.3496760875 0.8667553296875001 0.3687413484375 0.892251996875 0.19542652968750002 0.7872362921875 0.17636126875
9 0.3631964734375 0.27555304375 0.3358395109375 0.46151329687500003 0.45519974375 0.4831827609375 0.48255670625 0.29722250781250004 0.3631964734375 0.27555304375
1 0.54399495 0.49272322031250004 0.5081374109375 0.7364665640625 0.6870994578125 0.76895654375 0.7229569984374999 0.5252131999999999 0.54399495 0.49272322031250004
2 0.5156623515625001 0.7397430218750001 0.5517631984375 0.494345778125 0.45600516406249997 0.47880079531249997 0.48290300156250004 0.291589765625 0.3677731078125 0.2663016234375 0.300326121875 0.7040101921875 0.5156623515625001 0.7397430218750001
6 0.5942115984375 0.1413182609375 0.5707830515625 0.3005749390625 0.765217140625 0.3358738171875 0.7886456875000001 0.1766171390625 0.5942115984375 0.1413182609375
10 0.4438022765625 0.11387042812499999 0.42540716562499997 0.2389120734375 0.5845123812499999 0.2677971109375 0.60290749375 0.14275546562500002 0.4438022765625 0.11387042812499999
9 0.4868692765625 0.23708715625000001 0.46136753906249994 0.41043642968749994 0.5608709390625 0.42850095 0.5863726765624999 0.25515167656250004 0.4868692765625 0.23708715625000001
0 0.6942133078125 0.7492344156249999 0.6730556359375 0.8930547046875 0.8789841390625 0.9304403562499999 0.9001418109375001 0.7866200703125 0.6942133078125 0.7492344156249999