0 0.8505119453125 0.5631578953124999 0.7592832765625 0.5631578953124999 0.7592832765625 0.6572755421875 0.8505119453125 0.6572755421875 0.8505119453125 0.5631578953124999
7 0.7424232078124999 0.06739938125 0.515085325 0.06739938125 0.515085325 0.2722291015625 0.7424232078124999 0.2722291015625 0.7424232078124999 0.06739938125
3 0.4680546078125 0.30879257031249996 0.3616723546875 0.30879257031249996 0.3616723546875 0.4298452015625 0.4680546078125 0.4298452015625 0.4680546078125 0.30879257031249996
5 0.3403071671875 0.1578947375 0.1686348125 0.1578947375 0.1686348125 0.26170278593749996 0.3403071671875 0.26170278593749996 0.3403071671875 0.1578947375
9 0.522798634375 0.537925696875 0.3386006828125 0.537925696875 0.3386006828125 0.6559133125 0.522798634375 0.6559133125 0.522798634375 0.537925696875
1 0.757883959375 0.2741795671875 0.5164505125 0.2741795671875 0.5164505125 0.451083590625 0.757883959375 0.451083590625 0.757883959375 0.2741795671875
2 0.518430034375 0.5377708984375 0.3331058015625 0.5383900921875 0.3288737203125 0.6528173374999999 0.7629692828125 0.6557585140625 0.7597269625 0.4433746125 0.5166552906249999 0.4433746125 0.518430034375 0.5377708984375
6 0.326382253125 0.260309596875 0.1686348125 0.260309596875 0.1686348125 0.45250774062500004 0.326382253125 0.45250774062500004 0.326382253125 0.260309596875
10 0.2923549484375 0.4439318890625 0.16849829375 0.4439318890625 0.16849829375 0.6012074296875001 0.2923549484375 0.6012074296875001 0.2923549484375 0.4439318890625
9 0.4515358359375 0.4439318890625 0.2798293515625 0.4439318890625 0.2798293515625 0.542291021875 0.4515358359375 0.542291021875 0.4515358359375 0.4439318890625
0 0.880068259375 0.0665634671875 0.737610921875 0.0665634671875 0.737610921875 0.2701238390625 0.880068259375 0.2701238390625 0.880068259375 0.0665634671875