2 0.9977982640624999 0.375650171875 0.75873101875 0.375650171875 0.75873101875 0.534177215625 0.64667028125 0.534177215625 0.64667028125 0.9754315312499999 0.9953145343750001 0.972784809375 0.9977982640624999 0.375650171875
7 0.34188720156249996 0 0.34188720156249996 0.32485615624999997 0.657440346875 0.32485615624999997 0.657440346875 0 0.34188720156249996 0
10 0.9977223421874999 0.011139240625000001 0.8771149671874999 0.011139240625000001 0.8771149671874999 0.389562715625 0.9977223421874999 0.389562715625 0.9977223421874999 0.011139240625000001
3 0.5810195234375 0.5177215187499999 0.43549891562500004 0.5177215187499999 0.43549891562500004 0.7755696203125 0.5810195234375 0.7755696203125 0.5810195234375 0.5177215187499999
6 0.8865184375 0.011139240625000001 0.6532321046875 0.011139240625000001 0.6532321046875 0.39197928593750003 0.8865184375 0.39197928593750003 0.8865184375 0.011139240625000001
0 0.6603036875 0.8184119671874999 0.34477223437500004 0.8184119671874999 0.34477223437500004 0.9810701953125 0.6603036875 0.9810701953125 0.6603036875 0.8184119671874999
9 0.26930585625000003 0.3154890671875 0.03221258125 0.3154890671875 0.03221258125 0.4830034515625 0.26930585625000003 0.4830034515625 0.26930585625000003 0.3154890671875
9 0.26930585625000003 0.4706329109375 0.03221258125 0.4706329109375 0.03221258125 0.6381472953125 0.26930585625000003 0.6381472953125 0.26930585625000003 0.4706329109375
9 1 0.377192175 0.762906725 0.377192175 0.762906725 0.544706559375 1 0.544706559375 1 0.377192175
1 0.35194143125 0.634292290625 0.031822126562500004 0.634292290625 0.031822126562500004 0.9811852703125 0.35194143125 0.9811852703125 0.35194143125 0.634292290625
1 0.3564316703125 0.0087111625 0.036312364062500005 0.0087111625 0.036312364062500005 0.32895281875000004 0.3564316703125 0.32895281875000004 0.3564316703125 0.0087111625