2 0.37479439999999997 0.9974395671874999 0.377349003125 0.5598105906249999 0.2581897234375 0.55150605625 0.25917055312500004 0.3834799453125 0.0233777265625 0.3670469015625 0.022678059375 0.48690703125 0.045387242187499996 0.9744822828125 0.37479439999999997 0.9974395671874999
7 0.704708153125 0.02231025625 0.513092971875 0.008956071875 0.36912225468750004 0.006443053125000001 0.3671918046875 0.3371487046875 0.70273381875 0.3605335421875 0.704708153125 0.02231025625
10 0.0255177171875 0.0004454140625 0.02329165 0.3817930921875 0.1332014375 0.38945300625 0.1354610171875 0.00236448125 0.0255177171875 0.0004454140625
3 0.6019989375 0.5580182265625 0.44726025625 0.547234065625 0.44566491093750005 0.8205326296875001 0.6004035921875001 0.831316790625 0.6019989375 0.5580182265625
6 0.1254588296875 0.0021898921875 0.12318734687499999 0.3913175140625 0.37125131875 0.4086057671875 0.373598434375 0.006521184375 0.1254588296875 0.0021898921875
0 0.69593198125 1 0.6966123265624999 0.883449809375 0.361093378125 0.8600665765625 0.36029737968750003 0.9964292296874999 0.4115332875 1 0.69593198125 1
9 1 0.371318425 0.7799708187500001 0.355983990625 0.7789343828125 0.5335359703125 1 0.5489426359375 1 0.371318425
9 1 0.5358255093750001 0.7790109203125 0.5204241765625001 0.7779744859375 0.69797615625 1 0.7134497203125 1 0.5358255093750001
9 0.023368187500000002 0.3686813 0.022678059375 0.48690704374999993 0.02545135 0.54645069375 0.253684359375 0.562356875 0.2547207953125 0.38480489375000004 0.023368187500000002 0.3686813
1 1 0.70936205625 0.69012816875 0.6877662421874999 0.6883055453125 1 1 1 1 0.70936205625
1 1 0.0460258609375 0.6892240593750001 0.0243670359375 0.6872426765624999 0.363797828125 1 0.38559473906249997 1 0.0460258609375