9 0.41462809062500006 0.311038690625 0.5976852218750001 0.2917868375 0.5712559828125 0.05351828125 0.38819885 0.0727701328125 0.41462809062500006 0.311038690625
10 0.1370176265625 0.5246811859375 0.0833733859375 0.0410601890625 0.000289715625 0.049797978124999996 0.0030613640625 0.5262038859375 0.0044390609375 0.5386242796875 0.1370176265625 0.5246811859375
3 0.201811984375 0.48172510312499994 0.3994034015625 0.4609447015625 0.38009529531249997 0.2868755890625 0.182503878125 0.307655990625 0.201811984375 0.48172510312499994
0 0.5036179546875 1 0.49555788593749994 0.9273357359375 0.052721649999999995 0.9739081781250001 0.055615807812499994 1 0.5036179546875 1
1 0.5621860187500001 0 0.5951516484375 0.2971963234375 0.978693440625 0.2568597921875 0.9502020218749999 0 0.5621860187500001 0
1 1 0.5566246875 0.6189720515625 0.5966968421875001 0.6538289421875 0.9109435359375 1 0.8745372296875 1 0.5566246875
9 0.3287786203125 0.49914609531250004 0.0038505109375 0.5333183109374999 0.0193253453125 0.6728291765625001 0.344253453125 0.638656959375 0.3287786203125 0.49914609531250004
9 0.4738692828125 0.9298696312500001 0.6569264140625 0.9106177796875 0.6327435203125 0.6926008015625 0.44968638906249997 0.711852653125 0.4738692828125 0.9298696312500001
2 0.45442308281250005 0.6192014593749999 0.34587544375 0.63061725625 0.327901303125 0.502723259375 0.0037427109375 0.5323464515625 0.052837209375000006 0.9749499937499999 0.484555890625 0.9250079046874999 0.45442308281250005 0.6192014593749999
7 1 0.44894564375 0.9778214015625 0.24899807031250001 0.580936659375 0.29073785937499996 0.616073959375 0.6075125296875 1 0.5671355859375 1 0.44894564375
6 0.4183587046875 0.25960946875 0.390533584375 0.0087565984375 0.0678519921875 0.0426925515625 0.0956771109375 0.293545421875 0.4183587046875 0.25960946875