9 0.3227142625 0.8868094953125001 0.5037257281249999 0.9317350624999999 0.5565782203125 0.6976438453125 0.3755667546875 0.6527182765624999 0.3227142625 0.8868094953125001
10 0 0.8663477687500001 0.0154593890625 0.8701846625 0.12150329062500001 0.4005011140625 0 0.3703449875 0 0.8663477687500001
3 0.14295565625 0.6234913453125001 0.3383389859375 0.6719838921875 0.376950821875 0.50096656875 0.18156749218749998 0.45247402187499997 0.14295565625 0.6234913453125001
0 0.327454228125 0 0.524848065625 0.0489915390625 0.53590924375 0 0.327454228125 0
1 0.8830711640625 0.9953969296875 0.930532959375 0.7851818765624999 0.55464303125 0.6918890656250001 0.490759853125 0.974836765625 0.8830711640625 0.9953969296875
1 0.9951854296875 0.1654660328125 0.681378478125 0.08758170937500001 0.611672590625 0.39631901406250003 0.9857667187500001 0.48916612343750004 0.9951854296875 0.1654660328125
9 0 0.375850046875 0.310526359375 0.452920153125 0.341472521875 0.3158552 0.0235412640625 0.23694725781249998 0 0.34121487500000003 0 0.375850046875
9 0.4550695625 0.2576110109375 0.6360810265625 0.302536578125 0.6844413328125001 0.088341884375 0.5034298703125 0.04341631875 0.4550695625 0.2576110109375
2 0.0770385859375 0 0 0.3412148796875 0 0.37670155781250003 0.3100451265625 0.44922674999999995 0.3422041453125 0.324107025 0.4495387609375 0.3507465984375 0.513582740625 0.049769540625000004 0.3215029859375 0 0.0770385859375 0
7 0.5397053078125 0.6963383546874999 0.92878908125 0.7929057687500001 0.9840506234375 0.548144525 0.9860781234375 0.478463875 0.6099719484375 0.38511739375 0.5397053078125 0.6963383546874999
6 0.05452295625 0.6253791046875 0.00011144843750000001 0.866375428125 0.3191870671875 0.9455673921875001 0.3735985765625 0.70457106875 0.05452295625 0.6253791046875