9 0.6244332453125 0.6527182765624999 0.4434217796875 0.6976438453125 0.49627427187500006 0.9317350624999999 0.6772857375 0.8868094953125001 0.6244332453125 0.6527182765624999
10 1 0.3703449875 0.878496709375 0.4005011140625 0.9845406109375 0.8701846625 1 0.8663477687500001 1 0.3703449875
3 0.8184325078124999 0.45247402187499997 0.6230491781249999 0.50096656875 0.6616610140625 0.6719838921875 0.8570443437499999 0.6234913453125001 0.8184325078124999 0.45247402187499997
0 0.46409075624999996 0 0.47515193437500003 0.0489915390625 0.6725457718750001 0 0.46409075624999996 0
1 0.5092401468750001 0.974836765625 0.44535696874999997 0.6918890656250001 0.069467040625 0.7851818765624999 0.1169288359375 0.9953969296875 0.5092401468750001 0.974836765625
1 0.014233281249999999 0.48916612343750004 0.388327409375 0.39631901406250003 0.31862152187500004 0.08758170937500001 0.0048145703125000005 0.1654660328125 0.014233281249999999 0.48916612343750004
9 1 0.34121487500000003 0.9764587359375 0.23694725781249998 0.658527478125 0.3158552 0.6894736406249999 0.452920153125 1 0.375850046875 1 0.34121487500000003
9 0.49657012968750003 0.04341631875 0.31555866718750003 0.088341884375 0.3639189734375 0.302536578125 0.5449304374999999 0.2576110109375 0.49657012968750003 0.04341631875
2 0.6784970140625 0 0.486417259375 0.049769540625000004 0.5504612390625 0.3507465984375 0.6577958546875 0.324107025 0.6899548734375001 0.44922674999999995 1 0.37670155781250003 1 0.3412148796875 0.9229614140625 0 0.6784970140625 0
7 0.3900280515625 0.38511739375 0.0139218765625 0.478463875 0.0159493765625 0.548144525 0.07121091874999999 0.7929057687500001 0.46029469218749997 0.6963383546874999 0.3900280515625 0.38511739375
6 0.6264014234374999 0.70457106875 0.6808129328125 0.9455673921875001 0.9998885515625 0.866375428125 0.9454770437500001 0.6253791046875 0.6264014234374999 0.70457106875