9 0.61180115 0.0727701328125 0.4287440171875 0.05351828125 0.40231477812499994 0.2917868375 0.5853719093749999 0.311038690625 0.61180115 0.0727701328125
10 0.9955609390625 0.5386242796875 0.9969386359374999 0.5262038859375 0.999710284375 0.049797978124999996 0.9166266140625 0.0410601890625 0.8629823734375 0.5246811859375 0.9955609390625 0.5386242796875
3 0.8174961218749999 0.307655990625 0.6199047046875 0.2868755890625 0.6005965984375 0.4609447015625 0.798188015625 0.48172510312499994 0.8174961218749999 0.307655990625
0 0.9443841921875 1 0.94727835 0.9739081781250001 0.5044421140625001 0.9273357359375 0.49638204531249996 1 0.9443841921875 1
1 0.049797978124999996 0 0.021306559375 0.2568597921875 0.4048483515625 0.2971963234375 0.43781398125 0 0.049797978124999996 0
1 0 0.8745372296875 0.3461710578125 0.9109435359375 0.3810279484375 0.5966968421875001 0 0.5566246875 0 0.8745372296875
9 0.655746546875 0.638656959375 0.9806746546875 0.6728291765625001 0.9961494890625 0.5333183109374999 0.6712213796875 0.49914609531250004 0.655746546875 0.638656959375
9 0.5503136109375 0.711852653125 0.3672564796875 0.6926008015625 0.3430735859375 0.9106177796875 0.5261307171875 0.9298696312500001 0.5503136109375 0.711852653125
2 0.515444109375 0.9250079046874999 0.947162790625 0.9749499937499999 0.9962572890624999 0.5323464515625 0.672098696875 0.502723259375 0.65412455625 0.63061725625 0.5455769171875 0.6192014593749999 0.515444109375 0.9250079046874999
7 0 0.5671355859375 0.383926040625 0.6075125296875 0.419063340625 0.29073785937499996 0.0221785984375 0.24899807031250001 0 0.44894564375 0 0.5671355859375
6 0.9043228890625 0.293545421875 0.9321480078125 0.0426925515625 0.609466415625 0.0087565984375 0.5816412953125 0.25960946875 0.9043228890625 0.293545421875