9 0.5968403906249999 0.7009042546875001 0.42166123750000006 0.7009042546875001 0.42166123750000006 0.9290159578124999 0.5968403906249999 0.9290159578124999 0.5968403906249999 0.7009042546875001
10 0 0.9896276593750001 0.1366449515625 0.9896276593750001 0.1366449515625 0.5263563828125 0 0.5263563828125 0 0.9896276593750001
3 0.3915309453125 0.5605585109375 0.20244299687499998 0.5605585109375 0.20244299687499998 0.7272074468749999 0.3915309453125 0.7272074468749999 0.3915309453125 0.5605585109375
0 0 0.109627659375 0.4335504890625 0.109627659375 0.4335504890625 0.005132978125 0 0.005132978125 0 0.109627659375
1 1 0.696037234375 0.593876221875 0.696037234375 0.593876221875 1 1 1 1 0.696037234375
1 1 0.1093882984375 0.5849837140624999 0.1093882984375 0.5849837140624999 0.4102393609375 1 0.4102393609375 1 0.1093882984375
9 0.3207166125 0.397872340625 0.0059934859375 0.397872340625 0.0059934859375 0.5314361703125 0.3207166125 0.5314361703125 0.3207166125 0.397872340625
9 0.5879478828125 0.1093882984375 0.4127687296875 0.1093882984375 0.4127687296875 0.3181117015625 0.5879478828125 0.3181117015625 0.5879478828125 0.1093882984375
2 0 0.5325 0.3195114 0.5281382984375 0.32309446249999996 0.40531914843749994 0.42697068437499996 0.40531914843749994 0.423387621875 0.11292553125 0.0008143328125 0.108537234375 0 0.297872340625 0 0.5325
7 1 0.400292553125 0.5811074921875 0.400292553125 0.5811074921875 0.7035638296875 1 0.7035638296875 1 0.400292553125
6 0.43058631875 0.7492021281250001 0.12179153125 0.7492021281250001 0.12179153125 0.994468084375 0.43058631875 0.994468084375 0.43058631875 0.7492021281250001