9 0.403159609375 0.9290159578124999 0.5783387624999999 0.9290159578124999 0.5783387624999999 0.7009042546875001 0.403159609375 0.7009042546875001 0.403159609375 0.9290159578124999
10 1 0.5263563828125 0.8633550484375 0.5263563828125 0.8633550484375 0.9896276593750001 1 0.9896276593750001 1 0.5263563828125
3 0.6084690546875 0.7272074468749999 0.797557003125 0.7272074468749999 0.797557003125 0.5605585109375 0.6084690546875 0.5605585109375 0.6084690546875 0.7272074468749999
0 1 0.005132978125 0.5664495109375001 0.005132978125 0.5664495109375001 0.109627659375 1 0.109627659375 1 0.005132978125
1 0.406123778125 1 0.406123778125 0.696037234375 0 0.696037234375 0 1 0.406123778125 1
1 0 0.4102393609375 0.41501628593750006 0.4102393609375 0.41501628593750006 0.1093882984375 0 0.1093882984375 0 0.4102393609375
9 0.6792833875000001 0.5314361703125 0.9940065140625001 0.5314361703125 0.9940065140625001 0.397872340625 0.6792833875000001 0.397872340625 0.6792833875000001 0.5314361703125
9 0.41205211718749996 0.3181117015625 0.5872312703125 0.3181117015625 0.5872312703125 0.1093882984375 0.41205211718749996 0.1093882984375 0.41205211718749996 0.3181117015625
2 1 0.297872340625 0.9991856671875 0.108537234375 0.576612378125 0.11292553125 0.573029315625 0.40531914843749994 0.6769055374999999 0.40531914843749994 0.6804886 0.5281382984375 1 0.5325 1 0.297872340625
7 0 0.7035638296875 0.4188925078125 0.7035638296875 0.4188925078125 0.400292553125 0 0.400292553125 0 0.7035638296875
6 0.56941368125 0.994468084375 0.8782084687499999 0.994468084375 0.8782084687499999 0.7492021281250001 0.56941368125 0.7492021281250001 0.56941368125 0.994468084375