7 0.2050032078125 0.7806113296875 0.231608009375 0.4287050671875 0.018657140625 0.40966980937499997 0.013786059375000001 0.47379610781250003 0.0220990171875 0.7594939609375 0.09616259375 0.7668250484375 0.2050032078125 0.7806113296875
1 0.9899149375 0.32579515468750003 0.6906208640625 0.29616992343750004 0.6715978 0.5466027078125 0.9708918734375 0.5762279390625 0.9899149375 0.32579515468750003
1 0.690283153125 0.6885804453125 0.39048779218749996 0.65890559375 0.37146378593749996 0.9093507859375001 0.671259146875 0.9390256375 0.690283153125 0.6885804453125
3 0.45425642499999996 0.46103228281249997 0.26088453125 0.44189161875 0.2486589859375 0.6028371484374999 0.4420308796875 0.6219778125000001 0.45425642499999996 0.46103228281249997
9 0.8569670234375 0.5585630218750001 0.674397890625 0.5404916546874999 0.664129978125 0.67566555 0.8466991125 0.69373691875 0.8569670234375 0.5585630218750001
9 0.782947159375 0.6590108328125 0.59610454375 0.640516459375 0.5869365625 0.761210096875 0.7737791781250001 0.7797044703125 0.782947159375 0.6590108328125
6 0.3452305625 0.78927846875 0.08751833906249999 0.7637691609374999 0.0734369546875 0.9491462515625001 0.331149178125 0.9746555593749999 0.3452305625 0.78927846875
10 0.42957329375000003 0.8767358812499999 0.3346899609375 0.8695317250000001 0.32640701562499996 0.9785741515625 0.44539152031249996 0.990301671875 0.44525988437499997 0.9915387828125001 0.502893134375 0.997243534375 0.5642885265625 0.996886346875 0.42957329375000003 0.8767358812499999
5 0.0276480546875 0.9502020218749999 0.0884302546875 0.95621846875 0.1034296625 0.758755884375 0.021842559375 0.7506800921875 0.0276480546875 0.9502020218749999
9 0.5594300703124999 0.30683682343749996 0.3700308859375 0.28808939218749996 0.3597629765625 0.4232632890625 0.549162159375 0.4420107203125 0.5594300703124999 0.30683682343749996
2 0.784289946875 0.2322584390625 0.5487768046875 0.0388399265625 0.3823596546875 0.22535257656250002 0.424999246875 0.25942654374999996 0.3440344078125 0.3528987109375 0.47967616875 0.4722994015625 0.56700359375 0.3750190296875 0.62513801875 0.422528065625 0.784289946875 0.2322584390625