7 0.7803240734375 0.43528735625000003 0.7802083328125 0.7612643671875 0.8809374999999999 0.7584942531250001 0.9846759265625 0.7584942531250001 0.984722221875 0.4372413796875 0.7803240734375 0.43528735625000003
1 0.368796296875 0.271655171875 0.092384259375 0.271655171875 0.092384259375 0.503643678125 0.368796296875 0.503643678125 0.368796296875 0.271655171875
1 0.6186574078125 0.632482759375 0.3417824078125 0.632482759375 0.3417824078125 0.864482759375 0.6186574078125 0.864482759375 0.6186574078125 0.632482759375
3 0.75256944375 0.44474712656250004 0.5739814812499999 0.44474712656250004 0.5739814812499999 0.5938390796874999 0.75256944375 0.5938390796874999 0.75256944375 0.44474712656250004
9 0.3666550921875 0.497770115625 0.19804398125 0.497770115625 0.19804398125 0.62298850625 0.3666550921875 0.62298850625 0.3666550921875 0.497770115625
9 0.4314583328125 0.5968620687499999 0.2589004625 0.5968620687499999 0.2589004625 0.7086666671875 0.4314583328125 0.7086666671875 0.4314583328125 0.5968620687499999
6 0.8890740734374999 0.7564712640625 0.6510648140625 0.7564712640625 0.6510648140625 0.9281954015625 0.8890740734374999 0.9281954015625 0.8890740734374999 0.7564712640625
10 0.5472916671875 1 0.5452546296875 0.9321839078125 0.6551388890625 0.932229884375 0.6551388890625 0.831218390625 0.5676620375 0.8292068968749999 0.4130671296875 0.9443563218750001 0.4517013890625 1 0.5472916671875 1
5 0.9887499999999999 0.7504137937500001 0.8748379625 0.7504137937500001 0.8748379625 0.95243678125 0.9887499999999999 0.95243678125 0.9887499999999999 0.7504137937500001
9 0.6632291671874999 0.2934022984375 0.48831018593750003 0.2934022984375 0.48831018593750003 0.4186206890625 0.6632291671874999 0.4186206890625 0.6632291671874999 0.2934022984375
2 0.5167361109375 0.0479655171875 0.287384259375 0.204367815625 0.4200231484375 0.39379310312500004 0.4766203703125 0.3554022984375 0.5498958328125 0.452793103125 0.682546296875 0.355356321875 0.6148379625 0.2620459765625 0.656296296875 0.23459770156249998 0.5167361109375 0.0479655171875