10 1 0.9575817875 0.6449726109375 0.9782618843750001 0.6463655109374999 1 0.8976496671874999 1 1 0.994038165625 1 0.9575817875
9 0.967991071875 0.4244899453125 0.6671517671875 0.44201362343749995 0.674518215625 0.556977165625 0.9753575187499999 0.5394534875 0.967991071875 0.4244899453125
2 0.9437184328124999 0.045682082812500004 0.41758830625 0.07632879375 0.44253135468749993 0.4655993109375 0.9686614812500001 0.4349526 0.9437184328124999 0.045682082812500004
1 0.459120675 0.57330831875 0.4402062765625 0.2781231609375 0.0122171140625 0.30305323125 0.0234911046875 0.545110321875 0.0269111109375 0.5984842234375 0.459120675 0.57330831875
1 0.477255371875 1 0.4646061453125 0.8025914406249999 0.0415685125 0.8272330859375 0.052638792187500005 1 0.477255371875 1
6 1 0.9240332406249999 0.9905907062500001 0.7771882921875 0.6428193421875 0.7974457312500001 0.6540361140625001 0.97249885625 1 0.952346703125 1 0.9240332406249999
0 1 0.5354005374999999 0.8762464609375 0.5426090953125 0.8918148531250001 0.785575228125 1 0.7792735203125 1 0.5354005374999999
3 0.8283407468749999 0.60751101875 0.52606215625 0.625118534375 0.5330893750000001 0.7347879093749999 0.8353679640625 0.71718039375 0.8283407468749999 0.60751101875
0 0.41900559218750005 0.08651141875 0.9495664640625 0.055606621875 0.94614400625 0.0021944640625 0.49563658750000006 0.020551234374999998 0.415079771875 0.025243612500000002 0.41900559218750005 0.08651141875
9 0.6656842921874999 1 0.657523515625 0.872639875 0.45054833125 0.884696034375 0.45793659218749994 1 0.6656842921874999 1
7 0.453768940625 0.5583090078125 0.025933684375 0.583230109375 0.0425066828125 0.8418745187500001 0.470341940625 0.816953415625 0.453768940625 0.5583090078125