10 0.403133159375 0.0027696796875 0.0726892953125 0.0027696796875 0.0726892953125 0.0803498546875 0.403133159375 0.0803498546875 0.403133159375 0.0027696796875
9 0.3510182765625 0.468221575 0.0726892953125 0.468221575 0.0726892953125 0.574897959375 0.3510182765625 0.574897959375 0.3510182765625 0.468221575
2 0.559451696875 0.5651895046875001 0.0726892953125 0.5651895046875001 0.0726892953125 0.9263994171875 0.559451696875 0.9263994171875 0.559451696875 0.5651895046875001
1 0.9851697125 0.46472303281249994 0.55052219375 0.46472303281249994 0.55052219375 0.7386297374999999 0.9851697125 0.7386297374999999 0.9851697125 0.46472303281249994
1 0.9936553531250001 0.0027696796875 0.5590078328125 0.0027696796875 0.5590078328125 0.25246355625 0.9936553531250001 0.25246355625 0.9936553531250001 0.0027696796875
6 0.3944386421875 0.0851895046875 0.0726892953125 0.0851895046875 0.0726892953125 0.24762390625 0.3944386421875 0.24762390625 0.3944386421875 0.0851895046875
0 0.164229765625 0.24518950468749998 0.011906004687500001 0.24518950468749998 0.011906004687500001 0.4706414 0.164229765625 0.4706414 0.164229765625 0.24518950468749998
3 0.4918798953125 0.3114577265625 0.212219321875 0.3114577265625 0.212219321875 0.413221575 0.4918798953125 0.413221575 0.4918798953125 0.3114577265625
0 0.5587467359375 1 0.5587467359375 0.9169096203124999 0.0678851171875 0.9169096203124999 0.0678851171875 1 0.5587467359375 1
9 0.3853263703125 0 0.3853263703125 0.177317784375 0.576814621875 0.177317784375 0.576814621875 0 0.3853263703125 0
7 0.9936553531250001 0.23887755156249998 0.554569190625 0.23887755156249998 0.554569190625 0.4788775515625 0.9936553531250001 0.4788775515625 0.9936553531250001 0.23887755156249998