10 0.036387615625 0.8930160328125 0.062044846875000004 0.8973436875 0.096786540625 0.5506330796875 0.0219220453125 0.5380055390625 0.036387615625 0.8930160328125
9 0.50152320625 0.674505321875 0.47226068593750004 0.9665355921875 0.5850823765625 0.9855654453125 0.6143448953124999 0.6935351765625 0.50152320625 0.674505321875
2 1 0.53619414375 0.6259911140625001 0.47310933593750004 0.5748146453125 0.9838335671875 0.6706600593750001 1 0.9616695359375 1 1 0.6174746640625 1 0.53619414375
1 0.8084839 0.513418178125 0.8529953234375001 0.0692089078125 0.563309678125 0.020347065625 0.51879825625 0.4645563375 0.8084839 0.513418178125
1 0.0683267125 0.0019881046874999997 0.0311253140625 0.37324574843749997 0.295203303125 0.41778829687499996 0.3360873390625 0.009779142187500001 0.0683267125 0.0019881046874999997
6 0.100990878125 0.5606189390625 0.06716329531250001 0.8982070249999999 0.23895505312499998 0.9271834765625 0.272782634375 0.5895953890625 0.100990878125 0.5606189390625
0 0.47150990625 1 0.48444415 0.8709205328125 0.2460046515625 0.830702478125 0.2323067171875 0.9674033265625 0.42556157499999997 1 0.47150990625 1
3 0.3505383546875 0.498744628125 0.3211358375 0.7921720390625 0.42876199374999996 0.810325553125 0.45816451249999995 0.5168981406250001 0.3505383546875 0.498744628125
0 1 0.536946309375 0.99789865 0.5365918703125 0.95146343125 1 0.9781153218749999 1 1 0.7815981515625 1 0.536946309375
9 0.030068224999999997 0.3540683078125 0.0189487890625 0.46503659375 0.022701559375 0.5571361625 0.1974683578125 0.5866144171875 0.21760075156249997 0.3856997828125 0.030068224999999997 0.3540683078125
7 0.5782795968750001 0.0228720703125 0.534963409375 0.015565845312500002 0.3215183109375 0.009355228125 0.2803679859375 0.4200218515625 0.5341936625 0.462835121875 0.5782795968750001 0.0228720703125