10 0.3536344890625 1 0.35502738906250003 0.9782618843750001 0 0.9575817875 0 0.994038165625 0.10235033281249999 1 0.3536344890625 1
9 0.02464248125 0.5394534875 0.325481784375 0.556977165625 0.3328482328125 0.44201362343749995 0.032008928125 0.4244899453125 0.02464248125 0.5394534875
2 0.03133851875 0.4349526 0.5574686453125001 0.4655993109375 0.58241169375 0.07632879375 0.056281567187500006 0.045682082812500004 0.03133851875 0.4349526
1 0.9730888890625 0.5984842234375 0.9765088953125 0.545110321875 0.9877828859375001 0.30305323125 0.5597937234375 0.2781231609375 0.540879325 0.57330831875 0.9730888890625 0.5984842234375
1 0.9473612078125001 1 0.9584314875000001 0.8272330859375 0.5353938546875 0.8025914406249999 0.522744628125 1 0.9473612078125001 1
6 0 0.952346703125 0.3459638859375 0.97249885625 0.35718065781249997 0.7974457312500001 0.00940929375 0.7771882921875 0 0.9240332406249999 0 0.952346703125
0 0 0.7792735203125 0.108185146875 0.785575228125 0.1237535390625 0.5426090953125 0 0.5354005374999999 0 0.7792735203125
3 0.1646320359375 0.71718039375 0.46691062499999997 0.7347879093749999 0.47393784375000003 0.625118534375 0.17165925312500002 0.60751101875 0.1646320359375 0.71718039375
0 0.584920228125 0.025243612500000002 0.5043634124999999 0.020551234374999998 0.05385599375 0.0021944640625 0.050433535937499996 0.055606621875 0.5809944078125 0.08651141875 0.584920228125 0.025243612500000002
9 0.5420634078125001 1 0.54945166875 0.884696034375 0.342476484375 0.872639875 0.3343157078125 1 0.5420634078125001 1
7 0.529658059375 0.816953415625 0.9574933171875 0.8418745187500001 0.9740663156249999 0.583230109375 0.5462310593749999 0.5583090078125 0.529658059375 0.816953415625