2 0.6435984718750001 0.4767356453125 0.821060953125 0.4508262625 0.8165952859375001 0.37058669843750003 0.975396171875 0.3473335515625 0.9351636750000001 0.0036837546875 0.5928477890625 0.0432437484375 0.6435984718750001 0.4767356453125
5 0 0.5351495953125001 0.00748139375 0.599052640625 0.1166970375 0.5850201234375 0.10016688124999999 0.443826175 0 0.456696065625 0 0.5351495953125001
0 0.6288353265625 0 0.63448091875 0.0482223765625 0.8214932421875 0.024194192187499998 0.818660728125 0 0.6288353265625 0
0 0 0.15039901718749998 0.243670159375 0.119091178125 0.2337706625 0.034533653125 0 0.064569559375 0 0.15039901718749998
9 0.45289365625 0.33223071875 0.4725108203125 0.49979263906250004 0.6445784359375 0.47768462031250003 0.624961271875 0.31012270000000003 0.45289365625 0.33223071875
10 0.48437627812499995 0.536417525 0.5017928656249999 0.6851829984375 0.681339853125 0.6621139968749999 0.663923265625 0.5133485203125 0.48437627812499995 0.536417525
9 0.60921435 0.30738061875 0.6295640062500001 0.4811991953125 0.8215579 0.45653095625000006 0.8012082421875 0.28271238125 0.60921435 0.30738061875
4 0.7936105765625 0.3711124296875 0.975444875 0.34774954375 0.9671942609374999 0.2772761125 0.7853599609375 0.3006390015625 0.7936105765625 0.3711124296875
1 0.5148871265625 0 0.2536272171875 0.033567846875 0.283327778125 0.287258075 0.62472665625 0.24339361249999997 0.5962315640625 0 0.5148871265625 0
7 0 0.32366130000000004 0.30325405625 0.28469785625 0.283087265625 0.1124412390625 0 0.1488135625 0 0.32366130000000004
6 0.1415790375 0.5661477875 0.1604626765625 0.7274442249999999 0.5217738 0.6810213468749999 0.5028901609374999 0.5197249109375 0.1415790375 0.5661477875
5 0 0.5398383140624999 0.161592825 0.51907614375 0.1366591484375 0.30610271875 0 0.32366130000000004 0 0.5398383140624999
3 0.24603002031250001 0.3814805765625 0.26155287031249996 0.51407051875 0.42734791875000006 0.49276842656250003 0.4118250671875 0.360178484375 0.24603002031250001 0.3814805765625