2 0.4071522109375 0.0432437484375 0.064836325 0.0036837546875 0.024603828124999998 0.3473335515625 0.1834047140625 0.37058669843750003 0.178939046875 0.4508262625 0.35640152812500003 0.4767356453125 0.4071522109375 0.0432437484375
5 1 0.456696065625 0.8998331187499999 0.443826175 0.8833029625 0.5850201234375 0.99251860625 0.599052640625 1 0.5351495953125001 1 0.456696065625
0 0.181339271875 0 0.1785067578125 0.024194192187499998 0.36551908125 0.0482223765625 0.3711646734375 0 0.181339271875 0
0 1 0.064569559375 0.7662293375 0.034533653125 0.7563298406250001 0.119091178125 1 0.15039901718749998 1 0.064569559375
9 0.375038728125 0.31012270000000003 0.3554215640625 0.47768462031250003 0.5274891796875 0.49979263906250004 0.54710634375 0.33223071875 0.375038728125 0.31012270000000003
10 0.336076734375 0.5133485203125 0.318660146875 0.6621139968749999 0.498207134375 0.6851829984375 0.515623721875 0.536417525 0.336076734375 0.5133485203125
9 0.1987917578125 0.28271238125 0.1784421 0.45653095625000006 0.37043599375 0.4811991953125 0.39078565 0.30738061875 0.1987917578125 0.28271238125
4 0.2146400390625 0.3006390015625 0.0328057390625 0.2772761125 0.024555125 0.34774954375 0.20638942343750002 0.3711124296875 0.2146400390625 0.3006390015625
1 0.40376843593749995 0 0.37527334375 0.24339361249999997 0.716672221875 0.287258075 0.7463727828125 0.033567846875 0.4851128734375 0 0.40376843593749995 0
7 1 0.1488135625 0.7169127343749999 0.1124412390625 0.69674594375 0.28469785625 1 0.32366130000000004 1 0.1488135625
6 0.49710983906250006 0.5197249109375 0.47822620000000005 0.6810213468749999 0.8395373234375001 0.7274442249999999 0.8584209625 0.5661477875 0.49710983906250006 0.5197249109375
5 1 0.32366130000000004 0.8633408515625 0.30610271875 0.8384071750000001 0.51907614375 1 0.5398383140624999 1 0.32366130000000004
3 0.5881749328125 0.360178484375 0.57265208125 0.49276842656250003 0.7384471296874999 0.51407051875 0.7539699796875 0.3814805765625 0.5881749328125 0.360178484375