2 1 0.198417771875 0.769154340625 0.13324515312500002 0.6873201421874999 0.559627496875 0.8654390875000001 0.6043889421875 0.8853165031250001 0.527383371875 1 0.5561535921874999 1 0.198417771875
5 0.1490267 0.45614116875 0.17568116250000002 0.31726289375 0.0666375484375 0.287921028125 0.039983084375 0.426799303125 0.1490267 0.45614116875
0 1 0.1419074671875 0.8192880921875 0.093280828125 0.807611771875 0.154118190625 0.9943295203125 0.20436090468749998 1 0.174815890625 1 0.1419074671875
0 0.42105034375 0.0171564875 0.18458463593750002 0.007521246875 0.4111963796875 0.0684987875 0.42105034375 0.0171564875
9 0.6879748703125 0.5608990546875 0.7196070546875 0.39608526093749996 0.5478104765625 0.34985759375000003 0.51617829375 0.5146713859375 0.6879748703125 0.5608990546875
10 0.6677171453125 0.7482073796875001 0.6958009546875 0.601881759375 0.5165367859375001 0.55364468125 0.48845297656250003 0.6999703046875 0.6677171453125 0.7482073796875001
9 0.8641981203125001 0.6099335515625001 0.897011428125 0.4389657140625 0.7053199609374999 0.3873846546875 0.6725066515625 0.558352490625 0.8641981203125001 0.6099335515625001
4 1 0.48287162187500005 0.876402903125 0.44961365156250005 0.8630989953125001 0.5189312687500001 1 0.5557691078125 1 0.48287162187500005
1 0.7872180890625 0.0846513109375 0.5569678031249999 0.0226946984375 0.4415471859375 0.017991668750000002 0.39861550156250003 0.24167947031249998 0.739476615625 0.333399659375 0.7872180890625 0.0846513109375
7 0.4510288359375 0.0776013703125 0.1916605140625 0.0078095671875 0.10228204062499999 0.0041676734375 0.0734881640625 0.1541929859375 0.4185103921875 0.2470328625 0.4510288359375 0.0776013703125
6 0.5088825781249999 0.7038427671874999 0.53933196875 0.545191696875 0.178589975 0.44812188593749996 0.148140584375 0.60677295625 0.5088825781249999 0.7038427671874999
5 0.2521779015625 0.2022754921875 0.0734881640625 0.1541929859375 0.0332832375 0.36367350625 0.21197297499999998 0.41175601093749997 0.2521779015625 0.2022754921875
3 0.47494922500000003 0.49050578749999996 0.49997943125 0.3600904078125 0.33444553906249996 0.315547925 0.30941533125 0.4459633046875 0.47494922500000003 0.49050578749999996