2 0 0.5561535921874999 0.11468349687499999 0.527383371875 0.1345609125 0.6043889421875 0.31267985781249996 0.559627496875 0.23084565937499998 0.13324515312500002 0 0.198417771875 0 0.5561535921874999
5 0.960016915625 0.426799303125 0.9333624515625001 0.287921028125 0.8243188375000001 0.31726289375 0.8509733 0.45614116875 0.960016915625 0.426799303125
0 0 0.174815890625 0.0056704796875 0.20436090468749998 0.192388228125 0.154118190625 0.1807119078125 0.093280828125 0 0.1419074671875 0 0.174815890625
0 0.5888036203125 0.0684987875 0.8154153640624999 0.007521246875 0.57894965625 0.0171564875 0.5888036203125 0.0684987875
9 0.48382170625 0.5146713859375 0.4521895234375 0.34985759375000003 0.2803929453125 0.39608526093749996 0.31202512968749996 0.5608990546875 0.48382170625 0.5146713859375
10 0.5115470234374999 0.6999703046875 0.4834632140625 0.55364468125 0.30419904531249997 0.601881759375 0.33228285468749996 0.7482073796875001 0.5115470234374999 0.6999703046875
9 0.3274933484375 0.558352490625 0.2946800390625 0.3873846546875 0.10298857187499999 0.4389657140625 0.1358018796875 0.6099335515625001 0.3274933484375 0.558352490625
4 0 0.5557691078125 0.1369010046875 0.5189312687500001 0.123597096875 0.44961365156250005 0 0.48287162187500005 0 0.5557691078125
1 0.260523384375 0.333399659375 0.6013844984375 0.24167947031249998 0.5584528140625 0.017991668750000002 0.44303219687500006 0.0226946984375 0.21278191093749999 0.0846513109375 0.260523384375 0.333399659375
7 0.5814896078125 0.2470328625 0.9265118359375 0.1541929859375 0.897717959375 0.0041676734375 0.8083394859374999 0.0078095671875 0.5489711640625 0.0776013703125 0.5814896078125 0.2470328625
6 0.851859415625 0.60677295625 0.8214100249999999 0.44812188593749996 0.46066803125 0.545191696875 0.491117421875 0.7038427671874999 0.851859415625 0.60677295625
5 0.788027025 0.41175601093749997 0.9667167624999999 0.36367350625 0.9265118359375 0.1541929859375 0.7478220984374999 0.2022754921875 0.788027025 0.41175601093749997
3 0.69058466875 0.4459633046875 0.6655544609375 0.315547925 0.50002056875 0.3600904078125 0.525050775 0.49050578749999996 0.69058466875 0.4459633046875