7 0.546446446875 0.8834087484375001 0.7391391390625001 0.8834087484375001 0.7391391390625001 0.5671191546875 0.546446446875 0.5671191546875 0.546446446875 0.8834087484375001
2 0.021221221874999998 0.506938159375 0.3864864859375 0.506938159375 0.3864864859375 0.1378582203125 0.021221221874999998 0.1378582203125 0.021221221874999998 0.506938159375
1 0.75005005 0.9634992453125 0.939939940625 0.9634992453125 0.939939940625 0.652790346875 0.75005005 0.652790346875 0.75005005 0.9634992453125
9 0.8126126125 0.64690799375 0.9360360359375001 0.64690799375 0.9360360359375001 0.5253393671875 0.8126126125 0.5253393671875 0.8126126125 0.64690799375
1 0.8354354359375 0.3760181 0.9176176171874999 0.3760181 0.9176176171874999 0.2048265453125 0.8354354359375 0.2048265453125 0.8354354359375 0.3760181
6 0.578378378125 0.378431371875 0.7228228234375 0.378431371875 0.7228228234375 0.1348416296875 0.578378378125 0.1348416296875 0.578378378125 0.378431371875
10 0.7371371375 0.381900453125 0.8258258265625 0.3785822015625 0.8258258265625 0.19110105625 0.8448448453124999 0.1897435890625 0.8448448453124999 0.04027149375 0.7332332328125 0.039969834375 0.7371371375 0.381900453125
9 0.9272272265625 0.31945701406250004 0.9821821828124999 0.31945701406250004 0.9821821828124999 0.205279034375 0.9272272265625 0.205279034375 0.9272272265625 0.31945701406250004
2 0.39217217187500003 0.9652036203125001 0.39217217187500003 0.6573303171875 0.31856856875 0.6589894421875 0.31966967031250004 0.5182956265625001 0.18455455468749998 0.516651584375 0.1878478484375 0.9652036203125001 0.39217217187500003 0.9652036203125001
9 0.281221221875 0.3726395171875 0.3823923921875 0.3726395171875 0.3823923921875 0.139095021875 0.281221221875 0.139095021875 0.281221221875 0.3726395171875
5 0.7428128125 0.5075414781250001 0.8864064062500001 0.5075414781250001 0.8864064062500001 0.39472096562500003 0.7428128125 0.39472096562500003 0.7428128125 0.5075414781250001
3 0.42954955000000006 0.4877978890625 0.5146646640625 0.4877978890625 0.5146646640625 0.3263951734375 0.42954955000000006 0.3263951734375 0.42954955000000006 0.4877978890625
9 0.1884884890625 0.64464555 0.31531531562500004 0.64464555 0.31531531562500004 0.5301659125 0.1884884890625 0.5301659125 0.1884884890625 0.64464555