7 0.889085509375 0.7980876875 0.8977552031249999 0.5854911656249999 0.548539071875 0.563130575 0.539869378125 0.7757270968750001 0.889085509375 0.7980876875
2 0.0962037671875 0.0027992437500000003 0.08178796875 0.356300575 0.48929005468750003 0.3823932625 0.5042856921875 0.014673215625 0.0962037671875 0.0027992437500000003
1 0.9695105390625001 1 0.9770227218749999 0.81578774375 0.6339682468750001 0.7938216890625001 0.6255602890625 1 0.9695105390625001 1
9 0.619105584375 0.9986028859375 0.6246586921875 0.8624306734375 0.4904344671875 0.8538361875 0.484881359375 0.9900084015624999 0.619105584375 0.9986028859375
1 0.3208440609375 0.959130984375 0.3245416296875 0.8684599484375 0.1355286046875 0.8563572921875 0.1318310375 0.9470283296875 0.3208440609375 0.959130984375
6 0.33227283281250003 0.7443858375 0.338771725 0.5850212765625 0.0698236796875 0.5678003171875 0.06332478750000001 0.727164878125 0.33227283281250003 0.7443858375
10 0 0.85808773125 0.11845212499999999 0.8656723156250001 0.1208066171875 0.8447847328125 0.32780501875 0.85803900625 0.33545902031249997 0.7604239749999999 0 0.735105275 0 0.85808773125
9 0.1318982734375 0.957662534375 0.130515625 0.9915675374999999 0.25657981875 0.9996395296875 0.257962465625 0.965734525 0.1318982734375 0.957662534375
2 0.5091000609375 0.1602898578125 0.50483610625 0.30947766250000003 0.6602260421875 0.3182093953125 0.6550826015625 0.39929844999999997 0.9950062875000001 0.4210640375 0.9981711078125001 0.34345693437499997 0.9990332593750001 0.1952656171875 0.5091000609375 0.1602898578125
9 0.341194790625 0.368381821875 0.3457467171875 0.25676036406249997 0.08788965625 0.24024956875 0.0833377296875 0.3518710265625 0.341194790625 0.368381821875
5 0.4674636171875 0.9339941218750001 0.47392422968750003 0.7755682984375001 0.3493588171875 0.7675922749999999 0.34289820625 0.9260180984374999 0.4674636171875 0.9339941218750001
3 0.4623901984375 0.5224582125 0.46621972500000003 0.428551290625 0.288014584375 0.4171406734375 0.28418505625 0.5110475937500001 0.4623901984375 0.5224582125
9 0.6445352890625 0.3136060390625 0.6502415234375001 0.1736788734375 0.5238442671875 0.16558555625 0.5181380328125 0.305512721875 0.6445352890625 0.3136060390625