7 0.453553553125 0.5671191546875 0.2608608609375 0.5671191546875 0.2608608609375 0.8834087484375001 0.453553553125 0.8834087484375001 0.453553553125 0.5671191546875
2 0.9787787781249999 0.1378582203125 0.6135135140625 0.1378582203125 0.6135135140625 0.506938159375 0.9787787781249999 0.506938159375 0.9787787781249999 0.1378582203125
1 0.24994995000000003 0.652790346875 0.060060059374999995 0.652790346875 0.060060059374999995 0.9634992453125 0.24994995000000003 0.9634992453125 0.24994995000000003 0.652790346875
9 0.1873873875 0.5253393671875 0.0639639640625 0.5253393671875 0.0639639640625 0.64690799375 0.1873873875 0.64690799375 0.1873873875 0.5253393671875
1 0.1645645640625 0.2048265453125 0.0823823828125 0.2048265453125 0.0823823828125 0.3760181 0.1645645640625 0.3760181 0.1645645640625 0.2048265453125
6 0.42162162187499996 0.1348416296875 0.2771771765625 0.1348416296875 0.2771771765625 0.378431371875 0.42162162187499996 0.378431371875 0.42162162187499996 0.1348416296875
10 0.2667667671875 0.039969834375 0.15515515468750002 0.04027149375 0.15515515468750002 0.1897435890625 0.1741741734375 0.19110105625 0.1741741734375 0.3785822015625 0.2628628625 0.381900453125 0.2667667671875 0.039969834375
9 0.07277277343750001 0.205279034375 0.0178178171875 0.205279034375 0.0178178171875 0.31945701406250004 0.07277277343750001 0.31945701406250004 0.07277277343750001 0.205279034375
2 0.8121521515625 0.9652036203125001 0.8154454453125 0.516651584375 0.6803303296875 0.5182956265625001 0.6814314312499999 0.6589894421875 0.607827828125 0.6573303171875 0.607827828125 0.9652036203125001 0.8121521515625 0.9652036203125001
9 0.718778778125 0.139095021875 0.6176076078125 0.139095021875 0.6176076078125 0.3726395171875 0.718778778125 0.3726395171875 0.718778778125 0.139095021875
5 0.25718718749999997 0.39472096562500003 0.11359359375 0.39472096562500003 0.11359359375 0.5075414781250001 0.25718718749999997 0.5075414781250001 0.25718718749999997 0.39472096562500003
3 0.5704504499999999 0.3263951734375 0.4853353359375 0.3263951734375 0.4853353359375 0.4877978890625 0.5704504499999999 0.4877978890625 0.5704504499999999 0.3263951734375
9 0.8115115109375 0.5301659125 0.684684684375 0.5301659125 0.684684684375 0.64464555 0.8115115109375 0.64464555 0.8115115109375 0.5301659125