7 0.5047390484375 0.6239449171875 0.31094594999999997 0.6660435796875 0.40614862812499997 0.9910420671875 0.599941725 0.9489434062500001 0.5047390484375 0.6239449171875
2 1 0.4434550171875 0.8908708078125 0.0709148359375 0.5364056125000001 0.147917115625 0.6474981046875 0.527159509375 1 0.4505837265625 1 0.4434550171875
1 0.3971011953125 1 0.3257596265625 0.756457459375 0.1347853359375 0.7979437765624999 0.19397420781250002 1 0.3971011953125 1
9 0.22447724062500002 0.6391655671875001 0.1003489859375 0.6661305796875 0.13694095312500001 0.7910465453125 0.261069209375 0.7640815328125 0.22447724062500002 0.6391655671875001
1 0.10505022343749999 0.3148137984375 0.0223987234375 0.33276860468749997 0.073927115625 0.5086738421875 0.156578615625 0.4907190375 0.10505022343749999 0.3148137984375
6 0.3425098984375 0.18674116875 0.197240578125 0.2182987625 0.27056071406250004 0.46859564374999996 0.415830034375 0.43703804999999996 0.3425098984375 0.18674116875
10 0.1582144546875 0.12308913749999999 0.0460562625 0.147783521875 0.0910471328125 0.3013712671875 0.110583359375 0.2986109171875 0.16701489375 0.491254275 0.2572088421875 0.47528757343750005 0.1582144546875 0.12308913749999999
9 0.0133848921875 0.460008884375 0.04723783125 0.4526548375 0.012870435937499999 0.3353330171875 0.0097767484375 0.3360050734375 0.0133848921875 0.460008884375
2 0.687047753125 0.68293483125 0.777024953125 0.9900948234375001 0.982582153125 0.9454405859375001 0.853506928125 0.4930231765625 0.71811506875 0.5242318499999999 0.761571078125 0.6685590453125 0.687047753125 0.68293483125
9 0.6426442890625 0.12619007499999998 0.5408953624999999 0.1482935125 0.6111918921874999 0.3882685515625 0.7129408203125001 0.3661651140625 0.6426442890625 0.12619007499999998
5 0.2553597109375 0.48970108906250004 0.1109461 0.5210727937499999 0.1449048984375 0.63699976875 0.28931850937500003 0.6056280640625 0.2553597109375 0.48970108906250004
3 0.5498459609374999 0.35105358125 0.46424478125 0.3696491609375 0.512826746875 0.5354960296875 0.5984279265625 0.5169004484374999 0.5498459609374999 0.35105358125
9 0.8536183218750001 0.5077690859375 0.7260672265625 0.5354776609375 0.7605254203125 0.65310944375 0.8880765140625 0.6254008703125 0.8536183218750001 0.5077690859375