10 1 0.413073665625 0.9578873 0.050200746875 0.8463142156250001 0.0443534484375 0.9120451921875 0.6107381875 1 0.60764478125 1 0.413073665625
3 0.7295158609375 0.5688857546875 0.885844940625 0.5633875953125 0.8630122109375 0.3666445859375 0.7066831296875 0.3721427453125 0.7295158609375 0.5688857546875
9 0.7248220859375001 1 0.695701428125 0.7490757265625 0.56721446875 0.753594665625 0.5958106875 1 0.7248220859375001 1
9 0.5863274625 1 0.5582394828125 0.7579740375 0.44411630312500006 0.7619877984375 0.47173846875000003 1 0.5863274625 1
2 0.590461159375 1 0.5481333828125 0.6278224953125 0.13660125781250002 0.6422962515624999 0.1789527328125 1 0.590461159375 1
2 1 0.611889753125 0.685498346875 0.6218337671875 0.6970200531249999 0.753117696875 0.5616463921875 0.752091121875 0.5929986140625 1 0.9668994578125 1 1 0.9984226062499999 1 0.611889753125
1 0.1132775578125 0.4772428984375 0.40860080312499997 0.46685625625 0.35815587031249996 0.0321869078125 0.062832625 0.04257355 0.1132775578125 0.4772428984375
7 0.6737008078125 0.323552965625 0.6400441484375 0.033543292187500004 0.4781695359375 0.025059803125000002 0.34955587499999996 0.029583199999999997 0.38485110312500004 0.33371193125 0.6737008078125 0.323552965625
0 0.1749134671875 1 0.133003765625 0.6388762578125 0.0291910265625 0.64252739375 0.0706769984375 1 0.1749134671875 1
9 0.13761135 0.6448713578125 0.3340212796875 0.6379635390625 0.31290506093750003 0.45601121093749997 0.11649513125 0.4629190296875 0.13761135 0.6448713578125
6 0.6349554765625001 0.03327660625 0.66889706875 0.325741459375 0.8847669671875 0.3181492265625 0.8530328515625 0.044705557812500005 0.6349554765625001 0.03327660625
0 0.013987957812499998 0.4807349546875 0.11668157812499999 0.47712317656250003 0.06600037656249999 0.040417965625 0.0012423125 0.0426955328125 0.013987957812499998 0.4807349546875
8 0.5658737765625 0.7556613640625 0.6953445578124999 0.751107821875 0.68085526875 0.626257815625 0.5513844875 0.63081135625 0.5658737765625 0.7556613640625