10 0.11142574218750001 0.40196078437500005 0.000277228125 0.40196078437500005 0.000277228125 0.9991421562499999 0.11142574218750001 0.9991421562499999 0.11142574218750001 0.40196078437500005
3 0.28950495 0.45 0.1321782171875 0.45 0.1321782171875 0.6465931375 0.28950495 0.6465931375 0.28950495 0.45
9 0.47366336562500005 0.0181372546875 0.3443564359375 0.0181372546875 0.3443564359375 0.2718627453125 0.47366336562500005 0.2718627453125 0.47366336562500005 0.0181372546875
9 0.5980198015625 0.017647059375 0.48316831718750003 0.017647059375 0.48316831718750003 0.267818628125 0.5980198015625 0.267818628125 0.5980198015625 0.017647059375
2 0.47906930625 0.006887254687499999 0.478158415625 0.39769607812499996 0.8923168312499999 0.39769607812499996 0.8914059406250001 0.0103431375 0.47906930625 0.006887254687499999
2 0.339782178125 0.3988480390625 0.34350495 0.2677941171875 0.47906930625 0.273553921875 0.47629702968750004 0.008039215625 0.0110495046875 0.013774509374999999 0.0119603953125 0.39769607812499996 0.339782178125 0.3988480390625
1 0.8964950500000001 0.5627696078125 0.5992871281250001 0.5627696078125 0.5992871281250001 0.99710784375 0.8964950500000001 0.99710784375 0.8964950500000001 0.5627696078125
7 0.6076039609375 1 0.6076039609375 0.696102940625 0.316910890625 0.696102940625 0.316910890625 1 0.6076039609375 1
0 1 0.0032598046875000003 0.895524753125 0.0032598046875000003 0.895524753125 0.401225490625 1 0.401225490625 1 0.0032598046875000003
9 0.8916039609374999 0.39509803906249996 0.6939405937500001 0.39509803906249996 0.6939405937500001 0.5769117640625 0.8916039609374999 0.5769117640625 0.8916039609374999 0.39509803906249996
6 0.32198019843750003 1 0.32198019843750003 0.6940931375 0.10473267343749999 0.6940931375 0.10473267343749999 1 0.32198019843750003 1
0 0.9993267328125001 0.5627696078125 0.8930693062499999 0.5627696078125 0.8930693062499999 0.9991421562499999 0.9993267328125001 0.9991421562499999 0.9993267328125001 0.5627696078125
8 0.475247525 0.269852940625 0.3449504953125 0.269852940625 0.3449504953125 0.39460784375 0.475247525 0.39460784375 0.475247525 0.269852940625