10 0.013944265624999999 0.9549887125 0.0162873921875 0.9996073703125001 0.5000053140625 0.993978803125 0.608730928125 0.9851216421875 0.6046215890625 0.906870109375 0.013944265624999999 0.9549887125
3 0.550810240625 0.888546725 0.5418086718749999 0.717135525 0.326453090625 0.7346791296874999 0.3354546578125 0.90609033125 0.550810240625 0.888546725
9 0.9914358453125001 0.4790040359375 0.726410215625 0.50059393125 0.733808609375 0.641476896875 0.9889626874999999 0.62069116875 0.9914358453125001 0.4790040359375
9 0.7302964609375 0.489877175 0.9914563859375001 0.46860219062499997 0.9848850671875 0.343468778125 0.7237251453125 0.3647437609375 0.7302964609375 0.489877175
2 0.58831041875 0.5069256015625 0.9915382296875 0.473138403125 0.9915772390625 0.4709035703125 0.968096190625 0.023768775 0.5646140265625 0.0556902 0.58831041875 0.5069256015625
2 0.7383142578124999 0.642041534375 0.59496581875 0.6577925890625 0.6132962375 0.9847497359374999 0.9831339124999999 0.9546214890625 0.9914905484375 0.475870084375 0.7242483296875 0.49485494843750005 0.7383142578124999 0.642041534375
1 0 0.4223142078125 0.40055213749999996 0.3896838546875 0.383547159375 0.0658687859375 0 0.0971138546875 0 0.4223142078125
7 0 0.68945685 0.0021872765625 0.731107775 0.27065011875 0.709237871875 0.2540178921875 0.3925208875 0 0.41321405625 0 0.68945685
0 0.55780669375 0 0.5605642328125 0.052510049999999996 0.9678630953124999 0.019330087500000002 0.9668479859374999 0 0.55780669375 0
9 0.5788102671875001 0.27159396406249997 0.56750080625 0.056235043750000005 0.368335153125 0.0724597625 0.3796446140625 0.28781868125 0.5788102671875001 0.27159396406249997
6 0.2725616890625 0.7035353890625 0.0018972312500000002 0.7255846453125 0.014327215625 0.96228096875 0.2849916734375 0.9402317124999999 0.2725616890625 0.7035353890625
0 0 0.10086225 0.383743165625 0.0696012125 0.3802309109375 0.0027195609374999997 0 0.033694478124999996 0 0.10086225
8 0.735976234375 0.6406503015625 0.7285211890625 0.498688603125 0.5918599375 0.5098214984375 0.5993149812499999 0.6517831968750001 0.735976234375 0.6406503015625