0 0.31915309375 0.2606904484375 0.095781759375 0.2606904484375 0.095781759375 0.31797468281249996 0.31915309375 0.31797468281249996 0.31915309375 0.2606904484375
10 0.74439739375 0.6394821640624999 0.5292996750000001 0.6394821640624999 0.5292996750000001 0.701438434375 0.74439739375 0.701438434375 0.74439739375 0.6394821640624999
7 0.530944625 0.565707709375 0.310879478125 0.565707709375 0.310879478125 0.7676179515625 0.530944625 0.7676179515625 0.530944625 0.565707709375
0 0.8172638437499999 0.25133486718750003 0.74439739375 0.25133486718750003 0.74439739375 0.4384004609375 0.8172638437499999 0.4384004609375 0.8172638437499999 0.25133486718750003
9 0.74273615625 0.4360184125 0.524332246875 0.4360184125 0.524332246875 0.5167203687499999 0.74273615625 0.5167203687499999 0.74273615625 0.4360184125
1 0.31750814374999997 0.566524740625 0.095765471875 0.566524740625 0.095765471875 0.7652819328125 0.31750814374999997 0.7652819328125 0.31750814374999997 0.566524740625
6 0.7410912046875 0.5132220937499999 0.524332246875 0.5132220937499999 0.524332246875 0.6429919453124999 0.7410912046875 0.6429919453124999 0.7410912046875 0.5132220937499999
9 0.24469055312500002 0.4828193328125 0.095781759375 0.4828193328125 0.095781759375 0.569332565625 0.24469055312500002 0.569332565625 0.24469055312500002 0.4828193328125
1 0.7412052124999999 0.25368239375 0.52605863125 0.25368239375 0.52605863125 0.4384349828125 0.7412052124999999 0.4384349828125 0.7412052124999999 0.25368239375
1 0.3142671015625 0.30863060937500003 0.097557003125 0.30863060937500003 0.097557003125 0.4863060984375 0.3142671015625 0.4863060984375 0.3142671015625 0.30863060937500003
0 0.530944625 0.31212888437499997 0.31418566718749996 0.31212888437499997 0.31418566718749996 0.3740966625 0.530944625 0.3740966625 0.530944625 0.31212888437499997
3 0.47268729687500005 0.4159148453125 0.36343648281249996 0.4159148453125 0.36343648281249996 0.53170310625 0.47268729687500005 0.53170310625 0.47268729687500005 0.4159148453125