0 0.2687356015625 0.7047708140625 0.28865795156249996 0.93202061875 0.3469998015625 0.9255584484374999 0.32707745 0.698308640625 0.2687356015625 0.7047708140625
10 0.6165935140625 0.2294117734375 0.6357779453125 0.448244309375 0.6988780890624999 0.4412550875 0.6796936578125 0.2224225546875 0.6165935140625 0.2294117734375
7 0.5604947124999999 0.45489320937500005 0.5801221859375 0.6787794218750001 0.7857602109374999 0.6560021468749999 0.7661327375 0.4321159359375 0.5604947124999999 0.45489320937500005
0 0.21478110312499998 0.1990665921875 0.2212800171875 0.273198246875 0.4117993234375 0.25209558125 0.4053004109375 0.17796392656249999 0.21478110312499998 0.1990665921875
9 0.40952145937499995 0.25405438125 0.42900076875000004 0.47625050937499996 0.5111926921875 0.467146609375 0.49171338281250004 0.2449504796875 0.40952145937499995 0.25405438125
1 0.5803630937500001 0.6719434921875 0.600140184375 0.8975363578125 0.8025669484375 0.8751147749999999 0.7827898578125 0.6495219109375 0.5803630937500001 0.6719434921875
6 0.48829723437499994 0.24701862968750002 0.5076298312499999 0.4675412453125 0.6397955671875 0.45290204999999994 0.6204629703125 0.232379434375 0.48829723437499994 0.24701862968750002
9 0.5016068234375 0.75546815625 0.51488790625 0.906962503125 0.6029983984375 0.8972030390624999 0.589717315625 0.745708690625 0.5016068234375 0.75546815625
1 0.22395559375000001 0.276181034375 0.2431443828125 0.49506327656250004 0.43130798124999997 0.47422153749999996 0.4121191921875 0.255339296875 0.22395559375000001 0.276181034375
1 0.31799663906250003 0.704333565625 0.337324878125 0.9248064734374999 0.518280715625 0.9047630953124999 0.4989524765625 0.6842901875 0.31799663906250003 0.704333565625
0 0.302234165625 0.4834991609375 0.3215667625 0.7040217765625 0.384678628125 0.6970312609375 0.36534603125 0.4765086421875 0.302234165625 0.4834991609375
3 0.41313221875000006 0.53106005 0.42287623124999996 0.6422078234375 0.54080224375 0.6291458750000001 0.5310582312500001 0.5179981031249999 0.41313221875000006 0.53106005