0 0.9690363453125 0.5938005000000001 0.74517561875 0.6270763406250001 0.7580837875 0.6853597921875 0.9819445140624999 0.6520839515625 0.9690363453125 0.5938005000000001
10 0.4481606546875 0.26822951875 0.23259166874999998 0.30027283125 0.2465526125 0.3633098140625 0.46212159531249997 0.3312665015625 0.4481606546875 0.26822951875
7 0.6521468046875001 0.16835735937500002 0.43159950937499997 0.2011406734375 0.4770970390625 0.4065728625 0.697644334375 0.3737895484375 0.6521468046875001 0.16835735937500002
0 0.29186344375 0.5678990109375001 0.2188373484375 0.5787539953125 0.260989853125 0.7690825968749999 0.33401595 0.7582276140624999 0.29186344375 0.5678990109375001
9 0.49476248749999996 0.45542964374999995 0.2758800703125 0.4879654828125 0.2940650796875 0.5700751328125 0.5129474968750001 0.5375392953125 0.49476248749999996 0.45542964374999995
1 0.8682584984374999 0.1386883859375 0.646030003125 0.171721603125 0.6908170390625 0.37394574375 0.9130455359375 0.34091252656250004 0.8682584984374999 0.1386883859375
6 0.4663090296875 0.32695549687500003 0.2490751671875 0.35924628593749997 0.2783169109375 0.491279728125 0.4955507734375 0.45898893906250005 0.4663090296875 0.32695549687500003
9 0.9123965093749999 0.33805815 0.763161465625 0.360241234375 0.7826559609375 0.44826352968750005 0.9318910062500001 0.4260804453125 0.9123965093749999 0.33805815
1 0.5106727921875 0.535337753125 0.295054840625 0.56738834375 0.33668614375 0.7553635984375 0.5523040953125 0.72331300625 0.5106727921875 0.535337753125
1 0.9293261812500001 0.42279731875 0.7121412859375 0.4550808296875 0.7521778671875 0.635855534375 0.9693627625 0.603572025 0.9293261812500001 0.42279731875
0 0.7375076593750001 0.5692354171875 0.5202737984375 0.60152620625 0.5342373328125001 0.6645748953124999 0.7514711953125001 0.6322841078125 0.7375076593750001 0.5692354171875
3 0.6526346234375 0.4162167640625 0.5431444484375 0.4324919609375 0.5692356453125 0.550299934375 0.678725821875 0.5340247375 0.6526346234375 0.4162167640625