0 0.018055485937499997 0.6520839515625 0.2419162125 0.6853597921875 0.25482438125 0.6270763406250001 0.030963654687499998 0.5938005000000001 0.018055485937499997 0.6520839515625
10 0.5378784046875 0.3312665015625 0.7534473875 0.3633098140625 0.76740833125 0.30027283125 0.5518393453125 0.26822951875 0.5378784046875 0.3312665015625
7 0.302355665625 0.3737895484375 0.5229029609375 0.4065728625 0.568400490625 0.2011406734375 0.34785319531250003 0.16835735937500002 0.302355665625 0.3737895484375
0 0.6659840499999999 0.7582276140624999 0.739010146875 0.7690825968749999 0.7811626515625 0.5787539953125 0.70813655625 0.5678990109375001 0.6659840499999999 0.7582276140624999
9 0.487052503125 0.5375392953125 0.7059349203124999 0.5700751328125 0.7241199296875 0.4879654828125 0.5052375125 0.45542964374999995 0.487052503125 0.5375392953125
1 0.0869544640625 0.34091252656250004 0.3091829609375 0.37394574375 0.35396999687499997 0.171721603125 0.1317415015625 0.1386883859375 0.0869544640625 0.34091252656250004
6 0.5044492265625 0.45898893906250005 0.7216830890625 0.491279728125 0.7509248328125 0.35924628593749997 0.5336909703125 0.32695549687500003 0.5044492265625 0.45898893906250005
9 0.06810899375 0.4260804453125 0.21734403906250002 0.44826352968750005 0.236838534375 0.360241234375 0.087603490625 0.33805815 0.06810899375 0.4260804453125
1 0.4476959046875 0.72331300625 0.6633138562500001 0.7553635984375 0.704945159375 0.56738834375 0.48932720781250005 0.535337753125 0.4476959046875 0.72331300625
1 0.030637237499999997 0.603572025 0.2478221328125 0.635855534375 0.2878587140625 0.4550808296875 0.07067381874999999 0.42279731875 0.030637237499999997 0.603572025
0 0.2485288046875 0.6322841078125 0.4657626671875 0.6645748953124999 0.4797262015625 0.60152620625 0.26249234062500004 0.5692354171875 0.2485288046875 0.6322841078125
3 0.32127417812500003 0.5340247375 0.4307643546875 0.550299934375 0.4568555515625 0.4324919609375 0.3473653765625 0.4162167640625 0.32127417812500003 0.5340247375