3 0.39369973125 0.4790432796875 0.21817694375 0.4790432796875 0.21817694375 0.58257403125 0.39369973125 0.58257403125 0.39369973125 0.4790432796875
1 0.8846380703125 0.647585421875 0.551742628125 0.647585421875 0.551742628125 0.884168565625 0.8846380703125 0.884168565625 0.8846380703125 0.647585421875
9 0.25227882031250004 0.892938496875 0.09764075 0.892938496875 0.09764075 0.990296128125 0.25227882031250004 0.990296128125 0.25227882031250004 0.892938496875
5 0.5636461125000001 0.64961275625 0.3876943703125 0.64961275625 0.3876943703125 0.8498177671875 0.5636461125000001 0.8498177671875 0.5636461125000001 0.64961275625
2 0.2723056296875 0.021640090625 0.2683646109375 0.2799544421875 0.1671045578125 0.27820045625 0.165147453125 0.392414578125 0.3619302953125 0.39567198124999997 0.3619034859375 0.279840546875 0.5605898125000001 0.284806378125 0.564504021875 0.0233029609375 0.2723056296875 0.021640090625
9 0.991152815625 0.2904328015625 0.7729222515624999 0.2904328015625 0.7729222515624999 0.3908883828125 0.991152815625 0.3908883828125 0.991152815625 0.2904328015625
7 0.872386059375 0.39886104843750003 0.5541286859375 0.39886104843750003 0.5541286859375 0.6466970390625 0.872386059375 0.6466970390625 0.872386059375 0.39886104843750003
6 0.3836461125 0.647585421875 0.171849865625 0.647585421875 0.171849865625 0.8416856484374999 0.3836461125 0.8416856484374999 0.3836461125 0.647585421875
10 0.16005361875 0.647585421875 0.0167828421875 0.647585421875 0.0167828421875 0.8963553531249999 0.16005361875 0.8963553531249999 0.16005361875 0.647585421875
9 0.35656836406250003 0.28974943125 0.176675603125 0.28974943125 0.176675603125 0.388610478125 0.35656836406250003 0.388610478125 0.35656836406250003 0.28974943125
9 0.769436996875 0.88193621875 0.5595174265625 0.88193621875 0.5595174265625 0.980865603125 0.769436996875 0.980865603125 0.769436996875 0.88193621875
2 0.9969705093749999 0.39571754062500003 0.9950134046875 0.2831662875 0.878123325 0.2831662875 0.878123325 0.02496583125 0.5683914203125 0.021640090625 0.5625469171875 0.3907517078125 0.9969705093749999 0.39571754062500003