3 0.764237059375 0.5109868468750001 0.5863014609375 0.4943554921875 0.5746860296875 0.599136728125 0.752621628125 0.6157680812499999 0.764237059375 0.5109868468750001
1 0.407176784375 0.6499582703125 0.06970521874999999 0.618415346875 0.043162234375000004 0.8578560296875001 0.3806338 0.8893989546875 0.407176784375 0.6499582703125
9 0.8334871609375 1 0.839994028125 0.9413024390625001 0.6832302390625 0.9266499796875 0.6750990859375 1 0.8334871609375 1
5 0.5732526640625 0.6675541968750001 0.394882215625 0.6508821984375001 0.3724206046875 0.8535053609375 0.5507910546875 0.870177359375 0.5732526640625 0.6675541968750001
2 0.7356958734375 0.30473789375 0.76068175625 0.0429301015625 0.46428011874999997 0.0169263109375 0.4389092671875 0.281959146875 0.640883953125 0.2957595109375 0.62786129375 0.41298745937500003 0.8277146546875 0.4283365265625 0.838544678125 0.312557440625 0.7356958734375 0.30473789375
9 0 0.3494107375 0.21175635312500002 0.3692032625 0.2230267703125 0.26753434062500003 0.0064166109375 0.2472881375 0 0.305171515625 0 0.3494107375
7 0.43266307031249995 0.39800362499999997 0.11003079687499999 0.36784770624999996 0.08222532187500001 0.6186771531249999 0.40485759374999997 0.6488330718750001 0.43266307031249995 0.39800362499999997
6 0.7922917125 0.68595434375 0.577584025 0.6658859609375 0.555807328125 0.8623306046874999 0.770515015625 0.8823989875 0.7922917125 0.68595434375
10 0.949490353125 0.7006474468749999 0.8042501140624999 0.687072075 0.7763398578125 0.9388467453124999 0.9215800953125 0.9524221140625 0.949490353125 0.7006474468749999
9 0.8275463484375001 0.32333902187499997 0.64518070625 0.30629359843750004 0.6340891828124999 0.4063487265625 0.8164548265624999 0.42339415 0.8275463484375001 0.32333902187499997
9 0.37300257812500004 0.8864029578125001 0.16019736406250001 0.866512396875 0.149098175 0.9666366875 0.36190338906249997 0.9865272484375 0.37300257812500004 0.8864029578125001
2 0 0.3541656078125 0.42503893125000003 0.3889986828125 0.46052584531249996 0.014875010937499999 0.390527590625 0.00908963125 0.1445588484375 0.0033646453125 0.1171948125 0.250211915625 0.0072318625 0.2399338546875 0 0.30517151875000004 0 0.3541656078125