3 0.4705659765625 0.233713321875 0.4469457109375 0.42449789375 0.5603595796875 0.4443308375 0.58397984375 0.2535462671875 0.4705659765625 0.233713321875
1 0.095292775 0.538507509375 0.0504947265625 0.90034835625 0.3096622609375 0.9456695796875 0.354460309375 0.5838287328125 0.095292775 0.538507509375
9 0.1467945703125 0.043241259375 0.06943857656249999 0.029713839062500004 0.0486287875 0.19779775625 0.12598478125 0.2113251765625 0.1467945703125 0.043241259375
5 0.15499885 0.3667756203125 0.131320859375 0.55802644375 0.35063758125 0.596378865625 0.37431557187500003 0.405128040625 0.15499885 0.3667756203125
2 1 0.3852007328125 0.7953200390624999 0.34623637343749997 0.810868121875 0.23650772031249997 0.686014409375 0.21250093125 0.6559648015625 0.42577012031250006 0.78285719375 0.44793031250000004 0.7506799187500001 0.6629412203125 0.999831275 0.7102983203125001 1 0.7089355015625001 1 0.3852007328125
9 0.70265306875 1 0.71594261875 0.8926582265624999 0.6058974796875 0.8734143796874999 0.5902254265625 1 0.70265306875 1
7 0.35511240312500003 0.5865924453125 0.3122842140625 0.9325224343749999 0.5837788015625 0.9799993203125 0.626606990625 0.634069328125 0.35511240312500003 0.5865924453125
6 0.1929536609375 0.1337211796875 0.16445204375 0.3639332015625 0.3770812140625 0.401116153125 0.40558282968750003 0.17090413124999998 0.1929536609375 0.1337211796875
10 0.1480041828125 0.0025834218749999998 0.13465258125 0.11042640156250001 0.40717026250000005 0.158082196875 0.4258215609375 0.00743274375 0.1480041828125 0.0025834218749999998
9 0.6886302984375 0.22576019375 0.6644219625 0.42129470781249995 0.772720353125 0.440233096875 0.7969286890625 0.24469858437499997 0.6886302984375 0.22576019375
9 0.0268289640625 0.7682810171875001 0.0684428890625 0.7755581406250001 0.096691959375 0.547385971875 0.0186384921875 0.53373658125 0.0268289640625 0.7682810171875001
2 0.963964484375 1 0.9993156078125001 0.7144634437499999 0.634357603125 0.6447729984375 0.586189009375 1 0.963964484375 1