3 0.41602015625 0.2535462671875 0.4396404203125 0.4443308375 0.5530542890625 0.42449789375 0.5294340234375 0.233713321875 0.41602015625 0.2535462671875
1 0.6455396906249999 0.5838287328125 0.6903377390625 0.9456695796875 0.9495052734374999 0.90034835625 0.9047072249999999 0.538507509375 0.6455396906249999 0.5838287328125
9 0.87401521875 0.2113251765625 0.9513712125 0.19779775625 0.9305614234374999 0.029713839062500004 0.8532054296875 0.043241259375 0.87401521875 0.2113251765625
5 0.625684428125 0.405128040625 0.64936241875 0.596378865625 0.8686791406250001 0.55802644375 0.8450011500000001 0.3667756203125 0.625684428125 0.405128040625
2 0 0.7089355015625001 0.000168725 0.7102983203125001 0.24932008125 0.6629412203125 0.21714280625 0.44793031250000004 0.34403519843749997 0.42577012031250006 0.31398559062500003 0.21250093125 0.189131878125 0.23650772031249997 0.2046799609375 0.34623637343749997 0 0.3852007328125 0 0.7089355015625001
9 0.40977457343749996 1 0.39410252031250004 0.8734143796874999 0.28405738125 0.8926582265624999 0.29734693125 1 0.40977457343749996 1
7 0.37339300937500003 0.634069328125 0.41622119843750005 0.9799993203125 0.6877157859375 0.9325224343749999 0.6448875968750001 0.5865924453125 0.37339300937500003 0.634069328125
6 0.5944171703125 0.17090413124999998 0.6229187859375 0.401116153125 0.8355479562499999 0.3639332015625 0.8070463390624999 0.1337211796875 0.5944171703125 0.17090413124999998
10 0.5741784390625 0.00743274375 0.5928297375 0.158082196875 0.8653474187500001 0.11042640156250001 0.8519958171875001 0.0025834218749999998 0.5741784390625 0.00743274375
9 0.20307131093750003 0.24469858437499997 0.22727964687500002 0.440233096875 0.33557803750000004 0.42129470781249995 0.3113697015625 0.22576019375 0.20307131093750003 0.24469858437499997
9 0.9813615078125 0.53373658125 0.903308040625 0.547385971875 0.9315571109375 0.7755581406250001 0.9731710359375001 0.7682810171875001 0.9813615078125 0.53373658125
2 0.41381099062500004 1 0.365642396875 0.6447729984375 0.0006843921874999999 0.7144634437499999 0.036035515625 1 0.41381099062500004 1