9 0.9175178781250001 0.7481611828125 0.7337879046875 0.7721233140625 0.7796058234375 0.9969957671874999 0.9633357968749999 0.9730336375 0.9175178781250001 0.7481611828125
0 0.49762185312499996 0.1372462515625 0.24526759375 0.1701583859375 0.27684936250000003 0.3251604125 0.5292036234374999 0.292248278125 0.49762185312499996 0.1372462515625
0 0.25657353125000004 0.1866156390625 0.2289212703125 0.050899484375000005 0.0108791515625 0.0793366171875 0.0385314125 0.215052771875 0.25657353125000004 0.1866156390625
3 0.49043103749999994 1 0.5656217328124999 0.9901936015624999 0.523899828125 0.78542421875 0.4268150046875 0.7980860562500001 0.46795510937499996 1 0.49043103749999994 1
9 0.07781384062499999 0.412023825 0.0122375203125 0.4205763125 0.01582134375 0.54374433125 0.054974807812500005 0.7359079171875 0.141506034375 0.7246224828125001 0.07781384062499999 0.412023825
7 0.5263115296875001 0.27247056718749996 0.27395726875 0.3053827015625 0.3500249203125 0.6787196 0.60237918125 0.645807465625 0.5263115296875001 0.27247056718749996
2 0.250798134375 0.169437090625 0.00585961875 0.20138206093750002 0.01582134375 0.5437443328125 0.059270628125 0.7569916234375 0.36245615625 0.7174500562499999 0.250798134375 0.169437090625
1 0.70348435 0.1103975890625 0.4920913109375 0.13796754687499999 0.596185859375 0.64885929375 0.8075788968750001 0.6212893359375 0.70348435 0.1103975890625
6 0.4223011578125 1 0.362004278125 0.7040654 0.0996867578125 0.738276946875 0.1530130125 1 0.4223011578125 1
5 0.7670234484375 1 0.7809742140625 0.9981805359375 0.734885725 0.7719801359375 0.6430414515625 0.7839585 0.6870600578125 1 0.7670234484375 1
1 1 0.437674909375 0.92691815 0.0789922046875 0.698612425 0.1087679203125 0.8009336984375001 0.610956509375 1 0.5849942109375 1 0.437674909375