9 0.3370428015625 0.7547826093750001 0.1644747078125 0.7547826093750001 0.1644747078125 0.9628544421875 0.3370428015625 0.9628544421875 0.3370428015625 0.7547826093750001
0 0.6717898828125 0.154782609375 0.4347665375 0.154782609375 0.4347665375 0.298204159375 0.6717898828125 0.298204159375 0.6717898828125 0.154782609375
0 0.8693093390625 0.0234593578125 0.66451361875 0.0234593578125 0.66451361875 0.1709451796875 0.8693093390625 0.1709451796875 0.8693093390625 0.0234593578125
3 0.6227431906249999 0.7420982984375 0.5315564203124999 0.7420982984375 0.5315564203124999 0.9315689984375 0.6227431906249999 0.9315689984375 0.6227431906249999 0.7420982984375
9 0.9626361875 0.35310018906249996 0.8700875484375 0.35310018906249996 0.8700875484375 0.6423440453125 0.9626361875 0.6423440453125 0.9626361875 0.35310018906249996
7 0.6707490265625 0.2800378078125 0.43372568125 0.2800378078125 0.43372568125 0.6254820421875 0.6707490265625 0.6254820421875 0.6707490265625 0.2800378078125
2 0.9722276265625001 0.154782609375 0.66659533125 0.154782609375 0.66659533125 0.6618525515625 0.9722276265625001 0.6618525515625 0.9722276265625001 0.154782609375
1 0.43996108906250003 0.154782609375 0.24141050625 0.154782609375 0.24141050625 0.6275047265625 0.43996108906250003 0.6275047265625 0.43996108906250003 0.154782609375
6 0.9108949421875 0.64973535 0.66451361875 0.64973535 0.66451361875 0.9729678640625 0.9108949421875 0.9729678640625 0.9108949421875 0.64973535
5 0.42227626406249996 0.7547826093750001 0.3360116734375 0.7547826093750001 0.3360116734375 0.9668998109375 0.42227626406249996 0.9668998109375 0.42227626406249996 0.7547826093750001
1 0.2455642015625 0.1527410203125 0.00437743125 0.1527410203125 0.00437743125 0.6174102078125 0.2455642015625 0.6174102078125 0.2455642015625 0.1527410203125