9 0.6629571984375 0.9628544421875 0.8355252921874999 0.9628544421875 0.8355252921874999 0.7547826093750001 0.6629571984375 0.7547826093750001 0.6629571984375 0.9628544421875
0 0.3282101171875 0.298204159375 0.5652334625 0.298204159375 0.5652334625 0.154782609375 0.3282101171875 0.154782609375 0.3282101171875 0.298204159375
0 0.13069066093749998 0.1709451796875 0.33548638125 0.1709451796875 0.33548638125 0.0234593578125 0.13069066093749998 0.0234593578125 0.13069066093749998 0.1709451796875
3 0.377256809375 0.9315689984375 0.46844357968750006 0.9315689984375 0.46844357968750006 0.7420982984375 0.377256809375 0.7420982984375 0.377256809375 0.9315689984375
9 0.037363812499999996 0.6423440453125 0.1299124515625 0.6423440453125 0.1299124515625 0.35310018906249996 0.037363812499999996 0.35310018906249996 0.037363812499999996 0.6423440453125
7 0.3292509734375 0.6254820421875 0.56627431875 0.6254820421875 0.56627431875 0.2800378078125 0.3292509734375 0.2800378078125 0.3292509734375 0.6254820421875
2 0.027772373437499998 0.6618525515625 0.33340466874999997 0.6618525515625 0.33340466874999997 0.154782609375 0.027772373437499998 0.154782609375 0.027772373437499998 0.6618525515625
1 0.5600389109374999 0.6275047265625 0.75858949375 0.6275047265625 0.75858949375 0.154782609375 0.5600389109374999 0.154782609375 0.5600389109374999 0.6275047265625
6 0.0891050578125 0.9729678640625 0.33548638125 0.9729678640625 0.33548638125 0.64973535 0.0891050578125 0.64973535 0.0891050578125 0.9729678640625
5 0.5777237359375 0.9668998109375 0.6639883265625001 0.9668998109375 0.6639883265625001 0.7547826093750001 0.5777237359375 0.7547826093750001 0.5777237359375 0.9668998109375
1 0.7544357984375 0.6174102078125 0.99562256875 0.6174102078125 0.99562256875 0.1527410203125 0.7544357984375 0.1527410203125 0.7544357984375 0.6174102078125