9 0.5594240234375001 0.4011377546875 0.552041853125 0.5419979703125 0.7744068921875 0.54846813125 0.7817890625 0.407607915625 0.5594240234375001 0.4011377546875
9 0.07474608906249999 0.38407356875 0.067046934375 0.5309821703125001 0.2489235421875 0.5362742390624999 0.256622696875 0.3893656375 0.07474608906249999 0.38407356875
6 0.0432481828125 0.11923372031249999 0.029839117187500003 0.37509393593749996 0.2712401453125 0.3821179875 0.2846492109375 0.126257771875 0.0432481828125 0.11923372031249999
1 0.677525734375 0.5422973 0.6574551046875 0.9252677296874999 0.9502186 0.9337862765624999 0.9702892296875 0.550815846875 0.677525734375 0.5422973
0 0.27794535 0.079284496875 0.27256016875 0.1820398734375 0.56085065625 0.1904282703125 0.5662358375000001 0.08767289375000001 0.27794535 0.079284496875
3 0.3587666625 0.27055283281250003 0.345364640625 0.5262786390625 0.4985651546875 0.53073631875 0.5119671765625 0.2750105125 0.3587666625 0.27055283281250003
7 0.20098176250000002 0.5471291093749999 0.1818895515625 0.9114301843750001 0.5209641015625001 0.921296246875 0.5400563125 0.5569951718749999 0.20098176250000002 0.5471291093749999
10 0.0538946015625 0.0015681734375 0.047721190625 0.119363871875 0.2734923984375 0.1259331421875 0.279665809375 0.008137443749999999 0.0538946015625 0.0015681734375
9 0.539616221875 0.6341697828124999 0.5243186453125 0.9260649453124999 0.6562980796875 0.9299051546875001 0.67159565625 0.6380099921875 0.539616221875 0.6341697828124999
5 0.28908904375 1 0.296169621875 0.8648945328125001 0.18055265468749998 0.861530421875 0.1732957703125 1 0.28908904375 1
2 0.7792488765625001 0.558260809375 0.7900100515624999 0.40156066875 0.8649017546875 0.40507246874999997 0.8812888515624999 0.0256428859375 0.5771660890625 0.01679381875 0.5468819234375 0.548834275 0.7792488765625001 0.558260809375
2 0 0.9011827484375001 0.17429793124999998 0.907924721875 0.1961309515625 0.5399611390625 0.2545756828125 0.54166170625 0.262722134375 0.3862181578125 0.070928115625 0.379304846875 0.0615220265625 0.53471174375 0 0.5323754453125 0 0.9011827484375001