9 0.5142335765625 0.5847674421875 0.386739659375 0.5847674421875 0.386739659375 0.7859302328125 0.5142335765625 0.7859302328125 0.5142335765625 0.5847674421875
9 0.5170316296874999 0.14616279062499998 0.3840632609375 0.14616279062499998 0.3840632609375 0.310697675 0.5170316296874999 0.310697675 0.5170316296874999 0.14616279062499998
6 0.377128953125 0.10517441875 0.1455474453125 0.10517441875 0.1455474453125 0.3235581390625 0.377128953125 0.3235581390625 0.377128953125 0.10517441875
1 0.85783455 0.69812790625 0.5112043796875 0.69812790625 0.5112043796875 0.96297674375 0.85783455 0.96297674375 0.85783455 0.69812790625
0 0.196277371875 0.3152790703125 0.10327250624999999 0.3152790703125 0.10327250624999999 0.5760813953125 0.196277371875 0.5760813953125 0.196277371875 0.3152790703125
3 0.5054622875 0.397337209375 0.27400243281250003 0.397337209375 0.27400243281250003 0.5359302328125 0.5054622875 0.5359302328125 0.5054622875 0.397337209375
7 0.85783455 0.2679069765625 0.5281021890625001 0.2679069765625 0.5281021890625001 0.5746511625 0.85783455 0.5746511625 0.85783455 0.2679069765625
10 0.1455474453125 0.1092209296875 0.0018248171875 0.1092209296875 0.0018248171875 0.313465115625 0.1455474453125 0.313465115625 0.1455474453125 0.1092209296875
9 0.8620559609375 0.5779069765625 0.59785888125 0.5779069765625 0.59785888125 0.697302325 0.8620559609375 0.697302325 0.8620559609375 0.5779069765625
5 0.9931630171875 0.264337209375 0.812773721875 0.264337209375 0.812773721875 0.36893023281250004 0.9931630171875 0.36893023281250004 0.9931630171875 0.264337209375
2 0.38226277343750004 0.8608837203125 0.38105839375 0.7930697671875 0.5229562046875 0.7907674421875 0.5205474453125001 0.5804302328125 0.0118734796875 0.5827209296875 0.008260340625 0.8574418609375 0.38226277343750004 0.8608837203125
2 0.8524574203125 0.009162790625 0.5193552312499999 0.006860465625000001 0.5205474453125001 0.1413488375 0.3798540140625 0.14248837187500002 0.38105839375 0.3160581390625 0.5217518250000001 0.3160581390625 0.5217518250000001 0.26318604687499997 0.8548661796875001 0.26088372031249996 0.8524574203125 0.009162790625