9 0.6203700109375 0.5533226625000001 0.6211970578125 0.6953930015625 0.8449497859375 0.6914897625 0.844122740625 0.549419425 0.6203700109375 0.5533226625000001
9 0.13249331250000002 0.5587151218749999 0.13335586875 0.7068858078125 0.31636749375 0.703693275 0.31550493749999997 0.5555225890625 0.13249331250000002 0.5587151218749999
6 0.087809615625 0.7154082296875 0.0893118703125 0.9734665265625001 0.332219384375 0.96922914375 0.3307171296875 0.711170846875 0.087809615625 0.7154082296875
1 0.7464801453125001 0.5544986140625 0.97598674375 0.5504950015625 0.977321940625 0.5218278109375001 0.9752401015625001 0.16420829374999998 0.744231578125 0.16823810625 0.7464801453125001 0.5544986140625
0 0.6133078453125 1 0.6127711109375 0.907799440625 0.3226815203125 0.9128598890624999 0.3231887953125 1 0.6133078453125 1
3 0.4119488609375 0.5667335578125 0.413450328125 0.824656290625 0.5676069046875 0.82196711875 0.5661054390625 0.5640443859375 0.4119488609375 0.5667335578125
7 0.2656982125 0.176585846875 0.267837165625 0.5440166140625 0.60902774375 0.5380647390625 0.6068887890625 0.1706339734375 0.2656982125 0.176585846875
10 0.321170934375 1 0.320992946875 0.9694249828125001 0.09381279218750001 0.973388009375 0.093967709375 1 0.321170934375 1
9 0.6104828359375001 0.1658667515625 0.612196665625 0.46026956874999997 0.74499973125 0.4579528953125 0.7432859015625 0.1635500796875 0.6104828359375001 0.1658667515625
5 0.2608497046875 0.0258544984375 0.262019878125 0.226867759375 0.3783583640625 0.2248383 0.377188190625 0.023825040625 0.2608497046875 0.0258544984375
2 0.9273233953125001 1 0.9283493515625001 0.695024140625 0.852927921875 0.6976820375 0.84944656875 0.5396056796875001 0.615504790625 0.546371084375 0.620184990625 1 0.9273233953125001 1
2 0 0.5582373078125 0.127115959375 0.55489075 0.12929612968749998 0.71164759375 0.3223494140625 0.706937678125 0.32143674375 0.550158721875 0.262627284375 0.5511846203124999 0.257905525 0.180029865625 0 0.187001721875 0 0.5582373078125