9 0.15587725937500002 0.549419425 0.1550502140625 0.6914897625 0.3788029421875 0.6953930015625 0.3796299890625 0.5533226625000001 0.15587725937500002 0.549419425
9 0.6844950625 0.5555225890625 0.68363250625 0.703693275 0.86664413125 0.7068858078125 0.8675066875 0.5587151218749999 0.6844950625 0.5555225890625
6 0.6692828703125 0.711170846875 0.667780615625 0.96922914375 0.9106881296875 0.9734665265625001 0.9121903843749999 0.7154082296875 0.6692828703125 0.711170846875
1 0.255768421875 0.16823810625 0.0247598984375 0.16420829374999998 0.022678059375 0.5218278109375001 0.02401325625 0.5504950015625 0.2535198546875 0.5544986140625 0.255768421875 0.16823810625
0 0.6768112046875 1 0.6773184796875 0.9128598890624999 0.3872288890625 0.907799440625 0.3866921546875 1 0.6768112046875 1
3 0.4338945609375 0.5640443859375 0.43239309531250003 0.82196711875 0.5865496718750001 0.824656290625 0.5880511390625001 0.5667335578125 0.4338945609375 0.5640443859375
7 0.3931112109375 0.1706339734375 0.39097225625 0.5380647390625 0.732162834375 0.5440166140625 0.7343017875 0.176585846875 0.3931112109375 0.1706339734375
10 0.906032290625 1 0.9061872078125001 0.973388009375 0.679007053125 0.9694249828125001 0.678829065625 1 0.906032290625 1
9 0.2567140984375 0.1635500796875 0.25500026875000004 0.4579528953125 0.387803334375 0.46026956874999997 0.38951716406250003 0.1658667515625 0.2567140984375 0.1635500796875
5 0.622811809375 0.023825040625 0.6216416359375 0.2248383 0.737980121875 0.226867759375 0.7391502953125 0.0258544984375 0.622811809375 0.023825040625
2 0.379815009375 1 0.384495209375 0.546371084375 0.15055343125 0.5396056796875001 0.147072078125 0.6976820375 0.07165064843749999 0.695024140625 0.07267660468750001 1 0.379815009375 1
2 1 0.187001721875 0.742094475 0.180029865625 0.7373727156250001 0.5511846203124999 0.67856325625 0.550158721875 0.6776505859374999 0.706937678125 0.8707038703125001 0.71164759375 0.872884040625 0.55489075 1 0.5582373078125 1 0.187001721875