9 0.2182109375 0.407607915625 0.22559310781250003 0.54846813125 0.447958146875 0.5419979703125 0.44057597656249997 0.4011377546875 0.2182109375 0.407607915625
9 0.743377303125 0.3893656375 0.7510764578125 0.5362742390624999 0.932953065625 0.5309821703125001 0.9252539109375 0.38407356875 0.743377303125 0.3893656375
6 0.7153507890624999 0.126257771875 0.7287598546875 0.3821179875 0.9701608828125 0.37509393593749996 0.9567518171874999 0.11923372031249999 0.7153507890624999 0.126257771875
1 0.029710770312500002 0.550815846875 0.049781399999999996 0.9337862765624999 0.3425448953125 0.9252677296874999 0.32247426562500003 0.5422973 0.029710770312500002 0.550815846875
0 0.4337641625 0.08767289375000001 0.43914934375000003 0.1904282703125 0.72743983125 0.1820398734375 0.72205465 0.079284496875 0.4337641625 0.08767289375000001
3 0.4880328234375 0.2750105125 0.5014348453124999 0.53073631875 0.6546353593750001 0.5262786390625 0.6412333375 0.27055283281250003 0.4880328234375 0.2750105125
7 0.45994368750000003 0.5569951718749999 0.47903589843749994 0.921296246875 0.8181104484375 0.9114301843750001 0.7990182375 0.5471291093749999 0.45994368750000003 0.5569951718749999
10 0.720334190625 0.008137443749999999 0.7265076015624999 0.1259331421875 0.952278809375 0.119363871875 0.9461053984375001 0.0015681734375 0.720334190625 0.008137443749999999
9 0.32840434375 0.6380099921875 0.3437019203125 0.9299051546875001 0.47568135468749995 0.9260649453124999 0.46038377812500003 0.6341697828124999 0.32840434375 0.6380099921875
5 0.8267042296874999 1 0.8194473453125 0.861530421875 0.7038303781249999 0.8648945328125001 0.71091095625 1 0.8267042296874999 1
2 0.45311807656249997 0.548834275 0.4228339109375 0.01679381875 0.1187111484375 0.0256428859375 0.1350982453125 0.40507246874999997 0.2099899484375 0.40156066875 0.2207511234375 0.558260809375 0.45311807656249997 0.548834275
2 1 0.5323754453125 0.9384779734375 0.53471174375 0.929071884375 0.379304846875 0.7372778656250001 0.3862181578125 0.7454243171875 0.54166170625 0.8038690484375 0.5399611390625 0.8257020687500001 0.907924721875 1 0.9011827484375001 1 0.5323754453125