3 0.550460453125 0.262765053125 0.4581676265625 0.2748393234375 0.48542834843750005 0.3981424453125 0.577721175 0.3860681765625 0.550460453125 0.262765053125
10 0.33763684843749997 0.056411457812499996 0.25494002656250003 0.06723032343749999 0.2962411625 0.254039715625 0.378937984375 0.24322085000000002 0.33763684843749997 0.056411457812499996
0 0.7515361109375001 0.7452430171875 0.5469565296875001 0.7720072734375 0.5766004859375 0.90609000625 0.7811800671875 0.8793257499999999 0.7515361109375001 0.7452430171875
6 0.504941075 0.03242889375 0.333123059375 0.0549070953125 0.37756586875 0.2559266078125 0.5493838828125 0.2334484046875 0.504941075 0.03242889375
2 0.8080722703125 0.14094862187499999 0.6141068578125 0.16632427031250002 0.743307021875 0.7507102375 0.9372724328125001 0.7253345859375 0.8080722703125 0.14094862187499999
1 0.48940656406249994 0.4623050765625 0.309118834375 0.48589133437500004 0.3777762671875 0.79643615 0.558063996875 0.7728498921875 0.48940656406249994 0.4623050765625
9 0.70614976875 0.17094131875000002 0.6263632796875 0.1813794359375 0.6671896187499999 0.3660412734375 0.7469761078125 0.3556031546875 0.70614976875 0.17094131875000002
2 0.0770076375 0.2924350234375 0.17444309062500002 0.726184903125 0.3546628671875 0.7049750390625 0.28577111875 0.393370390625 0.2422854625 0.4014412796875 0.21346911249999997 0.2745823625 0.0770076375 0.2924350234375
9 0.39511988124999997 0.25342921406249996 0.2630284203125 0.270710165625 0.2908749296875 0.39666286875 0.4229663921875 0.37938191875 0.39511988124999997 0.25342921406249996
9 0.21098192187499998 0.278093121875 0.081953971875 0.2949732859375 0.1087799765625 0.4163101421875 0.23780792812499998 0.3994299765625 0.21098192187499998 0.278093121875
5 0.5934127265625 0.0688646453125 0.5138154546875 0.079278009375 0.5474920984375 0.23160101718749998 0.62708936875 0.22118765312500002 0.5934127265625 0.0688646453125
7 0.6842753203124999 0.44101535937499997 0.4798218828125 0.46776311249999997 0.5479798546875 0.7760488109375 0.7524332921875 0.7493010578125 0.6842753203124999 0.44101535937499997