3 0.474337471875 0.42791817656250003 0.5688349453125 0.41448673593749996 0.5432079453124999 0.2889668609375 0.44871047343750003 0.30239830156249997 0.474337471875 0.42791817656250003
10 0.28367211718749996 0.2831136078125 0.3683443609375 0.2710786796875 0.3295183875 0.080910815625 0.24484614062499999 0.0929457421875 0.28367211718749996 0.2831136078125
0 0.55832455625 0.9452513234375 0.7677910328124999 0.9154787109375 0.739923628125 0.778985428125 0.5304571515625 0.8087580390625 0.55832455625 0.9452513234375
6 0.3667138703125 0.2840630625 0.5426361875 0.2590582640625 0.5008568171875 0.054424807812499996 0.3249345 0.0794296046875 0.3667138703125 0.2840630625
2 0.7314188890625 0.784664246875 0.9300176484374999 0.756436321875 0.808560396875 0.1615442203125 0.6099616390625 0.1897721453125 0.7314188890625 0.784664246875
1 0.3571942515625 0.8357220906249999 0.5417886000000001 0.809484690625 0.477245778125 0.49335687500000003 0.2926514296875 0.519594275 0.3571942515625 0.8357220906249999
9 0.6605904484375 0.39297248906250004 0.742282834375 0.381361103125 0.703903203125 0.19337940468749998 0.622210815625 0.20499078750000002 0.6605904484375 0.39297248906250004
2 0.3352303984375 0.7426514109375 0.270467303125 0.42544471093749997 0.2258999875 0.4342042046875 0.198747903125 0.30507384531250004 0.059026706250000005 0.32493318125 0.1507482609375 0.766462571875 0.3352303984375 0.7426514109375
9 0.2756217078125 0.42874384687499995 0.4108685046875 0.40952048124999996 0.3846908234375 0.28130338906249996 0.24944402656250003 0.300526753125 0.2756217078125 0.42874384687499995
9 0.0892521625 0.4509826875 0.22136226718750002 0.43220515937500004 0.1961439328125 0.3086868984375 0.064033828125 0.327464428125 0.0892521625 0.4509826875
5 0.5407369421875 0.25719547187499997 0.6222355921875 0.245611625 0.5905771765625001 0.09055014375 0.5090785265625 0.10213399062499999 0.5407369421875 0.25719547187499997
7 0.5314297234375001 0.8128706796875 0.740767040625 0.783116425 0.6766937468750001 0.469288340625 0.4673564296875 0.49904259531250006 0.5314297234375001 0.8128706796875