3 0.5512895265625 0.30239830156249997 0.45679205468750006 0.2889668609375 0.4311650546875 0.41448673593749996 0.525662528125 0.42791817656250003 0.5512895265625 0.30239830156249997
10 0.755153859375 0.0929457421875 0.6704816124999999 0.080910815625 0.6316556390625 0.2710786796875 0.7163278828124999 0.2831136078125 0.755153859375 0.0929457421875
0 0.46954284843750005 0.8087580390625 0.260076371875 0.778985428125 0.2322089671875 0.9154787109375 0.44167544375 0.9452513234375 0.46954284843750005 0.8087580390625
6 0.6750655 0.0794296046875 0.49914318281250003 0.054424807812499996 0.4573638125 0.2590582640625 0.6332861296875001 0.2840630625 0.6750655 0.0794296046875
2 0.3900383609375 0.1897721453125 0.191439603125 0.1615442203125 0.0699823515625 0.756436321875 0.2685811109375 0.784664246875 0.3900383609375 0.1897721453125
1 0.7073485703125 0.519594275 0.522754221875 0.49335687500000003 0.4582114 0.809484690625 0.6428057484374999 0.8357220906249999 0.7073485703125 0.519594275
9 0.377789184375 0.20499078750000002 0.296096796875 0.19337940468749998 0.257717165625 0.381361103125 0.3394095515625 0.39297248906250004 0.377789184375 0.20499078750000002
2 0.8492517390625001 0.766462571875 0.9409732937499999 0.32493318125 0.801252096875 0.30507384531250004 0.7741000125 0.4342042046875 0.729532696875 0.42544471093749997 0.6647696015625 0.7426514109375 0.8492517390625001 0.766462571875
9 0.7505559734375 0.300526753125 0.6153091765625 0.28130338906249996 0.5891314953125 0.40952048124999996 0.7243782921874999 0.42874384687499995 0.7505559734375 0.300526753125
9 0.9359661718750001 0.327464428125 0.8038560671875 0.3086868984375 0.7786377328125 0.43220515937500004 0.9107478375 0.4509826875 0.9359661718750001 0.327464428125
5 0.49092147343750003 0.10213399062499999 0.40942282343749997 0.09055014375 0.3777644078125 0.245611625 0.4592630578125 0.25719547187499997 0.49092147343750003 0.10213399062499999
7 0.5326435703125 0.49904259531250006 0.323306253125 0.469288340625 0.259232959375 0.783116425 0.4685702765625 0.8128706796875 0.5326435703125 0.49904259531250006