3 0.576031021875 0.57806944375 0.48257299218750005 0.57806944375 0.48257299218750005 0.700875 0.576031021875 0.700875 0.576031021875 0.57806944375
10 0.4114781015625 0.7415138890625 0.3277372265625 0.7415138890625 0.3277372265625 0.9275694437500001 0.4114781015625 0.9275694437500001 0.4114781015625 0.7415138890625
0 0.66894160625 0.07484722187500001 0.46177919687499996 0.07484722187500001 0.46177919687499996 0.2083888890625 0.66894160625 0.2083888890625 0.66894160625 0.07484722187500001
6 0.581350365625 0.7293888890625 0.4073631390625 0.7293888890625 0.4073631390625 0.929597221875 0.581350365625 0.929597221875 0.581350365625 0.7293888890625
2 0.85606751875 0.2041388890625 0.659653284375 0.2041388890625 0.659653284375 0.7861666671875 0.85606751875 0.7861666671875 0.85606751875 0.2041388890625
1 0.47252737187499994 0.20616666718749999 0.28996350312499997 0.20616666718749999 0.28996350312499997 0.5154583328125 0.47252737187499994 0.5154583328125 0.47252737187499994 0.20616666718749999
9 0.7492335765625 0.586125 0.66843978125 0.586125 0.66843978125 0.7700416671875 0.7492335765625 0.7700416671875 0.7492335765625 0.586125
2 0.24180656875 0.7321111109375 0.24256386874999997 0.6056666671875 0.28711678906250004 0.607972221875 0.28711678906250004 0.297625 0.1051368609375 0.2999166671875 0.10362226249999999 0.7321111109375 0.24180656875 0.7321111109375
9 0.42518248124999997 0.6041388890625 0.2914233578125 0.6041388890625 0.2914233578125 0.7295833328125 0.42518248124999997 0.7295833328125 0.42518248124999997 0.6041388890625
9 0.238594890625 0.60818055625 0.10793795625 0.60818055625 0.10793795625 0.7290277781250001 0.238594890625 0.7290277781250001 0.238594890625 0.60818055625
5 0.6604927 0.7314166671875 0.5798905109375 0.7314166671875 0.5798905109375 0.883125 0.6604927 0.883125 0.6604927 0.7314166671875
7 0.66894160625 0.20434722187499998 0.46190693437499997 0.20434722187499998 0.46190693437499997 0.5113888890625 0.66894160625 0.5113888890625 0.66894160625 0.20434722187499998