3 0.42227882499999997 0.3860681765625 0.5145716515625 0.3981424453125 0.5418323734375 0.2748393234375 0.449539546875 0.262765053125 0.42227882499999997 0.3860681765625
10 0.621062015625 0.24322085000000002 0.7037588375 0.254039715625 0.7450599734375001 0.06723032343749999 0.6623631515625 0.056411457812499996 0.621062015625 0.24322085000000002
0 0.2188199328125 0.8793257499999999 0.4233995140625 0.90609000625 0.4530434703125 0.7720072734375 0.2484638890625 0.7452430171875 0.2188199328125 0.8793257499999999
6 0.4506161171875 0.2334484046875 0.62243413125 0.2559266078125 0.666876940625 0.0549070953125 0.49505892500000004 0.03242889375 0.4506161171875 0.2334484046875
2 0.0627275671875 0.7253345859375 0.25669297812499997 0.7507102375 0.3858931421875 0.16632427031250002 0.1919277296875 0.14094862187499999 0.0627275671875 0.7253345859375
1 0.44193600312500003 0.7728498921875 0.6222237328125 0.79643615 0.690881165625 0.48589133437500004 0.5105934359375001 0.4623050765625 0.44193600312500003 0.7728498921875
9 0.2530238921875 0.3556031546875 0.33281038125 0.3660412734375 0.3736367203125 0.1813794359375 0.29385023125 0.17094131875000002 0.2530238921875 0.3556031546875
2 0.7865308875 0.2745823625 0.7577145375 0.4014412796875 0.7142288812500001 0.393370390625 0.6453371328124999 0.7049750390625 0.8255569093749999 0.726184903125 0.9229923624999999 0.2924350234375 0.7865308875 0.2745823625
9 0.5770336078125 0.37938191875 0.7091250703124999 0.39666286875 0.7369715796875 0.270710165625 0.6048801187499999 0.25342921406249996 0.5770336078125 0.37938191875
9 0.762192071875 0.3994299765625 0.8912200234375 0.4163101421875 0.9180460281249999 0.2949732859375 0.789018078125 0.278093121875 0.762192071875 0.3994299765625
5 0.37291063125 0.22118765312500002 0.4525079015625 0.23160101718749998 0.48618454531250005 0.079278009375 0.40658727343749995 0.0688646453125 0.37291063125 0.22118765312500002
7 0.24756670781249998 0.7493010578125 0.4520201453125 0.7760488109375 0.5201781171875 0.46776311249999997 0.3157246796875 0.44101535937499997 0.24756670781249998 0.7493010578125