1 0.8651111109375 0.540324675 0.5893333328125 0.540324675 0.5893333328125 0.859415584375 0.8651111109375 0.859415584375 0.8651111109375 0.540324675
1 0.5848888890625 0.540324675 0.3713333328125 0.540324675 0.3713333328125 0.8545454546875 0.5848888890625 0.8545454546875 0.5848888890625 0.540324675
6 0.268 0.1787012984375 0.061888889062499994 0.1787012984375 0.061888889062499994 0.44480519531249996 0.268 0.44480519531249996 0.268 0.1787012984375
10 0.26515555625 0.053246753125000004 0.0632666671875 0.053246753125000004 0.0632666671875 0.18116883125 0.26515555625 0.18116883125 0.26515555625 0.053246753125000004
9 0.8633333328124999 0.4051948046875 0.7007111109374999 0.4051948046875 0.7007111109374999 0.539935065625 0.8633333328124999 0.539935065625 0.8633333328124999 0.4051948046875
9 0.5851111109375 0.133766234375 0.478222221875 0.133766234375 0.478222221875 0.39480519531249997 0.5851111109375 0.39480519531249997 0.5851111109375 0.133766234375
5 0.1767333328125 0.7687987015625 0.07282222187500001 0.7687987015625 0.07282222187500001 0.9884415578124999 0.1767333328125 0.9884415578124999 0.1767333328125 0.7687987015625
2 0.5873999999999999 0.1275324671875 0.47411111093749997 0.1298376625 0.47411111093749997 0.399935065625 0.8635333328125 0.39762987031249997 0.8619777781250001 0.056266234375 0.5873999999999999 0.056266234375 0.5873999999999999 0.1275324671875
0 0.966177778125 0.0453571421875 0.866622221875 0.0453571421875 0.866622221875 0.4029545453125 0.966177778125 0.4029545453125 0.966177778125 0.0453571421875
7 0.3673333328125 0.449675325 0.0733333328125 0.449675325 0.0733333328125 0.8669805187499999 0.3673333328125 0.8669805187499999 0.3673333328125 0.449675325
3 0.47355555625 0.1359415578125 0.359377778125 0.1359415578125 0.359377778125 0.26399350625 0.47355555625 0.26399350625 0.47355555625 0.1359415578125