1 0.5116635921875 0.92376584375 0.45438848906249996 0.6303791078125001 0.1118114828125 0.7028827125 0.169086584375 0.9962694484375 0.5116635921875 0.92376584375
1 0.45346544062499994 0.625650878125 0.40911300468749995 0.398459378125 0.0717645828125 0.46985639375000005 0.11611702187499999 0.69704789375 0.45346544062499994 0.625650878125
6 0.7758921437499999 0.20636020624999998 0.7406556375 0.025864264062499996 0.576892459375 0.020145528125 0.44739583125 0.047552424999999995 0.49020216406249995 0.2668241390625 0.7758921437499999 0.20636020624999998
10 0.7378780984375 0.0257672703125 0.77265224375 0.203894809375 0.9099897890624999 0.1748284484375 0.8818716328124999 0.0307956359375 0.7378780984375 0.0257672703125
9 0.6563702265625 0.8911704421875 0.622595915625 0.7181644687500001 0.4779383484375 0.748780053125 0.5117126578125 0.921786025 0.6563702265625 0.8911704421875
9 0.8899940171875 0.5335093765625001 0.8677947234375001 0.41979542031249995 0.587542471875 0.47910850156249996 0.609741765625 0.592822459375 0.8899940171875 0.5335093765625001
5 0 0.26946554218749996 0.1234069296875 0.24334748125 0.1018260765625 0.132801440625 0 0.154352090625 0 0.26946554218749996
2 0.97367363125 0.5183349234375 0.897161978125 0.534527984375 0.8711586312499999 0.4145291609375 0.5811812078124999 0.4759004953125 0.6645335015625 0.8896643140625 0.958538309375 0.8260569671875 0.9744554546875 0.52233974375 0.97367363125 0.5183349234375
0 0.9582836359375 0.8309164078125001 0.6594584328125 0.894160303125 0.6770055687500001 0.984043975 0.9533233875 0.9255635828125 0.9582836359375 0.8309164078125001
7 0 0.17345991249999998 0.0575835171875 0.468426471875 0.505603690625 0.3736066890625 0.4445440921875 0.06083420625 0 0.1549183046875 0 0.17345991249999998
3 0.8644900874999999 0.41532505468750003 0.8407769937499999 0.2938567984375 0.70330001875 0.32295266875 0.7270131125 0.444420925 0.8644900874999999 0.41532505468750003