1 0.33101700156249997 0.1262272375 0.04125416875 0.1634117359375 0.07644123124999999 0.49723965937500003 0.36620406562499996 0.46005515937499997 0.33101700156249997 0.1262272375
1 0.5606091140625 0.10192825937500001 0.3362238734375 0.1307230234375 0.37087389375 0.45945589375000007 0.595259134375 0.430661128125 0.5606091140625 0.10192825937500001
6 0.930929121875 0.488868171875 0.7143658421875 0.5166591656249999 0.743709878125 0.7950529046875 0.9602731562500001 0.7672619109375 0.930929121875 0.488868171875
10 0.9585534062500001 0.7648661890625 0.7464264640625 0.792087878125 0.760532796875 0.925917959375 0.9726597375000001 0.8986962703125 0.9585534062500001 0.7648661890625
9 0.2492211359375 0.4754803859375 0.078352125 0.49740755468750003 0.0932103171875 0.6383707125 0.264079328125 0.61644354375 0.2492211359375 0.4754803859375
9 0.49899661406250007 0.5973136984375 0.3866872484375 0.6117260640625 0.41547275624999996 0.8848209468749999 0.527782125 0.8704085812500001 0.49899661406250007 0.5973136984375
5 0.757099515625 0 0.7745330765625 0.165396278125 0.8837136593749999 0.1513854234375 0.8677569109375 0 0.757099515625 0
2 0.421613940625 0.9662088578124999 0.413755209375 0.8916512359375 0.5325349296875 0.8739642703125 0.5027505203125 0.5913925859375 0.09383438125 0.6463119953125 0.1326602328125 0.9991266546875 0.16664019531250002 0.998928965625 0.421613940625 0.9662088578124999
0 0.127736325 0.9991553015625 0.0900016828125 0.6411578921875 0.0035631640625 0.6522503203125 0.040182303125 0.999664675 0.127736325 0.9991553015625
7 0.872349840625 0.0487380546875 0.563440709375 0.088379546875 0.6094581406249999 0.524957721875 0.918367271875 0.48531622968750004 0.872349840625 0.0487380546875
3 0.6382927953124999 0.7181424515625 0.5183249109375 0.7335376124999999 0.532445565625 0.8675035609374999 0.6524134484374999 0.8521084 0.6382927953124999 0.7181424515625