1 0.830913415625 0.9962694484375 0.8881885171875 0.7028827125 0.5456115109375 0.6303791078125001 0.4883364078125 0.92376584375 0.830913415625 0.9962694484375
1 0.883882978125 0.69704789375 0.9282354171874999 0.46985639375000005 0.5908869953125 0.398459378125 0.5465345593750001 0.625650878125 0.883882978125 0.69704789375
6 0.5097978359375 0.2668241390625 0.5526041687500001 0.047552424999999995 0.42310754062499994 0.020145528125 0.2593443625 0.025864264062499996 0.22410785625 0.20636020624999998 0.5097978359375 0.2668241390625
10 0.1181283671875 0.0307956359375 0.0900102109375 0.1748284484375 0.22734775625 0.203894809375 0.2621219015625 0.0257672703125 0.1181283671875 0.0307956359375
9 0.4882873421875 0.921786025 0.5220616515625001 0.748780053125 0.377404084375 0.7181644687500001 0.3436297734375 0.8911704421875 0.4882873421875 0.921786025
9 0.39025823437499996 0.592822459375 0.41245752812500003 0.47910850156249996 0.1322052765625 0.41979542031249995 0.1100059828125 0.5335093765625001 0.39025823437499996 0.592822459375
5 1 0.154352090625 0.8981739234375 0.132801440625 0.8765930703124999 0.24334748125 1 0.26946554218749996 1 0.154352090625
2 0.0255445453125 0.52233974375 0.041461690625 0.8260569671875 0.3354664984375 0.8896643140625 0.41881879218750007 0.4759004953125 0.12884136875000002 0.4145291609375 0.10283802187499999 0.534527984375 0.026326368750000002 0.5183349234375 0.0255445453125 0.52233974375
0 0.0466766125 0.9255635828125 0.32299443125 0.984043975 0.3405415671875 0.894160303125 0.0417163640625 0.8309164078125001 0.0466766125 0.9255635828125
7 1 0.1549183046875 0.5554559078125 0.06083420625 0.494396309375 0.3736066890625 0.9424164828125001 0.468426471875 1 0.17345991249999998 1 0.1549183046875
3 0.2729868875 0.444420925 0.29669998125 0.32295266875 0.15922300625000002 0.2938567984375 0.1355099125 0.41532505468750003 0.2729868875 0.444420925