1 0.6337959343749999 0.46005515937499997 0.9235587687500001 0.49723965937500003 0.9587458312500001 0.1634117359375 0.6689829984375 0.1262272375 0.6337959343749999 0.46005515937499997
1 0.404740865625 0.430661128125 0.62912610625 0.45945589375000007 0.6637761265625 0.1307230234375 0.43939088593750003 0.10192825937500001 0.404740865625 0.430661128125
6 0.039726843750000004 0.7672619109375 0.256290121875 0.7950529046875 0.2856341578125 0.5166591656249999 0.069070878125 0.488868171875 0.039726843750000004 0.7672619109375
10 0.0273402625 0.8986962703125 0.23946720312499997 0.925917959375 0.2535735359375 0.792087878125 0.041446593749999996 0.7648661890625 0.0273402625 0.8986962703125
9 0.735920671875 0.61644354375 0.9067896828125 0.6383707125 0.921647875 0.49740755468750003 0.7507788640624999 0.4754803859375 0.735920671875 0.61644354375
9 0.472217875 0.8704085812500001 0.58452724375 0.8848209468749999 0.6133127515625 0.6117260640625 0.5010033859374999 0.5973136984375 0.472217875 0.8704085812500001
5 0.13224308906249999 0 0.11628634062500001 0.1513854234375 0.22546692343750002 0.165396278125 0.242900484375 0 0.13224308906249999 0
2 0.8333598046875 0.998928965625 0.8673397671874999 0.9991266546875 0.90616561875 0.6463119953125 0.4972494796875 0.5913925859375 0.46746507031249995 0.8739642703125 0.586244790625 0.8916512359375 0.578386059375 0.9662088578124999 0.8333598046875 0.998928965625
0 0.959817696875 0.999664675 0.9964368359375 0.6522503203125 0.9099983171874999 0.6411578921875 0.8722636749999999 0.9991553015625 0.959817696875 0.999664675
7 0.081632728125 0.48531622968750004 0.39054185937499997 0.524957721875 0.436559290625 0.088379546875 0.127650159375 0.0487380546875 0.081632728125 0.48531622968750004
3 0.34758655156249996 0.8521084 0.46755443437500005 0.8675035609374999 0.4816750890625 0.7335376124999999 0.3617072046875 0.7181424515625 0.34758655156249996 0.8521084