10 0.4085192703125 0.48162790624999996 0.129208925 0.48162790624999996 0.129208925 0.6434496125 0.4085192703125 0.6434496125 0.4085192703125 0.48162790624999996
6 0.24993914843749998 0.16870155 0.0109939140625 0.16870155 0.0109939140625 0.4858527125 0.24993914843749998 0.4858527125 0.24993914843749998 0.16870155
1 0.8335294125000001 0.3301162796875 0.5224949296875 0.3301162796875 0.5224949296875 0.6373837203125 0.8335294125000001 0.6373837203125 0.8335294125000001 0.3301162796875
0 0.97097363125 0.004864340625 0.8311967546875 0.004864340625 0.8311967546875 0.3404069765625 0.97097363125 0.3404069765625 0.97097363125 0.004864340625
2 0.5158215015625001 0.63120155 0.012900607812500001 0.63120155 0.012900607812500001 0.9989922484375 0.5158215015625001 0.9989922484375 0.5158215015625001 0.63120155
2 0.9835699796874999 0.62102713125 0.5190669375 0.62102713125 0.5190669375 0.9888953484374999 0.9835699796874999 0.9888953484374999 0.9835699796874999 0.62102713125
3 0.458580121875 0.2255038765625 0.296957403125 0.2255038765625 0.296957403125 0.374612403125 0.458580121875 0.374612403125 0.458580121875 0.2255038765625
5 0.42012170312499997 0.020600774999999998 0.17709939218749998 0.020600774999999998 0.17709939218749998 0.120600775 0.42012170312499997 0.120600775 0.42012170312499997 0.020600774999999998
9 0.968722109375 0.6389922484375 0.814726165625 0.6389922484375 0.814726165625 0.867713178125 0.968722109375 0.867713178125 0.968722109375 0.6389922484375
9 0.511561865625 0.7355426359374999 0.35636916875 0.7355426359374999 0.35636916875 0.971162790625 0.511561865625 0.971162790625 0.511561865625 0.7355426359374999
7 0.8356389453125 0.000813953125 0.511926978125 0.000813953125 0.511926978125 0.33637596875 0.8356389453125 0.33637596875 0.8356389453125 0.000813953125