10 0.5914807296875 0.6434496125 0.870791075 0.6434496125 0.870791075 0.48162790624999996 0.5914807296875 0.48162790624999996 0.5914807296875 0.6434496125
6 0.7500608515625 0.4858527125 0.9890060859375 0.4858527125 0.9890060859375 0.16870155 0.7500608515625 0.16870155 0.7500608515625 0.4858527125
1 0.1664705875 0.6373837203125 0.4775050703125 0.6373837203125 0.4775050703125 0.3301162796875 0.1664705875 0.3301162796875 0.1664705875 0.6373837203125
0 0.029026368749999996 0.3404069765625 0.1688032453125 0.3404069765625 0.1688032453125 0.004864340625 0.029026368749999996 0.004864340625 0.029026368749999996 0.3404069765625
2 0.4841784984375 0.9989922484375 0.9870993921875 0.9989922484375 0.9870993921875 0.63120155 0.4841784984375 0.63120155 0.4841784984375 0.9989922484375
2 0.016430020312499998 0.9888953484374999 0.4809330625 0.9888953484374999 0.4809330625 0.62102713125 0.016430020312499998 0.62102713125 0.016430020312499998 0.9888953484374999
3 0.5414198781249999 0.374612403125 0.703042596875 0.374612403125 0.703042596875 0.2255038765625 0.5414198781249999 0.2255038765625 0.5414198781249999 0.374612403125
5 0.579878296875 0.120600775 0.8229006078125 0.120600775 0.8229006078125 0.020600774999999998 0.579878296875 0.020600774999999998 0.579878296875 0.120600775
9 0.031277890625 0.867713178125 0.185273834375 0.867713178125 0.185273834375 0.6389922484375 0.031277890625 0.6389922484375 0.031277890625 0.867713178125
9 0.48843813437500005 0.971162790625 0.64363083125 0.971162790625 0.64363083125 0.7355426359374999 0.48843813437500005 0.7355426359374999 0.48843813437500005 0.971162790625
7 0.1643610546875 0.33637596875 0.488073021875 0.33637596875 0.488073021875 0.000813953125 0.1643610546875 0.000813953125 0.1643610546875 0.33637596875