10 0.8745387796875 0.5564809796875 0.5954284203125 0.48573695624999996 0.5600381328124999 0.6462978921875 0.8391484921875 0.7170419156250001 0.8745387796875 0.5564809796875
6 1 0.260446228125 0.8223317609375 0.21541398437499998 0.7529710359374999 0.5300941890625 0.9917451859374999 0.59061449375 1 0.5531635203125 1 0.260446228125
1 0.5146698468750001 0.30653789374999996 0.2038580640625 0.22775874687500003 0.1366589015625 0.5326322375 0.4474706859375 0.611411384375 0.5146698468750001 0.30653789374999996
0 0.10904090625 0 0.06426168593750001 0.20315724999999998 0.203938484375 0.23856008750000002 0.256521075 0 0.10904090625 0
2 0.4554913703125 0.6069676312500001 0.37610692968750004 0.9671240781250001 0.454668246875 0.9870364296874999 0.9000704296875 0.9974032812500001 0.9580521734375 0.7343479734375 0.4554913703125 0.6069676312500001
2 0.0103812078125 0.868883553125 0.3740208890625 0.9610525937500001 0.454473396875 0.596050475 0.0058834796875 0.48234973124999997 0.0103812078125 0.868883553125
3 0.76292454375 0.2598649234375 0.601417546875 0.21892894843750002 0.568807621875 0.3668757546875 0.73031461875 0.4078117296875 0.76292454375 0.2598649234375
5 0.9275088953124999 0.086916009375 0.6846605859375 0.0253630578125 0.6627906593749999 0.12458394843750001 0.9056389687499999 0.1861368984375 0.9275088953124999 0.086916009375
9 0.008899578125 0.741552609375 0.10507580000000001 0.7659296796875 0.15509689843750002 0.5389907375 0.0061031296875 0.501226396875 0.008899578125 0.741552609375
9 0.5920102171875 0.7508820421875 0.4369286375 0.71157466875 0.3853986828125 0.9453590843749999 0.5404802640625 0.9846664578125001 0.5920102171875 0.7508820421875
7 0.25183406875 0 0.20038105156250002 0.2334353625 0.5238612421875 0.31542547656250003 0.5933862359375001 0 0.25183406875 0