10 0.578035775 0.5365580890625 0.848263146875 0.602552665625 0.8892383921875 0.4453099984375 0.619011021875 0.3793154203125 0.578035775 0.5365580890625
6 0.6522221781249999 0.8780984421875001 0.8833970828125001 0.934555678125 0.9637036609375 0.62637888125 0.73252875625 0.5699216484375 0.6522221781249999 0.8780984421875001
1 0.1284820515625 0.5833623484375 0.42940191250000004 0.6568526046875001 0.5072058109375 0.3582798546875 0.20628595 0.284789596875 0.1284820515625 0.5833623484375
0 0 0.8881462875 0.0483810578125 0.899961846875 0.13334458437500002 0.5739139984375 0 0.5413487578125 0 0.8881462875
2 0.9987154281249999 0.104577959375 0.6052259546875 0.008480471875 0.5120968234375 0.36586386718749997 0.99430478125 0.48362806562499994 0.9987154281249999 0.104577959375
2 0.126098728125 0 0.0569829046875 0.2652322296875 0.5063806390625001 0.37498356093749996 0.5995294 0.017524840625 0.5277706 0 0.126098728125 0
3 0.464749109375 0.7736064015624999 0.6211159734375 0.8117941140625 0.6588720859375 0.666904884375 0.5025052234375 0.628717171875 0.464749109375 0.7736064015624999
5 0.45007290156249996 0.981798234375 0.51212631875 0.9969528390625 0.6964857125 0.99588026875 0.7105135296875 0.94204846875 0.47539413125 0.8846279171875 0.45007290156249996 0.981798234375
9 0.0758969234375 0.2512836765625 0.22488502656249998 0.28766935781249997 0.28279998125 0.0654205015625 0.1338118765625 0.029034820312499997 0.0758969234375 0.2512836765625
9 0.5426383859375 0.265481753125 0.6927843265625 0.3021502 0.7524462484375001 0.0731973453125 0.602300309375 0.0365288984375 0.5426383859375 0.265481753125
7 0.0430577171875 0.9028480343749999 0.3562428 0.9793336890625 0.441211234375 0.653267009375 0.1280261484375 0.5767813562499999 0.0430577171875 0.9028480343749999