10 0.1608515078125 0.7170419156250001 0.4399618671875 0.6462978921875 0.4045715796875 0.48573695624999996 0.1254612203125 0.5564809796875 0.1608515078125 0.7170419156250001
6 0 0.5531635203125 0.008254814062500001 0.59061449375 0.2470289640625 0.5300941890625 0.1776682390625 0.21541398437499998 0 0.260446228125 0 0.5531635203125
1 0.5525293140625 0.611411384375 0.8633410984375001 0.5326322375 0.7961419359375 0.22775874687500003 0.48533015312499994 0.30653789374999996 0.5525293140625 0.611411384375
0 0.743478925 0 0.796061515625 0.23856008750000002 0.9357383140625 0.20315724999999998 0.89095909375 0 0.743478925 0
2 0.0419478265625 0.7343479734375 0.09992957031250001 0.9974032812500001 0.5453317531249999 0.9870364296874999 0.6238930703125 0.9671240781250001 0.5445086296875 0.6069676312500001 0.0419478265625 0.7343479734375
2 0.9941165203125 0.48234973124999997 0.545526603125 0.596050475 0.6259791109374999 0.9610525937500001 0.9896187921875 0.868883553125 0.9941165203125 0.48234973124999997
3 0.26968538125 0.4078117296875 0.431192378125 0.3668757546875 0.398582453125 0.21892894843750002 0.23707545625 0.2598649234375 0.26968538125 0.4078117296875
5 0.09436103125 0.1861368984375 0.33720934062499996 0.12458394843750001 0.3153394140625 0.0253630578125 0.0724911046875 0.086916009375 0.09436103125 0.1861368984375
9 0.9938968703125 0.501226396875 0.8449031015624999 0.5389907375 0.8949242 0.7659296796875 0.9911004218749999 0.741552609375 0.9938968703125 0.501226396875
9 0.45951973593749995 0.9846664578125001 0.6146013171875 0.9453590843749999 0.5630713625 0.71157466875 0.4079897828125 0.7508820421875 0.45951973593749995 0.9846664578125001
7 0.40661376406249994 0 0.47613875781250004 0.31542547656250003 0.7996189484375 0.2334353625 0.74816593125 0 0.40661376406249994 0