0 0.64816649375 1 0.7260798921875 0.98359158125 0.7086065640625 0.8700130703125 0.4114249984375 0.9325989625 0.42179421718750004 1 0.64816649375 1
6 0.432705865625 0.1421397875 0.46497361562500006 0.35188365625 0.831388759375 0.2747173 0.7991210078125001 0.06497343125 0.432705865625 0.1421397875
1 0.3646146109375 0.655756234375 0.40883045312500005 0.943163984375 0.7080716 0.8801443484375 0.6638557578125 0.5927365984375 0.3646146109375 0.655756234375
2 0 0.6121550078125 0.007975995312500001 0.6639998375 0.236269765625 0.6148398687500001 0.21060565312500001 0.45014671249999993 0.3338321859375 0.4265362296875 0.2797298171875 0.0663674578125 0 0.1252780453125 0 0.6121550078125
0 0.43586056875 1 0.42601264375000003 0.9359874328125001 0.12205668437499999 1 0.43586056875 1
3 0.4663541984375 0.41295301875 0.49230141562499996 0.581612725 0.7415739796875 0.5291163812499999 0.7156267640625 0.3604566734375 0.4663541984375 0.41295301875
10 0.4341987953125 0.15184399375 0.729352465625 0.0896851734375 0.7178300015625 0.014787903124999998 0.46064914999999995 0.028266179687499997 0.41661384687499997 0.037539934375 0.4341987953125 0.15184399375
7 0.9969831390625 0.5185544125 0.6632557953125 0.588836778125 0.71703848125 0.938430046875 0.9948807921875 0.8799169671874999 0.9969831390625 0.5185544125
9 0 0.5802598484375 0.011684014062500001 0.65620719375 0.22746463593750002 0.6107641921875 0.202628978125 0.449329734375 0 0.492003025 0 0.5802598484375
9 0.295541296875 0.13894185781249999 0.3331901078125 0.38366319375 0.4757447359375 0.35364144999999997 0.438095925 0.108920115625 0.295541296875 0.13894185781249999
5 0.72064805 0.3131450375 0.74040495625 0.4415670546875 0.8539036624999999 0.41766443593749997 0.83414675625 0.2892424171875 0.72064805 0.3131450375
1 0.1294666796875 1 0.41464816875 0.9399413031250001 0.3599725125 0.5845436515625 0.007182284375 0.6588406250000001 0.059667471875 1 0.1294666796875 1