0 0.12861027187500002 0.34437106875 0.006314200000000001 0.34437106875 0.006314200000000001 0.6393081765625 0.12861027187500002 0.6393081765625 0.12861027187500002 0.34437106875
6 0.8894259812499999 0.1383018875 0.6798187312499999 0.1383018875 0.6798187312499999 0.5019496859375 0.8894259812499999 0.5019496859375 0.8894259812499999 0.1383018875
1 0.40613293125 0.34638364843749997 0.1189123859375 0.34638364843749997 0.1189123859375 0.6433647796875 0.40613293125 0.6433647796875 0.40613293125 0.34638364843749997
2 0.47190332343749997 0.7606918234375 0.47084592187499996 0.9896540875 0.9942900296875001 0.9896540875 0.9942900296875001 0.6377987421875 0.6342900296875 0.639056603125 0.6365558906250001 0.7610062890625 0.47190332343749997 0.7606918234375
0 0.1223564953125 1 0.1223564953125 0.6257861640625 0.0015105734375 0.6257861640625 0.0015105734375 1 0.1223564953125 1
3 0.6204229609375 0.2622641515625 0.45187311250000006 0.2622641515625 0.45187311250000006 0.5096540875 0.6204229609375 0.5096540875 0.6204229609375 0.2622641515625
10 0.9961631421874999 0.20902515781250003 0.879728096875 0.20902515781250003 0.879728096875 0.5019496859375 0.9961631421874999 0.5019496859375 0.9961631421874999 0.20902515781250003
7 0.060664653125 0 0.060664653125 0.34638364843749997 0.4100302109375 0.34638364843749997 0.4100302109375 0 0.060664653125 0
9 0.638972809375 0.768553459375 0.4776435046875 0.768553459375 0.4776435046875 0.9827044031250001 0.638972809375 0.9827044031250001 0.638972809375 0.768553459375
9 0.920483384375 0.49185534531249997 0.6759214499999999 0.49185534531249997 0.6759214499999999 0.6333333328124999 0.920483384375 0.6333333328124999 0.920483384375 0.49185534531249997
5 0.6651963750000001 0.1377987421875 0.53685800625 0.1377987421875 0.53685800625 0.2504402515625 0.6651963750000001 0.2504402515625 0.6651963750000001 0.1377987421875
1 0.47601208437500003 1 0.47601208437500003 0.637295596875 0.12084592187500001 0.637295596875 0.12084592187500001 1 0.47601208437500003 1