0 0.5782057828125 1 0.5885750015625 0.9325989625 0.2913934359375 0.8700130703125 0.2739201078125 0.98359158125 0.35183350625 1 0.5782057828125 1
6 0.2008789921875 0.06497343125 0.168611240625 0.2747173 0.5350263843749999 0.35188365625 0.567294134375 0.1421397875 0.2008789921875 0.06497343125
1 0.3361442421875 0.5927365984375 0.29192840000000003 0.8801443484375 0.591169546875 0.943163984375 0.6353853890625001 0.655756234375 0.3361442421875 0.5927365984375
2 1 0.1252780453125 0.7202701828125 0.0663674578125 0.6661678140625 0.4265362296875 0.789394346875 0.45014671249999993 0.763730234375 0.6148398687500001 0.9920240046875 0.6639998375 1 0.6121550078125 1 0.1252780453125
0 0.877943315625 1 0.57398735625 0.9359874328125001 0.56413943125 1 0.877943315625 1
3 0.2843732359375 0.3604566734375 0.2584260203125 0.5291163812499999 0.507698584375 0.581612725 0.5336458015625001 0.41295301875 0.2843732359375 0.3604566734375
10 0.583386153125 0.037539934375 0.53935085 0.028266179687499997 0.2821699984375 0.014787903124999998 0.270647534375 0.0896851734375 0.5658012046875001 0.15184399375 0.583386153125 0.037539934375
7 0.0051192078125 0.8799169671874999 0.28296151875 0.938430046875 0.3367442046875 0.588836778125 0.0030168609375 0.5185544125 0.0051192078125 0.8799169671874999
9 1 0.492003025 0.797371021875 0.449329734375 0.7725353640625 0.6107641921875 0.9883159859375 0.65620719375 1 0.5802598484375 1 0.492003025
9 0.561904075 0.108920115625 0.5242552640625 0.35364144999999997 0.6668098921875 0.38366319375 0.704458703125 0.13894185781249999 0.561904075 0.108920115625
5 0.16585324375 0.2892424171875 0.1460963375 0.41766443593749997 0.25959504375 0.4415670546875 0.27935195 0.3131450375 0.16585324375 0.2892424171875
1 0.940332528125 1 0.992817715625 0.6588406250000001 0.6400274875 0.5845436515625 0.58535183125 0.9399413031250001 0.8705333203125001 1 0.940332528125 1