6 0.5011521265625001 0.398984028125 0.31982621718750004 0.4423725390625 0.3468538 0.604201025 0.5281797109374999 0.5608125140625 0.5011521265625001 0.398984028125
5 0.21620540156249998 0.5025261296875 0.0984343265625 0.53070694375 0.1097951671875 0.598730321875 0.2275662390625 0.5705495078125 0.21620540156249998 0.5025261296875
7 0 0.5516462625 0.0008120375000000001 0.5565083625 0.30645095 0.48337365468750004 0.27766061406250003 0.31099062499999997 0 0.3774305546875 0 0.5516462625
1 0.278308778125 0.1327843640625 0.064305934375 0.1839919671875 0.09231195156250001 0.35167886875 0.3063147984375 0.3004712671875 0.278308778125 0.1327843640625
9 0.510620334375 0.0784655578125 0.41249140312500004 0.10194630625000001 0.43207777187499996 0.2192203015625 0.530206703125 0.1957395515625 0.510620334375 0.0784655578125
9 0.3866754703125 0.10929577500000001 0.295039403125 0.13122288124999998 0.3146238140625 0.24848513749999998 0.40625988125 0.22655803125 0.3866754703125 0.10929577500000001
10 0.5848952015625 0.5545548578124999 0.43461074218749995 0.5905156265625 0.44675393750000003 0.663223390625 0.597038396875 0.627262621875 0.5848952015625 0.5545548578124999
9 0.6185799265624999 0.3696644046875 0.51402355 0.39468314375 0.533413840625 0.51078310625 0.6379702171875 0.48576436875000006 0.6185799265624999 0.3696644046875
2 0.8824743953124999 0.47481427500000006 0.846505771875 0.2492671890625 0.60903429375 0.3024276265625 0.6210502171875001 0.36418950156249996 0.50527425625 0.3931138640625 0.5294858312499999 0.5178155624999999 0.638948653125 0.4916227859375 0.64475634375 0.5365803625 0.8824743953124999 0.47481427500000006
3 0.49020080000000005 0.22800981562499997 0.345591465625 0.2626126125 0.369207265625 0.40401295312499996 0.5138166015625 0.36941015625 0.49020080000000005 0.22800981562499997
2 0.42465851875 0.22581836875 0.5390114359375 0.1984554671875 0.5484114796874999 0.2547385328125 0.7724069421875 0.20236080156249997 0.7412656140625 0.015901135937499998 0.40638428125 0.09603310781249999 0.42465851875 0.22581836875