6 0.505809034375 0.54284608125 0.6897578281250001 0.5994538546875 0.7324157734375001 0.43484192187500004 0.548466978125 0.3782341484375 0.505809034375 0.54284608125
5 0.809600496875 0.5989910296875001 0.9290751328125 0.635757746875 0.9470060765625 0.5665643671875 0.8275314421875001 0.52979765 0.809600496875 0.5989910296875001
7 0.6736262046875 0.7438994421875 0.9392544359375 0.8256429671875001 0.9846945546875 0.6502949546875 0.7190663234375 0.5685514296874999 0.6736262046875 0.7438994421875
1 0.5988301468749999 0.908924096875 0.8159285484375 0.97573321875 0.86013076875 0.805162103125 0.6430323671875 0.7383529828125 0.5988301468749999 0.908924096875
9 0.36368692343750003 0.8352208828125001 0.46323529218750004 0.865855559375 0.494148684375 0.746564453125 0.3946003171875 0.7159297796875 0.36368692343750003 0.8352208828125001
9 0.48991270625 0.8728272921875 0.5828742890624999 0.9014349718749999 0.6137845875 0.7821558093750001 0.5208230046875 0.7535481296875 0.48991270625 0.8728272921875
10 0.493976353125 0.353741515625 0.6464346812499999 0.40065852187499995 0.6656004281250001 0.3267001859375 0.5131420999999999 0.2797831796875 0.493976353125 0.353741515625
9 0.38617424843750003 0.507319540625 0.4922430359375 0.5399607875 0.522846953125 0.42186390625000003 0.4167781671875 0.3892226609375 0.38617424843750003 0.507319540625
2 0.188539021875 0.268760609375 0.127528890625 0.49727844218749995 0.3669102296875 0.5748132218750001 0.3816346625 0.5110803890625 0.49959371875 0.5460912453125 0.5293686484375 0.417436459375 0.41832244375 0.38326347968749996 0.43172922968750005 0.3384412875 0.188539021875 0.268760609375
3 0.444635878125 0.7073564671875 0.591336990625 0.7525017671875001 0.62861008125 0.60866934375 0.48190896875 0.5635240453125 0.444635878125 0.7073564671875
2 0.503683396875 0.7444052625 0.387676365625 0.708705653125 0.40251256562500004 0.6514545218750001 0.17578539375 0.580392815625 0.1266346765625 0.7700595796874999 0.46636007656249995 0.874605515625 0.503683396875 0.7444052625