6 0.6582834640625 0.42689297968749995 0.4836850390625 0.42689297968749995 0.4836850390625 0.5855120828125 0.6582834640625 0.5855120828125 0.6582834640625 0.42689297968749995
5 0.876929134375 0.4602186421875 0.763527559375 0.4602186421875 0.763527559375 0.5268929796874999 0.876929134375 0.5268929796874999 0.876929134375 0.4602186421875
7 0.9713070859374999 0.2935558109375 0.6770078734375 0.2935558109375 0.6770078734375 0.4625201375 0.9713070859374999 0.4625201375 0.9713070859374999 0.2935558109375
1 0.8549133859375001 0.12574223281250002 0.64885039375 0.12574223281250002 0.64885039375 0.29010356718749997 0.8549133859375001 0.29010356718749997 0.8549133859375001 0.12574223281250002
9 0.5198425203125 0.12693901093749999 0.42535433125 0.12693901093749999 0.42535433125 0.2418872265625 0.5198425203125 0.2418872265625 0.5198425203125 0.12693901093749999
9 0.6331181109374999 0.128043728125 0.5448818890625 0.128043728125 0.5448818890625 0.24298043749999998 0.6331181109374999 0.24298043749999998 0.6331181109374999 0.128043728125
10 0.5749133859375 0.5924050640625 0.430204725 0.5924050640625 0.430204725 0.6636708859375 0.5749133859375 0.6636708859375 0.5749133859375 0.5924050640625
9 0.47110236250000004 0.4257422328125 0.370425196875 0.4257422328125 0.370425196875 0.5395397015625 0.47110236250000004 0.5395397015625 0.47110236250000004 0.4257422328125
2 0.140771653125 0.3636708859375 0.14234645625 0.584361334375 0.372 0.5889643265625 0.370425196875 0.5452819328125 0.475826771875 0.5452819328125 0.47896062968750003 0.42228998906250004 0.3672913390625 0.42113924062499997 0.3688661421875 0.3602186421875 0.140771653125 0.3636708859375
3 0.606629921875 0.26327963125 0.46738582656250005 0.26327963125 0.46738582656250005 0.40187571875000005 0.606629921875 0.40187571875000005 0.606629921875 0.26327963125
2 0.20212598437499998 0.3027502875 0.41762204687500004 0.30159953906250003 0.41762204687500004 0.24643268125 0.5277322828125001 0.24643268125 0.5245826765625 0.1199884921875 0.20212598437499998 0.1199884921875 0.20212598437499998 0.3027502875