6 0.451533021875 0.3782341484375 0.2675842265625 0.43484192187500004 0.31024217187500003 0.5994538546875 0.494190965625 0.54284608125 0.451533021875 0.3782341484375
5 0.17246855781249998 0.52979765 0.0529939234375 0.5665643671875 0.07092486718749999 0.635757746875 0.190399503125 0.5989910296875001 0.17246855781249998 0.52979765
7 0.2809336765625 0.5685514296874999 0.015305445312499999 0.6502949546875 0.0607455640625 0.8256429671875001 0.3263737953125 0.7438994421875 0.2809336765625 0.5685514296874999
1 0.3569676328125 0.7383529828125 0.13986923125 0.805162103125 0.1840714515625 0.97573321875 0.40116985312500003 0.908924096875 0.3569676328125 0.7383529828125
9 0.6053996828125 0.7159297796875 0.505851315625 0.746564453125 0.5367647078125 0.865855559375 0.6363130765625 0.8352208828125001 0.6053996828125 0.7159297796875
9 0.47917699531249996 0.7535481296875 0.3862154125 0.7821558093750001 0.41712571093750006 0.9014349718749999 0.5100872937500001 0.8728272921875 0.47917699531249996 0.7535481296875
10 0.48685790000000007 0.2797831796875 0.334399571875 0.3267001859375 0.35356531874999997 0.40065852187499995 0.506023646875 0.353741515625 0.48685790000000007 0.2797831796875
9 0.5832218328125001 0.3892226609375 0.477153046875 0.42186390625000003 0.5077569640624999 0.5399607875 0.6138257515625 0.507319540625 0.5832218328125001 0.3892226609375
2 0.5682707703125 0.3384412875 0.5816775562500001 0.38326347968749996 0.4706313515625 0.417436459375 0.50040628125 0.5460912453125 0.6183653375 0.5110803890625 0.6330897703125 0.5748132218750001 0.872471109375 0.49727844218749995 0.811460978125 0.268760609375 0.5682707703125 0.3384412875
3 0.51809103125 0.5635240453125 0.37138991875 0.60866934375 0.408663009375 0.7525017671875001 0.5553641218750001 0.7073564671875 0.51809103125 0.5635240453125
2 0.5336399234375 0.874605515625 0.8733653234375 0.7700595796874999 0.82421460625 0.580392815625 0.597487434375 0.6514545218750001 0.612323634375 0.708705653125 0.49631660312500003 0.7444052625 0.5336399234375 0.874605515625