9 0.4052532859375 0.7591901265625001 0.4206138484375 0.6841083375 0.2684073609375 0.6606927359375 0.2530468 0.7357745265625 0.4052532859375 0.7591901265625001
3 0.39823948593749997 0.6820077921875 0.422142171875 0.56517245625 0.3182473078125 0.5491891640625 0.2943446234375 0.6660245015624999 0.39823948593749997 0.6820077921875
7 0.44649660312500006 0.5514198390625 0.4819681328125 0.3780364671875 0.1369999328125 0.32496620625 0.10152840156250001 0.49834957968750004 0.44649660312500006 0.5514198390625
1 0 0.6270553984375 0.2113824109375 0.6595746828125 0.24077506406250002 0.5159046093749999 0 0.47886352812500005 0 0.6270553984375
1 0 0.8555429296874999 0.1710008109375 0.88184986875 0.2028567109375 0.7261395515625 0 0.69493186875 0 0.8555429296874999
2 0.4889476265625 0.929806290625 0.5208035265625 0.7740959734375 0.1917946171875 0.723480909375 0.1599387171875 0.8791912249999999 0.4889476265625 0.929806290625
10 0.604797353125 0.7937056859375 0.6203457390625 0.7177058171875 0.45577750000000006 0.6923884703125001 0.44022911249999996 0.7683883406249999 0.604797353125 0.7937056859375
0 0.1125714671875 0.5066970171875 0.1495475546875 0.3259594375 0.0630025203125 0.312645259375 0.0260264328125 0.493382840625 0.1125714671875 0.5066970171875
9 0 0.699745665625 0.12154415468749999 0.7184441406250001 0.13690275937500002 0.6433719124999999 0 0.622310653125 0 0.699745665625
6 0.618728725 0.71937073125 0.6481194218749999 0.575710225 0.43656631093750004 0.5431646781249999 0.40717561562500004 0.6868251859375001 0.618728725 0.71937073125
5 0.5285302515625 0.5620868421874999 0.5480620921875 0.4666160078125 0.45886355468750006 0.452893615625 0.43933171406250004 0.5483644484375 0.5285302515625 0.5620868421874999