9 0.2660890125 0.6635640375 0.3414125078125 0.671866553125 0.3432044609375 0.51892809375 0.26788096562499997 0.510625578125 0.2660890125 0.6635640375
3 0.340416203125 0.6453933734375 0.45762765625 0.658312978125 0.4588508296875 0.553918475 0.3416393765625 0.54099886875 0.340416203125 0.6453933734375
7 0.47205530625 0.8814376671874999 0.6459968359375 0.90061033125 0.65005820625 0.55398315 0.476116678125 0.5348104859375 0.47205530625 0.8814376671874999
1 0.3304594046875 0.9704494640625001 0.47459197968750005 0.98633644375 0.47744654999999997 0.742706540625 0.3333139734375 0.7268195609375 0.3304594046875 0.9704494640625001
1 0.108217565625 0.9470695656249999 0.2644291453125 0.9642879515624999 0.26735490781250004 0.7145820421875 0.11114332499999999 0.6973636562500001 0.108217565625 0.9470695656249999
2 0.1119414859375 0.7087722203125 0.2681530671875 0.72599060625 0.2720265484375 0.39539946718749996 0.115814965625 0.37818108125 0.1119414859375 0.7087722203125
10 0.26458873125000004 0.474311484375 0.3408332609375 0.4827155203125 0.3427707515625 0.31735585781250003 0.266526221875 0.308951821875 0.26458873125000004 0.474311484375
0 0.46471549218749997 0.9552649375 0.6460349046875 0.975250828125 0.647053815625 0.8882895921875 0.4657344015625 0.868303703125 0.46471549218749997 0.9552649375
9 0.25996544374999997 0.9451464906249999 0.33527934375 0.9534479484375 0.3370408078125 0.803111659375 0.2617269078125 0.7948102031250001 0.25996544374999997 0.9451464906249999
6 0.3384042703125 0.530964590625 0.48252725312500006 0.5468505125 0.48501790468749995 0.3342800265625 0.34089492187500003 0.3183941015625 0.3384042703125 0.530964590625
5 0.4779274 0.5426084703125 0.573705575 0.5531655984375 0.5747557234375 0.46353809687499997 0.47897755000000003 0.4529809703125 0.4779274 0.5426084703125