9 0.3178923765625 0.3629071171875 0.24747982031250002 0.3629071171875 0.24747982031250002 0.506827503125 0.3178923765625 0.506827503125 0.3178923765625 0.3629071171875
3 0.426242153125 0.38768395624999996 0.3166726453125 0.38768395624999996 0.3166726453125 0.48592279843749997 0.426242153125 0.48592279843749997 0.426242153125 0.38768395624999996
7 0.6047533625 0.179481303125 0.442152465625 0.179481303125 0.442152465625 0.50566948125 0.6047533625 0.50566948125 0.6047533625 0.179481303125
1 0.4456681609375 0.081158021875 0.3109327359375 0.081158021875 0.3109327359375 0.31042219531250004 0.4456681609375 0.31042219531250004 0.4456681609375 0.081158021875
1 0.24921973125000002 0.0801085640625 0.103192825 0.0801085640625 0.103192825 0.31509047031250004 0.24921973125000002 0.31509047031250004 0.24921973125000002 0.0801085640625
2 0.25008968593750003 0.3044511453125 0.1040627796875 0.3044511453125 0.1040627796875 0.6155488546875 0.25008968593750003 0.6155488546875 0.25008968593750003 0.3044511453125
10 0.31528251093750004 0.5406151984374999 0.24400896875 0.5406151984374999 0.24400896875 0.6962243671875 0.31528251093750004 0.6962243671875 0.31528251093750004 0.5406151984374999
0 0.60560538125 0.10933655 0.4361076234375 0.10933655 0.4361076234375 0.191170084375 0.60560538125 0.191170084375 0.60560538125 0.10933655
9 0.3152466375 0.09763570625 0.24484305 0.09763570625 0.24484305 0.23910735781249998 0.3152466375 0.23910735781249998 0.3152466375 0.09763570625
6 0.44826905781250004 0.49501809375 0.31354260156249997 0.49501809375 0.31354260156249997 0.6950542828125 0.44826905781250004 0.6950542828125 0.44826905781250004 0.49501809375
5 0.5334618828125001 0.498528346875 0.4439282515625 0.498528346875 0.4439282515625 0.582870928125 0.5334618828125001 0.582870928125 0.5334618828125001 0.498528346875