9 0.9839599 0.428099878125 0.8403508765625001 0.428099878125 0.8403508765625001 0.6361753953125 0.9839599 0.6361753953125 0.9839599 0.428099878125
9 0.8426065156250001 0.5755663828124999 0.6158521296874999 0.5755663828124999 0.6158521296874999 0.727088915625 0.8426065156250001 0.727088915625 0.8426065156250001 0.5755663828124999
9 0.42068922343750004 0.4705237515625 0.2188721796875 0.4705237515625 0.2188721796875 0.6058708890625 0.42068922343750004 0.6058708890625 0.42068922343750004 0.4705237515625
6 0.23571428593750002 0.11900121875 0.00293233125 0.11900121875 0.00293233125 0.4705237515625 0.23571428593750002 0.4705237515625 0.23571428593750002 0.11900121875
0 0.8218295734375 0.0038489640625000003 0.66989975 0.0038489640625000003 0.66989975 0.296784409375 0.8218295734375 0.296784409375 0.8218295734375 0.0038489640625000003
3 0.4066416046875 0.256479903125 0.25665413593749997 0.256479903125 0.25665413593749997 0.45472594375000003 0.4066416046875 0.45472594375000003 0.4066416046875 0.256479903125
10 0.177518796875 0.46647990312500004 0.0047994984375 0.46647990312500004 0.0047994984375 0.6139585875 0.177518796875 0.6139585875 0.177518796875 0.46647990312500004
2 0.93197995 0.696784409375 0.8384586468749999 0.696784409375 0.836378446875 0.5735566375000001 0.6077443609375 0.5735566375000001 0.5288220546875 0.57953715 0.5266917296875 1 0.93197995 0.9977953718749999 0.93197995 0.696784409375
5 0.1193233078125 0 0.1193233078125 0.1392082828125 0.22324561406250001 0.1392082828125 0.22324561406250001 0 0.1193233078125 0
1 0.85087719375 0.2866869671875 0.5140350875 0.2866869671875 0.5140350875 0.5817295984374999 0.85087719375 0.5817295984374999 0.85087719375 0.2866869671875
1 0.5266917296875 0.6018392203125 0.23966165468749998 0.6018392203125 0.23966165468749998 0.9028501828125 0.5266917296875 0.9028501828125 0.5266917296875 0.6018392203125
7 0.6846491234375 0.0038489640625000003 0.22116541406249998 0.0038489640625000003 0.22116541406249998 0.2078928140625 0.6846491234375 0.2078928140625 0.6846491234375 0.0038489640625000003