9 0.5050835546875 0.8445948109374999 0.5321509734375 0.9888356078125 0.740008915625 0.9545468406250001 0.7129414984375 0.81030604375 0.5050835546875 0.8445948109374999
9 0.6100823531249999 0.5948074265625001 0.6528210015625 0.8225593671875 0.8041850984375 0.7975899671875 0.7614464484375 0.5698380265625 0.6100823531249999 0.5948074265625001
9 0.430326809375 0.213391028125 0.4683652703125 0.4160959203125 0.60357088125 0.3937920640625 0.5655324203125 0.19108717343749998 0.430326809375 0.213391028125
6 0.43350120781249996 0.23030722812499999 0.39190808125 0.008659720312499999 0.0407531140625 0.066587121875 0.0823462421875 0.2882346296875 0.43350120781249996 0.23030722812499999
0 0.341778778125 0.6950333 0.053821971875 0.7425353734375 0.0824576953125 0.89513358125 0.3704145 0.8476315046874999 0.341778778125 0.6950333
3 0.22362791406250002 0.2866114859375 0.251897540625 0.43725879062499995 0.4499362859375 0.40458982343749994 0.42166665937500003 0.25394251875 0.22362791406250002 0.2866114859375
10 0.4444031640625 0 0.3878684609375 0.00932610625 0.41849290625 0.1725221078125 0.5658173796875 0.14821909375 0.5380034171875 0 0.4444031640625 0
2 1 0.43825158125 0.597645546875 0.5067401406250001 0.606546559375 0.5869951734375001 0.6496394953125 0.8166350828125 0.7731304890625 0.7984177296875 0.790757378125 0.892350459375 1 0.8578332718749999 1 0.43825158125
5 0.0083661921875 0.2875273625 0.1001820828125 0.2723811828125 0.08059481406249999 0.16800169375000001 0.0052499984375 0.1804307640625 0.0083661921875 0.2875273625
1 0.302314534375 0.540146903125 0.36580250937500003 0.8784708703125 0.6605366312500001 0.8298507921875 0.5970486546875 0.4915268265625 0.302314534375 0.540146903125
1 0.5654233671875 0.21263248437499999 0.6195227734375 0.5009252828124999 0.9202189859375001 0.45132168281249996 0.866119578125 0.1630288859375 0.5654233671875 0.21263248437499999
7 0.16840271874999999 0.25897330625000003 0.008303815624999999 0.285383621875 0.0156935078125 0.53935085625 0.0566019328125 0.7573496359375 0.25576009375000003 0.7244960078125 0.16840271874999999 0.25897330625000003