9 0.016040099999999998 0.6361753953125 0.15964912343749998 0.6361753953125 0.15964912343749998 0.428099878125 0.016040099999999998 0.428099878125 0.016040099999999998 0.6361753953125
9 0.157393484375 0.727088915625 0.3841478703125 0.727088915625 0.3841478703125 0.5755663828124999 0.157393484375 0.5755663828124999 0.157393484375 0.727088915625
9 0.5793107765625 0.6058708890625 0.7811278203125 0.6058708890625 0.7811278203125 0.4705237515625 0.5793107765625 0.4705237515625 0.5793107765625 0.6058708890625
6 0.7642857140625 0.4705237515625 0.99706766875 0.4705237515625 0.99706766875 0.11900121875 0.7642857140625 0.11900121875 0.7642857140625 0.4705237515625
0 0.17817042656249998 0.296784409375 0.33010025 0.296784409375 0.33010025 0.0038489640625000003 0.17817042656249998 0.0038489640625000003 0.17817042656249998 0.296784409375
3 0.5933583953125 0.45472594375000003 0.7433458640625 0.45472594375000003 0.7433458640625 0.256479903125 0.5933583953125 0.256479903125 0.5933583953125 0.45472594375000003
10 0.822481203125 0.6139585875 0.9952005015625 0.6139585875 0.9952005015625 0.46647990312500004 0.822481203125 0.46647990312500004 0.822481203125 0.6139585875
2 0.06802005 0.9977953718749999 0.47330827031249995 1 0.47117794531249996 0.57953715 0.3922556390625 0.5735566375000001 0.16362155312499999 0.5735566375000001 0.161541353125 0.696784409375 0.06802005 0.696784409375 0.06802005 0.9977953718749999
5 0.7767543859375 0 0.7767543859375 0.1392082828125 0.8806766921875001 0.1392082828125 0.8806766921875001 0 0.7767543859375 0
1 0.14912280625000002 0.5817295984374999 0.48596491249999996 0.5817295984374999 0.48596491249999996 0.2866869671875 0.14912280625000002 0.2866869671875 0.14912280625000002 0.5817295984374999
1 0.47330827031249995 0.9028501828125 0.7603383453125 0.9028501828125 0.7603383453125 0.6018392203125 0.47330827031249995 0.6018392203125 0.47330827031249995 0.9028501828125
7 0.3153508765625 0.2078928140625 0.7788345859375 0.2078928140625 0.7788345859375 0.0038489640625000003 0.3153508765625 0.0038489640625000003 0.3153508765625 0.2078928140625