9 0.4698358609375 0.8396441578125 0.494824425 0.9859406546875 0.5024578125 0.9857185453125 0.70929446875 0.94686890625 0.6841053796875001 0.799398421875 0.4698358609375 0.8396441578125
9 0.58231496875 0.5805861218749999 0.62208779375 0.813437640625 0.7781208546875 0.7841303203125001 0.7383480312499999 0.5512788015625001 0.58231496875 0.5805861218749999
9 0.404514959375 0.1932491203125 0.43991376249999997 0.40049276406249995 0.5792899203124999 0.37431407031249997 0.5438911156249999 0.16707042656249999 0.404514959375 0.1932491203125
6 0.40746907187500003 0.21054408906250002 0.3720592796875 0.0032361046875 0.0100726109375 0.0712272015625 0.045482403125 0.2785351875 0.40746907187500003 0.21054408906250002
0 0.30471418125 0.6900087109374999 0.040486490624999996 0.739637971875 0.0671350515625 0.89565299375 0.33136274375 0.8460237328125 0.30471418125 0.6900087109374999
3 0.19072641875000002 0.27344710625 0.21703428906250002 0.427467546875 0.421181725 0.38912301718750003 0.3948738546875 0.23510257812500002 0.19072641875000002 0.27344710625
10 0.38928838906249996 0 0.367895053125 0.004018259375 0.3930973296875 0.1515659546875 0.544966165625 0.1230407921875 0.5239498546875 0 0.38928838906249996 0
2 1 0.4076576703125 0.5711388234375 0.49044789843750003 0.57882329375 0.5726490671875 0.6189258171875001 0.807430828125 0.7461867062499999 0.7857323843749999 0.7625903859375 0.8817683546874999 1 0.8371762687500001 1 0.4076576703125
5 0.0031797390625 0.2732660765625 0.06410398125 0.26182282031250004 0.0458759625 0.1551061765625 0.0019009343750000002 0.1633659015625 0.0031797390625 0.2732660765625
1 0.2669774265625 0.531906084375 0.3260596859375 0.877805440625 0.6298851562500001 0.8207386234375 0.570802896875 0.4748392671875 0.2669774265625 0.531906084375
1 0.5433859156249999 0.189198703125 0.5937311234375 0.48394665000000003 0.9037025906249999 0.42572544375000004 0.8533573828125001 0.130977496875 0.5433859156249999 0.189198703125
7 0.134468246875 0.24640179999999998 0.0031541406250000003 0.2710662171875 0.0062759156250000005 0.539350853125 0.043073537499999995 0.7547839375 0.2157635046875 0.722347990625 0.134468246875 0.24640179999999998