0 0.774956896875 0.2324042875 0.6122155171875 0.2324042875 0.6122155171875 0.2911791734375 0.774956896875 0.2911791734375 0.774956896875 0.2324042875
0 0.7772241375 0.783905053125 0.6156293109375001 0.783905053125 0.6156293109375001 0.9134150078125 0.7772241375 0.9134150078125 0.7772241375 0.783905053125
0 0.3268793109375 0.7818989281250001 0.23465517187499998 0.7818989281250001 0.23465517187499998 0.8447166921875 0.3268793109375 0.8447166921875 0.3268793109375 0.7818989281250001
0 0.4747241375 0.7919908109375 0.3153965515625 0.7919908109375 0.3153965515625 0.9134150078125 0.4747241375 0.9134150078125 0.4747241375 0.7919908109375
9 0.32233620625000003 0.57580398125 0.23465517187499998 0.57580398125 0.23465517187499998 0.7861408875 0.32233620625000003 0.7861408875 0.32233620625000003 0.57580398125
9 0.774956896875 0.288958653125 0.6486034484375 0.288958653125 0.6486034484375 0.4447166921875 0.774956896875 0.4447166921875 0.774956896875 0.288958653125
9 0.657818965625 0.2869372125 0.57013793125 0.2869372125 0.57013793125 0.49525267968750003 0.657818965625 0.49525267968750003 0.657818965625 0.2869372125
1 0.32181034531249997 0.2152526796875 0.1647413796875 0.2152526796875 0.1647413796875 0.58713629375 0.32181034531249997 0.58713629375 0.32181034531249997 0.2152526796875
1 0.6225603453125 0.583905053125 0.4689224140625 0.583905053125 0.4689224140625 0.9134150078125 0.6225603453125 0.9134150078125 0.6225603453125 0.583905053125
2 0.7738189656250001 0.2891577328125 0.6509913796875 0.2871516078125 0.653267240625 0.4447166921875 0.6532758624999999 0.499234303125 0.6157758624999999 0.4972434921875 0.618017240625 0.7921898921875 0.7738189656250001 0.7921898921875 0.7738189656250001 0.2891577328125
5 0.43264655156250004 0.0710566609375 0.361 0.0710566609375 0.361 0.29522205156250003 0.43264655156250004 0.29522205156250003 0.43264655156250004 0.0710566609375
6 0.618017240625 0.0707503828125 0.42570689687499996 0.0707503828125 0.42570689687499996 0.2932006125 0.618017240625 0.2932006125 0.618017240625 0.0707503828125
7 0.47061206875000006 0.2206738125 0.3188793109375 0.2206738125 0.3188793109375 0.7903981625000001 0.47061206875000006 0.7903981625000001 0.47061206875000006 0.2206738125