0 0.2324438984375 0.6239199875 0.256773984375 0.8042924250000001 0.3219597453125 0.794763590625 0.29762965937499997 0.6143911531249999 0.2324438984375 0.6239199875
0 0.980058678125 0.5184921359375 0.8446100187500001 0.538291978125 0.8687686937500001 0.71739365 0.9725723546875 0.7022196625 0.980058678125 0.5184921359375
0 0.7854288578124999 0.11636914375 0.7992165078125 0.2185846515625 0.8688861234375 0.2084003703125 0.8550984734375 0.10618486093749999 0.7854288578124999 0.11636914375
0 0.8325121921875 0.3808105390625 0.9647010328125001 0.361487215625 0.9408813140625 0.1848984125 0.8086924734375 0.20422173593749998 0.8325121921875 0.3808105390625
9 0.5568540890625 0.14978213125 0.5699625375 0.24696234375 0.803241959375 0.2128616328125 0.790133509375 0.11568142031249999 0.5568540890625 0.14978213125
9 0.30060698750000003 0.6550812765625 0.3194970203125 0.795123590625 0.49224438125000003 0.7698714375 0.473354346875 0.6298291218750001 0.30060698750000003 0.6550812765625
9 0.28663434374999996 0.56844269375 0.29974279375 0.66562290625 0.5307802828125 0.6318499203125 0.517671834375 0.5346697078125 0.28663434374999996 0.56844269375
1 0.146523409375 0.1307481328125 0.170005459375 0.3048336203125 0.58245230625 0.24454227031250003 0.5589702546875001 0.0704567828125 0.146523409375 0.1307481328125
1 0.6238312046875001 0.57839875625 0.9797375781250001 0.526372475 0.98140900625 0.48535269531249997 0.9638336671875001 0.3550569453125 0.6008620984374999 0.40811601406250003 0.6238312046875001 0.57839875625
2 0.8774481249999999 0.7122763953125 0.8541555265625 0.539595440625 0.5267027359374999 0.5849291953125 0.5345170015625 0.6261691078125 0.47405159062499996 0.6349981796875 0.2989598375 0.6580208765625 0.3195476953125 0.7938301046875 0.8774481249999999 0.7122763953125
5 0.0159401640625 0.3716466703125 0.026651434374999998 0.451055259375 0.2752676796875 0.41471261562499995 0.2645564109375 0.335304025 0.0159401640625 0.3716466703125
6 0.02527425625 0.4434134328125 0.0540249484375 0.656558275 0.3007389546875 0.6204937 0.2719882640625 0.40734885624999995 0.02527425625 0.4434134328125
7 0.175579709375 0.3007061453125 0.1982639890625 0.4688773125 0.8301310640624999 0.37651118437500003 0.807446784375 0.2083400171875 0.175579709375 0.3007061453125