0 0.31347519375 0.67912499375 0.1524453859375 0.644385571875 0.136131890625 0.703421771875 0.2971616984375 0.73816119375 0.31347519375 0.67912499375
0 0.48280443125000005 0.0533939546875 0.3229091171875 0.0188992796875 0.28696246875 0.1489850390625 0.44685778281250005 0.18347971406250002 0.48280443125000005 0.0533939546875
0 0.840703984375 0.2037219609375 0.7494497796874999 0.184035428125 0.7320141453125 0.24713248437500002 0.82326835 0.266819015625 0.840703984375 0.2037219609375
0 0.77987960625 0.117482834375 0.6222276859375 0.0834721328125 0.5885253125000001 0.20543618593750002 0.7461772328125 0.2394468859375 0.77987960625 0.117482834375
9 0.8244457453124999 0.26255819375 0.7376868640625001 0.243841453125 0.6793059718750001 0.45511352499999996 0.7660648546875 0.47383026875 0.8244457453124999 0.26255819375
9 0.320085671875 0.5171373296875 0.19506110000000002 0.49016541875 0.15182906093749998 0.6466159640625 0.27685363281250003 0.6735878750000001 0.320085671875 0.5171373296875
9 0.41175267499999996 0.48312621875 0.3249937921875 0.4644094765625 0.26717396875 0.673651121875 0.3539328515625 0.6923678625 0.41175267499999996 0.48312621875
1 0.838388740625 0.4773716484375 0.6829716875 0.44384308125 0.5797520609375 0.8173801046875001 0.7351691140625001 0.8509086703125 0.838388740625 0.4773716484375
1 0.62796839375 0.0847105921875 0.47594629218750006 0.051914426562500005 0.3844878546875 0.3828893953125 0.53650995625 0.41568555937499996 0.62796839375 0.0847105921875
2 0.3305942515625 0.4613799375 0.367147290625 0.4713845 0.44679450000000004 0.17464830468749998 0.29263136093750003 0.141390246875 0.15301028125 0.64665890625 0.27398925625000004 0.6748932171875001 0.3154709296875 0.516141778125 0.3305942515625 0.4613799375
5 0.563170784375 0.7286896046875 0.49227774843749994 0.713395646875 0.4300586359375 0.9385576859375 0.500951671875 0.95385164375 0.563170784375 0.7286896046875
6 0.49858335 0.716907440625 0.30829555625 0.675856109375 0.246552503125 0.8992953609375001 0.4368402953125 0.9403466921874999 0.49858335 0.716907440625
7 0.7422890484375 0.2403031734375 0.59215208125 0.20791369375 0.4340199875 0.780171059375 0.584156953125 0.8125605374999999 0.7422890484375 0.2403031734375