0 0.702370340625 0.6143911531249999 0.6780402546875 0.794763590625 0.743226015625 0.8042924250000001 0.7675561015625 0.6239199875 0.702370340625 0.6143911531249999
0 0.0274276453125 0.7022196625 0.13123130624999998 0.71739365 0.15538998125 0.538291978125 0.019941321875 0.5184921359375 0.0274276453125 0.7022196625
0 0.1449015265625 0.10618486093749999 0.1311138765625 0.2084003703125 0.20078349218749997 0.2185846515625 0.2145711421875 0.11636914375 0.1449015265625 0.10618486093749999
0 0.1913075265625 0.20422173593749998 0.059118685937500005 0.1848984125 0.0352989671875 0.361487215625 0.1674878078125 0.3808105390625 0.1913075265625 0.20422173593749998
9 0.20986649062499999 0.11568142031249999 0.196758040625 0.2128616328125 0.43003746249999997 0.24696234375 0.4431459109375 0.14978213125 0.20986649062499999 0.11568142031249999
9 0.526645653125 0.6298291218750001 0.50775561875 0.7698714375 0.6805029796875 0.795123590625 0.6993930125000001 0.6550812765625 0.526645653125 0.6298291218750001
9 0.48232816562499997 0.5346697078125 0.4692197171875 0.6318499203125 0.70025720625 0.66562290625 0.7133656562499999 0.56844269375 0.48232816562499997 0.5346697078125
1 0.44102974531249994 0.0704567828125 0.41754769375 0.24454227031250003 0.829994540625 0.3048336203125 0.8534765906249999 0.1307481328125 0.44102974531249994 0.0704567828125
1 0.3991379015625 0.40811601406250003 0.0361663328125 0.3550569453125 0.01859099375 0.48535269531249997 0.020262421875 0.526372475 0.3761687953125 0.57839875625 0.3991379015625 0.40811601406250003
2 0.6804523046875001 0.7938301046875 0.7010401625 0.6580208765625 0.525948409375 0.6349981796875 0.46548299843749996 0.6261691078125 0.47329726406250006 0.5849291953125 0.1458444734375 0.539595440625 0.122551875 0.7122763953125 0.6804523046875001 0.7938301046875
5 0.7354435890625 0.335304025 0.7247323203125 0.41471261562499995 0.973348565625 0.451055259375 0.9840598359375001 0.3716466703125 0.7354435890625 0.335304025
6 0.7280117359375 0.40734885624999995 0.6992610453125 0.6204937 0.9459750515625001 0.656558275 0.97472574375 0.4434134328125 0.7280117359375 0.40734885624999995
7 0.192553215625 0.2083400171875 0.16986893593750002 0.37651118437500003 0.8017360109375 0.4688773125 0.8244202906250001 0.3007061453125 0.192553215625 0.2083400171875