3 0.5240716609375 0.5897813578125 0.727687296875 0.5897813578125 0.727687296875 0.4845109328125 0.5240716609375 0.4845109328125 0.5240716609375 0.5897813578125
2 0.6012052125 0.8593785953124999 0.908566775 0.8593785953124999 0.903745928125 0.4688147296875 0.74416938125 0.468803221875 0.74179153125 0.627054084375 0.6035993484375 0.6236939015625 0.6012052125 0.8593785953124999
9 0.2866938109375 0.5539930953125001 0.503762215625 0.5539930953125001 0.503762215625 0.44439585781249996 0.2866938109375 0.44439585781249996 0.2866938109375 0.5539930953125001
5 0.41535830625000003 0.8620713468750001 0.6181270359375 0.8620713468750001 0.6181270359375 0.7810932109375 0.41535830625000003 0.7810932109375 0.41535830625000003 0.8620713468750001
1 0.6012052125 0.8576985046875001 0.8969055375 0.8576985046875001 0.8969055375 0.6235212890625 0.6012052125 0.6235212890625 0.6012052125 0.8576985046875001
1 0.2866938109375 0.4469159953125 0.5990716609375 0.4469159953125 0.5990716609375 0.22789413125000002 0.2866938109375 0.22789413125000002 0.2866938109375 0.4469159953125
6 0.606026059375 0.47157652499999997 0.8990228015625 0.47157652499999997 0.8990228015625 0.2964211734375 0.606026059375 0.2964211734375 0.606026059375 0.47157652499999997
0 0.2866938109375 0.2358112765625 0.6014495109375 0.2358112765625 0.6014495109375 0.1582048328125 0.2866938109375 0.1582048328125 0.2866938109375 0.2358112765625
10 0.5988273609375 0.2964211734375 0.906188925 0.2964211734375 0.906188925 0.22402761718750003 0.5988273609375 0.22402761718750003 0.5988273609375 0.2964211734375
9 0.74416938125 0.61964326875 0.9040390875 0.61964326875 0.9040390875 0.46964326874999995 0.74416938125 0.46964326874999995 0.74416938125 0.61964326875
7 0.3003257328125 0.7760644421875 0.5982736156249999 0.774039125 0.5926547234374999 0.6230840046874999 0.4942671015625 0.6191139234375 0.4942671015625 0.55754890625 0.300293159375 0.5555581125 0.3003257328125 0.7760644421875