3 0.4759283390625 0.4845109328125 0.272312703125 0.4845109328125 0.272312703125 0.5897813578125 0.4759283390625 0.5897813578125 0.4759283390625 0.4845109328125
2 0.3964006515625 0.6236939015625 0.25820846875000003 0.627054084375 0.25583061875 0.468803221875 0.096254071875 0.4688147296875 0.09143322499999999 0.8593785953124999 0.3987947875 0.8593785953124999 0.3964006515625 0.6236939015625
9 0.7133061890625 0.44439585781249996 0.496237784375 0.44439585781249996 0.496237784375 0.5539930953125001 0.7133061890625 0.5539930953125001 0.7133061890625 0.44439585781249996
5 0.58464169375 0.7810932109375 0.3818729640625 0.7810932109375 0.3818729640625 0.8620713468750001 0.58464169375 0.8620713468750001 0.58464169375 0.7810932109375
1 0.3987947875 0.6235212890625 0.10309446250000001 0.6235212890625 0.10309446250000001 0.8576985046875001 0.3987947875 0.8576985046875001 0.3987947875 0.6235212890625
1 0.7133061890625 0.22789413125000002 0.40092833906249997 0.22789413125000002 0.40092833906249997 0.4469159953125 0.7133061890625 0.4469159953125 0.7133061890625 0.22789413125000002
6 0.393973940625 0.2964211734375 0.1009771984375 0.2964211734375 0.1009771984375 0.47157652499999997 0.393973940625 0.47157652499999997 0.393973940625 0.2964211734375
0 0.7133061890625 0.1582048328125 0.3985504890625 0.1582048328125 0.3985504890625 0.2358112765625 0.7133061890625 0.2358112765625 0.7133061890625 0.1582048328125
10 0.4011726390625 0.22402761718750003 0.093811075 0.22402761718750003 0.093811075 0.2964211734375 0.4011726390625 0.2964211734375 0.4011726390625 0.22402761718750003
9 0.25583061875 0.46964326874999995 0.0959609125 0.46964326874999995 0.0959609125 0.61964326875 0.25583061875 0.61964326875 0.25583061875 0.46964326874999995
7 0.699706840625 0.5555581125 0.5057328984375 0.55754890625 0.5057328984375 0.6191139234375 0.4073452765625 0.6230840046874999 0.401726384375 0.774039125 0.6996742671875 0.7760644421875 0.699706840625 0.5555581125