3 0.5078488171875 0.6973828890625 0.52712649375 0.4770380484375 0.4130553 0.4670581125 0.3937776234375 0.687402953125 0.5078488171875 0.6973828890625
2 0.50818858125 0.889394665625 0.523309246875 0.7167082875 0.35205349531249996 0.6991324390625 0.36877818906250004 0.5499048453125 0.1136165625 0.5249704234375 0.0845165546875 0.85758503125 0.50818858125 0.889394665625
9 0.5725180828124999 0.45886298593749997 0.5930694234375 0.22396009062500002 0.4743096890625 0.2135699609375 0.4537583484375 0.44847285625 0.5725180828124999 0.45886298593749997
5 0.19684462187500001 0.550704234375 0.2160421140625 0.33127588281250003 0.12829408281250002 0.323598925 0.10909659062499999 0.5430272765625 0.19684462187500001 0.550704234375
1 0.34119594375 0.8673256421875 0.3691919015625 0.54733036875 0.11543711406249998 0.5251297 0.0874411546875 0.8451249750000001 0.34119594375 0.8673256421875
1 0.7980960921875 0.5825281046875 0.8276710265625 0.24448507187500002 0.5903385984375 0.22372117500000002 0.560763665625 0.5617642078125 0.7980960921875 0.5825281046875
6 0.6954416718750001 0.9006268828125 0.7231816640625001 0.583557321875 0.5333830578125001 0.5669520968749999 0.5056430656249999 0.8840216578125 0.6954416718750001 0.9006268828125
0 0.8733863953125001 0.591708065625 0.9031864546874999 0.251091815625 0.8190919937500001 0.243734503125 0.7892919328125 0.5843507546875 0.8733863953125001 0.591708065625
10 0.7732089734375001 0.9152448968750001 0.80230898125 0.5826302906249999 0.7238632125 0.575767175 0.69476320625 0.9083817812499999 0.7732089734375001 0.9152448968750001
9 0.50726301875 0.8896333640625 0.5223989703125 0.71662865 0.3598587421875 0.7024082218750001 0.344722790625 0.8754129359375 0.50726301875 0.8896333640625
7 0.370475275 0.538118821875 0.3840922859375 0.432023978125 0.4508042328125 0.43786051718749996 0.4713262921875 0.2281382734375 0.2323822109375 0.20726889375000002 0.206368096875 0.529888390625 0.370475275 0.538118821875