3 0.5167467453125 0.2792481296875 0.501813603125 0.4922805171875 0.6120275640624999 0.503836184375 0.62696070625 0.290803796875 0.5167467453125 0.2792481296875
2 0.5132255578125 0.0933241984375 0.5015101890625 0.26027953125000003 0.6670181734375 0.280138746875 0.6533652015625 0.42435314843749994 0.89994214375 0.4527294140625 0.9224839953125 0.13115308750000002 0.5132255578125 0.0933241984375
9 0.45832521875000004 0.5091257453125 0.44240545468750003 0.7362330640625 0.557149415625 0.748263690625 0.57306918125 0.5211563734375 0.45832521875000004 0.5091257453125
5 0.81922149375 0.42643150781249994 0.8043504640625001 0.638577825 0.8891313609375 0.6474668968749999 0.9040023906249999 0.4353205796875 0.81922149375 0.42643150781249994
1 0.6746955171875 0.117463275 0.6530088984375 0.4268390609375 0.8981831546875 0.45254498749999994 0.9198697734374999 0.1431692046875 0.6746955171875 0.117463275
1 0.2386464796875 0.385642790625 0.215736734375 0.7124673953125 0.4450439390625 0.7365097015625001 0.467953684375 0.409685096875 0.2386464796875 0.385642790625
6 0.33238995 0.0793419015625 0.3109016109375 0.38588906875 0.494282315625 0.4051160921875 0.5157706531249999 0.098568925 0.33238995 0.0793419015625
0 0.165858940625 0.3755050875 0.142774803125 0.7048175140625 0.2240256734375 0.713336471875 0.247109809375 0.3840240453125 0.165858940625 0.3755050875
10 0.2571223296875 0.0638976296875 0.234580478125 0.3854739578125 0.310373659375 0.3934206890625 0.3329155109375 0.07184436250000001 0.2571223296875 0.0638976296875
9 0.5141145046875 0.09310843125 0.5023896828125001 0.26037174375 0.6594337343750001 0.2768374328125 0.67115855625 0.1095741203125 0.5141145046875 0.09310843125
7 0.6519239859375 0.43573698906249997 0.6405517359374999 0.538239009375 0.5760956046875 0.5314809390625 0.5597853015625 0.734207196875 0.7906490703125 0.7583783734375 0.8103801 0.44642876875 0.6519239859375 0.43573698906249997