9 0.4830183359375 0.3806214046875 0.3745133984375 0.3806214046875 0.3745133984375 0.46899885 0.4830183359375 0.46899885 0.4830183359375 0.3806214046875
2 0.33170662968750003 0.390437284375 0.37644569843750003 0.3932105875 0.37812411875 0.47461450000000005 0.486459803125 0.47882623750000003 0.4881805359375 0.18 0.33170662968750003 0.18280782499999998 0.33170662968750003 0.390437284375
2 0.36784203125000003 0.6963176062499999 0.36953455625 0.76075949375 0.41424541562500006 0.7608055234375 0.41252468281250004 0.8309551203125001 0.6910860359375001 0.8281472953125 0.689365303125 0.6934637515625 0.36784203125000003 0.6963176062499999
7 0.692228490625 0.5828538546875001 0.48684062031249997 0.5828538546875001 0.48684062031249997 0.6991944765625 0.692228490625 0.6991944765625 0.692228490625 0.5828538546875001
10 0.3815655859375 0.4675949359375 0.23867418906250001 0.4675949359375 0.23867418906250001 0.5573878015625 0.3815655859375 0.5573878015625 0.3815655859375 0.4675949359375
0 0.44691114218749994 0.11827387812500001 0.3315373765625 0.11827387812500001 0.3315373765625 0.18140391250000001 0.44691114218749994 0.18140391250000001 0.44691114218749994 0.11827387812500001
6 0.48473906875 0.4675949359375 0.37984485156250003 0.4675949359375 0.37984485156250003 0.6415650171875 0.48473906875 0.6415650171875 0.48473906875 0.4675949359375
0 0.7684626234375 0.4661910234375 0.6909026796875 0.4661910234375 0.6909026796875 0.6794361328125 0.7684626234375 0.6794361328125 0.7684626234375 0.4661910234375
1 0.53638928125 0.3062140390625 0.53638928125 0.3582278484375 0.766741890625 0.35817031093749996 0.7684626234375 0.1477330265625 0.6188575453125 0.1435212890625 0.6205782796875 0.30345224375 0.53638928125 0.3062140390625
3 0.6524259515625 0.5009205984375 0.54296191875 0.5009205984375 0.54296191875 0.5702531640624999 0.6524259515625 0.5702531640624999 0.6524259515625 0.5009205984375
1 0.37984485156250003 0.5517721515625 0.2971368125 0.5517721515625 0.2971368125 0.6401611046875 0.37984485156250003 0.6401611046875 0.37984485156250003 0.5517721515625
5 0.48990126875 0.6317376296874999 0.3917066296875 0.6317376296874999 0.3917066296875 0.7018872265625 0.48990126875 0.7018872265625 0.48990126875 0.6317376296874999
9 0.6549647390625 0.3497583421875 0.53614950625 0.3497583421875 0.53614950625 0.41148446562499996 0.6549647390625 0.41148446562499996 0.6549647390625 0.3497583421875
9 0.656685471875 0.41148446562499996 0.5380394921875 0.41148446562499996 0.5380394921875 0.4675949359375 0.656685471875 0.4675949359375 0.656685471875 0.41148446562499996
9 0.48990126875 0.6963176062499999 0.36936530312500004 0.6963176062499999 0.36936530312500004 0.7594016109374999 0.48990126875 0.7594016109374999 0.48990126875 0.6963176062499999
9 0.3041889984375 0.5784349828125 0.23523272187500002 0.5784349828125 0.23523272187500002 0.6373532796875 0.3041889984375 0.6373532796875 0.3041889984375 0.5784349828125
1 0.4881805359375 0.18140391250000001 0.3351198875 0.18140391250000001 0.3351198875 0.390437284375 0.4881805359375 0.390437284375 0.4881805359375 0.18140391250000001
1 0.4812976015625 0.6934637515625 0.48473906875 0.7594016109374999 0.41086036718749996 0.7593785953125 0.41080395000000003 0.8253394703125 0.689365303125 0.8267433828125 0.6876445703125 0.6962715765625 0.4812976015625 0.6934637515625
1 0.6222990125 0.1421173765625 0.4761354015625 0.1421173765625 0.4761354015625 0.31047180625 0.6222990125 0.31047180625 0.6222990125 0.1421173765625