9 0.5169816640625 0.46899885 0.6254866015625 0.46899885 0.6254866015625 0.3806214046875 0.5169816640625 0.3806214046875 0.5169816640625 0.46899885
2 0.6682933703125 0.18280782499999998 0.5118194640625 0.18 0.513540196875 0.47882623750000003 0.62187588125 0.47461450000000005 0.6235543015625 0.3932105875 0.6682933703125 0.390437284375 0.6682933703125 0.18280782499999998
2 0.310634696875 0.6934637515625 0.3089139640625 0.8281472953125 0.5874753171875 0.8309551203125001 0.5857545843749999 0.7608055234375 0.63046544375 0.76075949375 0.63215796875 0.6963176062499999 0.310634696875 0.6934637515625
7 0.30777150937500003 0.6991944765625 0.5131593796875 0.6991944765625 0.5131593796875 0.5828538546875001 0.30777150937500003 0.5828538546875001 0.30777150937500003 0.6991944765625
10 0.6184344140625 0.5573878015625 0.7613258109375 0.5573878015625 0.7613258109375 0.4675949359375 0.6184344140625 0.4675949359375 0.6184344140625 0.5573878015625
0 0.5530888578125001 0.18140391250000001 0.6684626234375 0.18140391250000001 0.6684626234375 0.11827387812500001 0.5530888578125001 0.11827387812500001 0.5530888578125001 0.18140391250000001
6 0.51526093125 0.6415650171875 0.6201551484375 0.6415650171875 0.6201551484375 0.4675949359375 0.51526093125 0.4675949359375 0.51526093125 0.6415650171875
0 0.2315373765625 0.6794361328125 0.3090973203125 0.6794361328125 0.3090973203125 0.4661910234375 0.2315373765625 0.4661910234375 0.2315373765625 0.6794361328125
1 0.3794217203125 0.30345224375 0.3811424546875 0.1435212890625 0.2315373765625 0.1477330265625 0.233258109375 0.35817031093749996 0.46361071875000004 0.3582278484375 0.46361071875000004 0.3062140390625 0.3794217203125 0.30345224375
3 0.3475740484375 0.5702531640624999 0.45703808125 0.5702531640624999 0.45703808125 0.5009205984375 0.3475740484375 0.5009205984375 0.3475740484375 0.5702531640624999
1 0.6201551484375 0.6401611046875 0.7028631875 0.6401611046875 0.7028631875 0.5517721515625 0.6201551484375 0.5517721515625 0.6201551484375 0.6401611046875
5 0.51009873125 0.7018872265625 0.6082933703125 0.7018872265625 0.6082933703125 0.6317376296874999 0.51009873125 0.6317376296874999 0.51009873125 0.7018872265625
9 0.3450352609375 0.41148446562499996 0.46385049375 0.41148446562499996 0.46385049375 0.3497583421875 0.3450352609375 0.3497583421875 0.3450352609375 0.41148446562499996
9 0.34331452812499996 0.4675949359375 0.4619605078125 0.4675949359375 0.4619605078125 0.41148446562499996 0.34331452812499996 0.41148446562499996 0.34331452812499996 0.4675949359375
9 0.51009873125 0.7594016109374999 0.630634696875 0.7594016109374999 0.630634696875 0.6963176062499999 0.51009873125 0.6963176062499999 0.51009873125 0.7594016109374999
9 0.6958110015625001 0.6373532796875 0.764767278125 0.6373532796875 0.764767278125 0.5784349828125 0.6958110015625001 0.5784349828125 0.6958110015625001 0.6373532796875
1 0.5118194640625 0.390437284375 0.6648801125 0.390437284375 0.6648801125 0.18140391250000001 0.5118194640625 0.18140391250000001 0.5118194640625 0.390437284375
1 0.3123554296875 0.6962715765625 0.310634696875 0.8267433828125 0.58919605 0.8253394703125 0.5891396328125 0.7593785953125 0.51526093125 0.7594016109374999 0.5187023984375 0.6934637515625 0.3123554296875 0.6962715765625
1 0.37770098750000003 0.31047180625 0.5238645984375 0.31047180625 0.5238645984375 0.1421173765625 0.37770098750000003 0.1421173765625 0.37770098750000003 0.31047180625