9 0.5917759375 0.67080615 0.5799407515625 0.551615771875 0.4826819828125 0.5618307953125 0.49451717031250003 0.6810211749999999 0.5917759375 0.67080615
2 0.47149163437499997 0.5591863046875 0.48794334843750004 0.6777039546875 0.5777108640625 0.6701386703125001 0.58564278125 0.718963040625 0.8141375640625 0.6949643859375 0.80016015 0.5227565671875001 0.47149163437499997 0.5591863046875
2 0.092040715625 0.681102959375 0.169052171875 0.67110459375 0.1739796703125 0.720213209375 0.24508213125 0.7146239546875 0.2131525984375 0.3611075765625 0.0647466 0.3747846578125 0.092040715625 0.681102959375
7 0.356968421875 0.57079191875 0.3345657203125 0.34517768437499996 0.2065336734375 0.3586248046875 0.2289363734375 0.5842390390625 0.356968421875 0.57079191875
10 0.510878840625 0.83007540625 0.4952929484375 0.6731122265625 0.39647652187500004 0.6834908515625 0.4120624140625 0.84045403125 0.510878840625 0.83007540625
0 0.8851751875 0.6876912109375 0.872590784375 0.5609555671875001 0.803116615625 0.56825239375 0.815701021875 0.6949880359375 0.8851751875 0.6876912109375
6 0.49548063750000004 0.6750024156250001 0.484039290625 0.5597783359374999 0.292586421875 0.579886503125 0.30402776875000004 0.695110584375 0.49548063750000004 0.6750024156250001
0 0.46309697187500004 0.3331496953125 0.4546371140625 0.2479517359375 0.2199623453125 0.272599471875 0.228422203125 0.3577974328125 0.46309697187500004 0.3331496953125
1 0.8050979359375001 0.21114306875 0.57370085 0.2373564546875 0.5987632640625 0.49040057812500004 0.6560041 0.4843886109375 0.6498605140625 0.3915895546875 0.8260511125000001 0.37499427500000004 0.8050979359375001 0.21114306875
3 0.44101396875 0.49967368125 0.42907416875 0.3794297515625 0.352774159375 0.38744349218749996 0.364713959375 0.5076874203124999 0.44101396875 0.49967368125
1 0.4118655828125 0.77558499375 0.40284419531250004 0.6847319609375 0.3055727640625 0.6949483140625 0.31459415156250004 0.7858013484375 0.4118655828125 0.77558499375
5 0.313548915625 0.6809447843750001 0.3028383265625 0.573080046875 0.2256391796875 0.5811882234375 0.2363497703125 0.6890529578125 0.313548915625 0.6809447843750001
9 0.60811005 0.4896850234375 0.595150265625 0.3591690015625 0.5272210953124999 0.36630355937500003 0.5401808796875 0.49681958125000003 0.60811005 0.4896850234375
9 0.539974728125 0.49474347031250004 0.5270334078125 0.36441336875 0.4652842203125 0.3708988453125 0.4782255421875 0.501228946875 0.539974728125 0.49474347031250004
9 0.2449159796875 0.7129506734375 0.23176850781249997 0.5805444640624999 0.1623449984375 0.58783596875 0.17549247031249998 0.720242178125 0.2449159796875 0.7129506734375
9 0.38927551562499996 0.8466671265624999 0.381754103125 0.770920115625 0.31691492656250003 0.77773013125 0.32443633906249997 0.8534771421875 0.38927551562499996 0.8466671265624999
1 0.8153102578125001 0.6910527234375 0.798615153125 0.5229188359375 0.5685753765625 0.5470797625 0.5852704796875 0.7152136484375 0.8153102578125001 0.6910527234375
1 0.0984083875 0.6823440671875 0.1709917203125 0.67465806875 0.162908065625 0.5935065359375 0.235847603125 0.589665546875 0.21025029375 0.3633223046875 0.0664792859375 0.37651257656250003 0.0984083875 0.6823440671875
1 0.8431635390625001 0.531609265625 0.8272207312500001 0.371051625 0.6419478453125 0.39051071406250004 0.6578906531250001 0.551068353125 0.8431635390625001 0.531609265625