9 0.6370287390625 0.3687519796875 0.5249029609375 0.37201384375 0.5264948203125 0.46319282968750003 0.638620596875 0.459930965625 0.6370287390625 0.3687519796875
2 0.523115521875 0.47343520000000006 0.6349905359375 0.4658331765625 0.6352587140625 0.38179832343750003 0.6814407859375 0.3775921671875 0.6777009546875 0.1633809109375 0.5159548953125 0.1651879828125 0.523115521875 0.47343520000000006
2 0.6058604375 0.8345038453125 0.6028187453125 0.762182253125 0.6490207906250001 0.7607906703125 0.6496090671875 0.6942551124999999 0.3173050671875 0.700976390625 0.3179528390625 0.8399810953125 0.6058604375 0.8345038453125
7 0.5245957453125001 0.5807719140625001 0.3123540234375 0.5869462624999999 0.31444955625 0.7069748515625001 0.526691278125 0.7008005015625 0.5245957453125001 0.5807719140625001
10 0.7789675140625001 0.454398965625 0.631307790625 0.45869455156249994 0.63292514375 0.5513338265625001 0.7805848671875 0.547038240625 0.7789675140625001 0.454398965625
0 0.6767134687499999 0.0967961671875 0.5574896468749999 0.1002645203125 0.5586267484375 0.1653957609375 0.67785056875 0.16192740781249998 0.6767134687499999 0.0967961671875
6 0.6330859453125 0.4586428234375 0.524691378125 0.4617961421875 0.527824934375 0.641281028125 0.6362195015625 0.6381277078125 0.6330859453125 0.4586428234375
0 0.311622740625 0.46654539531249994 0.2314746 0.46887699375 0.23531558125 0.688881915625 0.31546372031250003 0.6865503171875 0.311622740625 0.46654539531249994
1 0.22573852187500001 0.1403239625 0.23130708125 0.357380325 0.469347659375 0.35051485 0.46841078437499994 0.2968522171875 0.3813626296875 0.2965337546875 0.3802601 0.1314813046875 0.22573852187500001 0.1403239625
3 0.465125878125 0.497928509375 0.3520089984375 0.5012192062499999 0.35325781875 0.5727495953124999 0.4663747 0.5694588984375 0.465125878125 0.497928509375
1 0.7200701796875 0.5430020734375 0.6346021484375 0.5454884343749999 0.6361942140625 0.6366792921875 0.7216622453125 0.6341929328125 0.7200701796875 0.5430020734375
5 0.6237848828125 0.6283453828125001 0.5223134578125 0.6312973000000001 0.5235769953125 0.70367061875 0.6250484203125 0.700718703125 0.6237848828125 0.6283453828125001
9 0.46944288125 0.34176965625 0.34666275 0.34534146718750003 0.34777456406249996 0.409024290625 0.47055469531250005 0.40545247812499996 0.46944288125 0.34176965625
9 0.46860164062500004 0.4055092953125 0.345996409375 0.40907601875 0.347007075 0.466965178125 0.4696123046875 0.46339845312500005 0.46860164062500004 0.4055092953125
9 0.6480349609375 0.69430090625 0.5234766750000001 0.6979244453125 0.524612946875 0.76300819375 0.6491712328125 0.75938465625 0.6480349609375 0.69430090625
9 0.784520278125 0.5686491546875 0.7132629125000001 0.5707221109375 0.7143241515625001 0.6315081015625 0.7855815171875 0.6294351453125 0.784520278125 0.5686491546875
1 0.6741485078125 0.1620351046875 0.5159801828125 0.166636396875 0.5197453015625 0.38229606875 0.6779136265625 0.3776947765625 0.6741485078125 0.1620351046875
1 0.60753744375 0.8286584515625 0.606291053125 0.76060833125 0.5299474125 0.762853009375 0.5323160453125 0.69472148125 0.319133796875 0.7038214953125 0.3197057046875 0.8384809499999999 0.60753744375 0.8286584515625
1 0.5277196359375 0.1257423890625 0.376678503125 0.13013634375 0.3797109109375 0.303827565625 0.53075204375 0.29943360937499996 0.5277196359375 0.1257423890625