0 0.57028524375 0.034787353124999996 0.530581309375 0.0278065875 0.11679390781250001 0.006120909375 0.1126001984375 0.0335549328125 0.558489540625 0.1119514140625 0.57028524375 0.034787353124999996
6 0.9165758265624999 1 0.9470370906250001 0.8007312843750001 0.58904626875 0.7377891625 0.5539039046875 0.9676802859375 0.73772613125 1 0.9165758265624999 1
9 0.9853636968749999 0.552600203125 0.9854652093749999 0.551936134375 0.9890743875 0.42789671875 0.6535874890625 0.368911246875 0.6349264765625 0.49098615937499995 0.9853636968749999 0.552600203125
5 0.9852902171875 0.5504904749999999 0.8460589609375001 0.5260107671875 0.8342402015625 0.6033256515625001 0.9734714562500001 0.6278053578125 0.9852902171875 0.5504904749999999
1 0.9960897687499999 0.186793690625 0.5424922515625 0.1070419515625 0.5054841390625 0.349138246875 0.9888929765625001 0.434131425 0.9960897687499999 0.186793690625
1 0.5627939734375 0.1106114109375 0.12087424218750001 0.032912868750000004 0.071424865625 0.35639630625 0.513344596875 0.43409485 0.5627939734375 0.1106114109375
9 0.557535221875 1 0.585266440625 0.8185904390625 0.37006818125 0.7807541765625 0.3365531109375 1 0.557535221875 1
2 0.557535221875 1 0.5977059328125 0.7372149 0 0.6321259515625 0 0.9471836218749999 0.30039945625 1 0.557535221875 1
10 0.7733681812500001 1 0.5429052609375 0.959479896875 0.5367111453125 1 0.7733681812500001 1
0 0.9983229234375001 0.110045146875 0.5619377203125 0.0333196875 0.550142015625 0.1104837484375 0.9960290687500001 0.1888798296875 0.9983229234375001 0.110045146875
3 0.9524134671875 0.6294879234375 0.7445192921875 0.5929358671875 0.7265446328125 0.7105208562499999 0.934438809375 0.7470729125 0.9524134671875 0.6294879234375
7 0.52299798125 0.4253438015625 0.065018340625 0.344821596875 0.0193022296875 0.6438830906249999 0.47728186875 0.7244052953125 0.52299798125 0.4253438015625