0 0.9224215250000001 1 0.9224215250000001 0.9141589859374999 0.4816816140625 0.9141589859374999 0.4816816140625 1 0.9224215250000001 1
6 0.36017937187500004 0.0858755765625 0.006322870312499999 0.0858755765625 0.006322870312499999 0.31415898593749997 0.36017937187500004 0.31415898593749997 0.36017937187500004 0.0858755765625
9 0.3523318390625 0.5606221203125 0.0059417046874999995 0.5606221203125 0.0059417046874999995 0.68184331875 0.3523318390625 0.68184331875 0.3523318390625 0.5606221203125
5 0.1439461890625 0.4858755765625 0.006322870312499999 0.4858755765625 0.006322870312499999 0.5626497703125 0.1439461890625 0.5626497703125 0.1439461890625 0.4858755765625
1 0.49780269062500004 0.6757834093749999 0.0059417046874999995 0.6757834093749999 0.0059417046874999995 0.9161866359375 0.49780269062500004 0.9161866359375 0.49780269062500004 0.6757834093749999
1 0.91455156875 0.5949654375 0.4777354265625 0.5949654375 0.4777354265625 0.9161866359375 0.91455156875 0.9161866359375 0.91455156875 0.5949654375
9 0.5646412562500001 0.001036865625 0.3519282515625 0.001036865625 0.3519282515625 0.235380184375 0.5646412562500001 0.235380184375 0.5646412562500001 0.001036865625
2 0.9971300453125 0.0030529953125 0.3519282515625 0.0030529953125 0.3519282515625 0.31618663593749996 0.9971300453125 0.31618663593749996 0.9971300453125 0.0030529953125
10 0.37197309375 0.005069125 0.0118834078125 0.005069125 0.0118834078125 0.091935484375 0.37197309375 0.091935484375 0.37197309375 0.005069125
0 0 0.9990092171875 0.48993273593750003 0.9990092171875 0.48993273593750003 0.9141589859374999 0 0.9141589859374999 0 0.9990092171875
3 0.231838565625 0.3639055296875 0.0263452921875 0.3639055296875 0.0263452921875 0.480668203125 0.231838565625 0.480668203125 0.231838565625 0.3639055296875
7 0.9224215250000001 0.30809907812500004 0.46973094218749994 0.30809907812500004 0.46973094218749994 0.605069125 0.9224215250000001 0.605069125 0.9224215250000001 0.30809907812500004