0 0.441510459375 0.1119514140625 0.8873998015625 0.0335549328125 0.8832060921875 0.006120909375 0.46941869062499997 0.0278065875 0.42971475625 0.034787353124999996 0.441510459375 0.1119514140625
6 0.26227386875 1 0.44609609531250005 0.9676802859375 0.41095373124999995 0.7377891625 0.052962909375 0.8007312843750001 0.0834241734375 1 0.26227386875 1
9 0.3650735234375 0.49098615937499995 0.3464125109375 0.368911246875 0.0109256125 0.42789671875 0.014534790624999998 0.551936134375 0.014636303125 0.552600203125 0.3650735234375 0.49098615937499995
5 0.02652854375 0.6278053578125 0.1657597984375 0.6033256515625001 0.1539410390625 0.5260107671875 0.014709782812499999 0.5504904749999999 0.02652854375 0.6278053578125
1 0.011107023437499999 0.434131425 0.49451586093750005 0.349138246875 0.4575077484375 0.1070419515625 0.00391023125 0.186793690625 0.011107023437499999 0.434131425
1 0.486655403125 0.43409485 0.928575134375 0.35639630625 0.8791257578125 0.032912868750000004 0.43720602656249996 0.1106114109375 0.486655403125 0.43409485
9 0.6634468890624999 1 0.62993181875 0.7807541765625 0.414733559375 0.8185904390625 0.442464778125 1 0.6634468890624999 1
2 1 0.6321259515625 0.40229406718750005 0.7372149 0.442464778125 1 0.69960054375 1 1 0.9471836218749999 1 0.6321259515625
10 0.4632888546875 1 0.45709473906250003 0.959479896875 0.22663181875 1 0.4632888546875 1
0 0.00397093125 0.1888798296875 0.449857984375 0.1104837484375 0.43806227968749994 0.0333196875 0.0016770765625 0.110045146875 0.00397093125 0.1888798296875
3 0.065561190625 0.7470729125 0.2734553671875 0.7105208562499999 0.2554807078125 0.5929358671875 0.0475865328125 0.6294879234375 0.065561190625 0.7470729125
7 0.52271813125 0.7244052953125 0.9806977703124999 0.6438830906249999 0.9349816593750001 0.344821596875 0.47700201875000003 0.4253438015625 0.52271813125 0.7244052953125