0 0.5183183859375 1 0.5183183859375 0.9141589859374999 0.07757847500000001 0.9141589859374999 0.07757847500000001 1 0.5183183859375 1
6 0.6398206281250001 0.31415898593749997 0.9936771296875 0.31415898593749997 0.9936771296875 0.0858755765625 0.6398206281250001 0.0858755765625 0.6398206281250001 0.31415898593749997
9 0.6476681609375 0.68184331875 0.9940582953125 0.68184331875 0.9940582953125 0.5606221203125 0.6476681609375 0.5606221203125 0.6476681609375 0.68184331875
5 0.8560538109375001 0.5626497703125 0.9936771296875 0.5626497703125 0.9936771296875 0.4858755765625 0.8560538109375001 0.4858755765625 0.8560538109375001 0.5626497703125
1 0.502197309375 0.9161866359375 0.9940582953125 0.9161866359375 0.9940582953125 0.6757834093749999 0.502197309375 0.6757834093749999 0.502197309375 0.9161866359375
1 0.08544843125 0.9161866359375 0.5222645734375 0.9161866359375 0.5222645734375 0.5949654375 0.08544843125 0.5949654375 0.08544843125 0.9161866359375
9 0.43535874375 0.235380184375 0.6480717484375 0.235380184375 0.6480717484375 0.001036865625 0.43535874375 0.001036865625 0.43535874375 0.235380184375
2 0.0028699546874999997 0.31618663593749996 0.6480717484375 0.31618663593749996 0.6480717484375 0.0030529953125 0.0028699546874999997 0.0030529953125 0.0028699546874999997 0.31618663593749996
10 0.62802690625 0.091935484375 0.9881165921875 0.091935484375 0.9881165921875 0.005069125 0.62802690625 0.005069125 0.62802690625 0.091935484375
0 1 0.9141589859374999 0.5100672640624999 0.9141589859374999 0.5100672640624999 0.9990092171875 1 0.9990092171875 1 0.9141589859374999
3 0.768161434375 0.480668203125 0.9736547078125 0.480668203125 0.9736547078125 0.3639055296875 0.768161434375 0.3639055296875 0.768161434375 0.480668203125
7 0.07757847500000001 0.605069125 0.5302690578125 0.605069125 0.5302690578125 0.30809907812500004 0.07757847500000001 0.30809907812500004 0.07757847500000001 0.605069125