3 0.641089034375 0.489818978125 0.6543443515625 0.40552760625 0.5536819640624999 0.39546762812499997 0.5404266468750001 0.47975899999999994 0.641089034375 0.489818978125
9 0.4817093375 0.5306471828125 0.4961065515625 0.4390944109375 0.418332396875 0.43132183125 0.40393518281249996 0.522874603125 0.4817093375 0.5306471828125
9 0.3901353984375 0.5204285203125 0.4043674234375 0.42992620312499996 0.3308185671875 0.4225758921875 0.31658654375 0.5130782078125 0.3901353984375 0.5204285203125
9 0.278908446875 0.3520961375 0.28728022656249996 0.29885948125 0.157513403125 0.28589086875 0.14914162343749998 0.339127525 0.278908446875 0.3520961375
1 0.308122003125 0.5132474499999999 0.33104015000000003 0.367509553125 0.120763465625 0.3464949625 0.0978453203125 0.49223285937499994 0.308122003125 0.5132474499999999
1 0.838547475 0.566257009375 0.86209911875 0.41649066875 0.6856391562499999 0.398855646875 0.6620875125000001 0.5486219875 0.838547475 0.566257009375
7 0.76751909375 0.397819153125 0.7893145890625 0.25922027187499996 0.5423852218749999 0.2345426921875 0.5205897296875001 0.373141571875 0.76751909375 0.397819153125
4 0.41218899374999995 0.42570453906249994 0.419943315625 0.376394340625 0.339404809375 0.3683454984375 0.3316504890625 0.4176556984375 0.41218899374999995 0.42570453906249994
0 0.23267381718750002 0.563768803125 0.2402597390625 0.5155294578125 0.09215941250000001 0.5007286359374999 0.084573490625 0.54896798125 0.23267381718750002 0.563768803125
2 0.1315040421875 0.278194984375 0.1611241078125 0.2811551484375 0.1493003984375 0.3381178625 0.3326783953125 0.3564442578125 0.3609718671875 0.1582993640625 0.153459915625 0.13857624375 0.1315040421875 0.278194984375
0 0.3046851484375 0.1435894625 0.312755415625 0.092270140625 0.1560326140625 0.0766076078125 0.147962346875 0.1279269296875 0.3046851484375 0.1435894625
0 0.6535948734375 0.5844022234375 0.6625937328125 0.52717791875 0.4975492390625 0.5106837328125 0.4885503796875 0.5679080390625 0.6535948734375 0.5844022234375
9 0.49817025781249996 0.43429731875 0.5063976968749999 0.3819785359375 0.4287667703125 0.3742202703125 0.42053933125 0.42653905312499996 0.49817025781249996 0.43429731875
10 0.5295187343750001 0.2262542453125 0.5377477765625 0.1739252640625 0.379621315625 0.1581224515625 0.37139227343750003 0.2104514328125 0.5295187343750001 0.2262542453125
5 0.8618999671875001 0.407303165625 0.876906621875 0.311874928125 0.793747 0.3035641390625 0.7787403453125 0.398992375 0.8618999671875001 0.407303165625
6 0.518889971875 0.3302931484375 0.533757096875 0.23575219062500002 0.36434407343749997 0.21882142343750002 0.34947695 0.3133623828125 0.518889971875 0.3302931484375
0 0.6524101140624999 0.23752057031249998 0.6604819843749999 0.1861910515625 0.5545630375 0.1756057453125 0.5464911671875 0.22693526406250003 0.6524101140624999 0.23752057031249998
2 0.390058971875 0.5204519578125 0.412367678125 0.378589528125 0.12318531875000001 0.34968927656250004 0.10087661249999999 0.49155170625 0.390058971875 0.5204519578125