3 0.602759315625 0.34168091093749997 0.5195266875 0.34168091093749997 0.5195266875 0.441794871875 0.602759315625 0.441794871875 0.602759315625 0.34168091093749997
9 0.5547532734375 0.49145299218750005 0.46435045312499995 0.49145299218750005 0.46435045312499995 0.56880341875 0.5547532734375 0.56880341875 0.5547532734375 0.49145299218750005
9 0.5547532734375 0.5826923078124999 0.4653877140625 0.5826923078124999 0.4653877140625 0.65584045625 0.5547532734375 0.65584045625 0.5547532734375 0.5826923078124999
9 0.67079556875 0.7175213671875 0.61822759375 0.7175213671875 0.61822759375 0.846581196875 0.67079556875 0.846581196875 0.67079556875 0.7175213671875
1 0.6083081578125 0.6641025640625 0.46440080625 0.6641025640625 0.46440080625 0.8732336187499999 0.6083081578125 0.8732336187499999 0.6083081578125 0.6641025640625
1 0.6122860015625 0.1365669515625 0.46440080625 0.1365669515625 0.46440080625 0.3120655265625 0.6122860015625 0.3120655265625 0.6122860015625 0.1365669515625
7 0.758106746875 0.2320512828125 0.621248740625 0.2320512828125 0.621248740625 0.477635328125 0.758106746875 0.477635328125 0.758106746875 0.2320512828125
4 0.6083081578125 0.5756837609375001 0.559617321875 0.5756837609375001 0.559617321875 0.6557834765624999 0.6083081578125 0.6557834765624999 0.6083081578125 0.5756837609375001
0 0.4555891234375 0.7301994296875 0.40795568906249996 0.7301994296875 0.40795568906249996 0.8774928781250001 0.4555891234375 0.8774928781250001 0.4555891234375 0.7301994296875
2 0.619224571875 0.6642022796875 0.619224571875 0.846581196875 0.6757502515625 0.843774928125 0.6757502515625 0.8732336187499999 0.8136153078125 0.8732336187499999 0.814602215625 0.667008546875 0.619224571875 0.6642022796875
0 0.8741087609375 0.7243874640625 0.8234340375 0.7243874640625 0.8234340375 0.8802564109375 0.8741087609375 0.8802564109375 0.8741087609375 0.7243874640625
0 0.48529707968749997 0.3148717953125 0.42879154062499997 0.3148717953125 0.42879154062499997 0.47901709375 0.48529707968749997 0.47901709375 0.48529707968749997 0.3148717953125
9 0.611278953125 0.490170940625 0.559617321875 0.490170940625 0.559617321875 0.5673789171875 0.611278953125 0.5673789171875 0.611278953125 0.490170940625
10 0.8165861031249999 0.49150997187499995 0.7649144015625 0.49150997187499995 0.7649144015625 0.648774928125 0.8165861031249999 0.648774928125 0.8165861031249999 0.49150997187499995
5 0.7154279953125 0.1381766375 0.6211983890624999 0.1381766375 0.6211983890624999 0.220883190625 0.7154279953125 0.220883190625 0.7154279953125 0.1381766375
6 0.7560926484375 0.4858974359375 0.662739175 0.4858974359375 0.662739175 0.6543874640625 0.7560926484375 0.6543874640625 0.7560926484375 0.4858974359375
0 0.8165861031249999 0.36944444375 0.765901309375 0.36944444375 0.765901309375 0.474786325 0.8165861031249999 0.474786325 0.8165861031249999 0.36944444375
2 0.6054380671875 0.5827635328125 0.465357503125 0.5827635328125 0.465357503125 0.8703703703125001 0.6054380671875 0.8703703703125001 0.6054380671875 0.5827635328125