3 0.459573353125 0.47975899999999994 0.4463180359375 0.39546762812499997 0.3456556484375 0.40552760625 0.35891096562499997 0.489818978125 0.459573353125 0.47975899999999994
9 0.5960648171875 0.522874603125 0.581667603125 0.43132183125 0.5038934484375 0.4390944109375 0.5182906625 0.5306471828125 0.5960648171875 0.522874603125
9 0.68341345625 0.5130782078125 0.6691814328125 0.4225758921875 0.5956325765625 0.42992620312499996 0.6098646015625 0.5204285203125 0.68341345625 0.5130782078125
9 0.8508583765625 0.339127525 0.8424865968749999 0.28589086875 0.7127197734374999 0.29885948125 0.7210915531250001 0.3520961375 0.8508583765625 0.339127525
1 0.9021546796875001 0.49223285937499994 0.8792365343749999 0.3464949625 0.66895985 0.367509553125 0.691877996875 0.5132474499999999 0.9021546796875001 0.49223285937499994
1 0.3379124875 0.5486219875 0.31436084375 0.398855646875 0.13790088125 0.41649066875 0.161452525 0.566257009375 0.3379124875 0.5486219875
7 0.47941027031249994 0.373141571875 0.45761477812500007 0.2345426921875 0.21068541093749998 0.25922027187499996 0.23248090625 0.397819153125 0.47941027031249994 0.373141571875
4 0.6683495109375001 0.4176556984375 0.6605951906249999 0.3683454984375 0.580056684375 0.376394340625 0.58781100625 0.42570453906249994 0.6683495109375001 0.4176556984375
0 0.915426509375 0.54896798125 0.9078405875 0.5007286359374999 0.7597402609375 0.5155294578125 0.7673261828125 0.563768803125 0.915426509375 0.54896798125
2 0.8465400843750001 0.13857624375 0.6390281328125 0.1582993640625 0.6673216046875 0.3564442578125 0.8506996015625001 0.3381178625 0.8388758921875 0.2811551484375 0.8684959578125 0.278194984375 0.8465400843750001 0.13857624375
0 0.8520376531249999 0.1279269296875 0.8439673859375001 0.0766076078125 0.6872445843749999 0.092270140625 0.6953148515625001 0.1435894625 0.8520376531249999 0.1279269296875
0 0.5114496203125001 0.5679080390625 0.5024507609375 0.5106837328125 0.3374062671875 0.52717791875 0.3464051265625 0.5844022234375 0.5114496203125001 0.5679080390625
9 0.57946066875 0.42653905312499996 0.5712332296875 0.3742202703125 0.49360230312500003 0.3819785359375 0.5018297421875 0.43429731875 0.57946066875 0.42653905312499996
10 0.6286077265625 0.2104514328125 0.620378684375 0.1581224515625 0.46225222343750005 0.1739252640625 0.470481265625 0.2262542453125 0.6286077265625 0.2104514328125
5 0.2212596546875 0.398992375 0.20625300000000002 0.3035641390625 0.12309337812500001 0.311874928125 0.1381000328125 0.407303165625 0.2212596546875 0.398992375
6 0.65052305 0.3133623828125 0.6356559265625 0.21882142343750002 0.46624290312500005 0.23575219062500002 0.481110028125 0.3302931484375 0.65052305 0.3133623828125
0 0.4535088328125 0.22693526406250003 0.4454369625 0.1756057453125 0.339518015625 0.1861910515625 0.3475898859375 0.23752057031249998 0.4535088328125 0.22693526406250003
2 0.8991233875000001 0.49155170625 0.87681468125 0.34968927656250004 0.5876323218749999 0.378589528125 0.609941028125 0.5204519578125 0.8991233875000001 0.49155170625