3 0.4384420828125 0.4565927828125 0.42790438750000004 0.37133026875 0.324699109375 0.38879495 0.3352368015625 0.47405746249999997 0.4384420828125 0.4565927828125
9 0.5763580046875 0.49095827343750004 0.5649125265625 0.39835070156249996 0.485173671875 0.41184432812500005 0.49661915 0.5044519015625 0.5763580046875 0.49095827343750004
9 0.66595125 0.474712278125 0.6546370953125 0.3831672640625 0.5792302765625 0.3959278125 0.59054443125 0.4874728265625 0.66595125 0.474712278125
9 0.84323134375 0.2848705875 0.8365759578124999 0.23102057812500001 0.7035310171875 0.25353480781250004 0.710186403125 0.307384815625 0.84323134375 0.2848705875
1 0.8901820296875 0.4377994546875 0.871962590625 0.2903824765625 0.6563739859375 0.32686497187499997 0.674593421875 0.47428194843749993 0.8901820296875 0.4377994546875
1 0.3116861828125 0.535694103125 0.2929631296875 0.38420226875 0.11204550625000001 0.4148176421875 0.130768559375 0.566309478125 0.3116861828125 0.535694103125
7 0.462510665625 0.346137625 0.4451837140625 0.2059419140625 0.1920165203125 0.2487835578125 0.2093434734375 0.38897926875 0.462510665625 0.346137625
4 0.653962540625 0.3781945328125 0.647798021875 0.32831621875 0.5652249859375 0.3422894546875 0.5713895046874999 0.3921677671875 0.653962540625 0.3781945328125
0 0.9017190578125 0.4948781390625 0.8956884109375001 0.4460830171875 0.743846834375 0.4717780625 0.74987748125 0.5205731859375 0.9017190578125 0.4948781390625
2 0.8459696125 0.080068278125 0.6332517734375 0.11503285156250001 0.655094703125 0.3156649296875 0.8431051203125 0.28384929375 0.8330557484375 0.2264346078125 0.8634240640625 0.22129559843750002 0.8459696125 0.080068278125
0 0.8519661515625 0.068784975 0.8455504625 0.0168743921875 0.6848685921875 0.0440654171875 0.69128428125 0.09597599999999999 0.8519661515625 0.068784975
0 0.4883012046875 0.5430474421875 0.4811473015625 0.4851638421875 0.31193352343749997 0.513798659375 0.319087425 0.5716822625 0.4883012046875 0.5430474421875
9 0.5628282265625 0.3936165296875 0.5562875875 0.34069496875 0.47669558125 0.3541637453125 0.48323621875 0.40708530625000006 0.5628282265625 0.3936165296875
10 0.6207458796875 0.169113275 0.6142039671874999 0.116181396875 0.45208298124999996 0.1436159546875 0.45862489375 0.19654783125 0.6207458796875 0.169113275
5 0.19783690781250002 0.39097910156250004 0.1859069390625 0.294451415625 0.100646571875 0.30887940625 0.11257654218749999 0.40540709374999995 0.19783690781250002 0.39097910156250004
6 0.6394676484375 0.2728012625 0.6276486015625 0.1771710765625 0.453955934375 0.206563825 0.46577498124999994 0.3021940109375 0.6394676484375 0.2728012625
0 0.44125990625 0.19845426093750002 0.434842940625 0.1465333609375 0.3262483125 0.164910040625 0.332665278125 0.21683094062500002 0.44125990625 0.19845426093750002
2 0.8871092468749999 0.4373189125 0.8693743015625 0.29382205156249996 0.5728867359375001 0.3439944890625 0.5906216828125 0.48749135 0.8871092468749999 0.4373189125