1 0.8519766078125001 0.13243678125 0.494081871875 0.13243678125 0.494081871875 0.47001149375000006 0.8519766078125001 0.47001149375000006 0.8519766078125001 0.13243678125
7 0.47990643281249995 0.132643678125 0.021497076562500002 0.132643678125 0.021497076562500002 0.476068965625 0.47990643281249995 0.476068965625 0.47990643281249995 0.132643678125
5 0.48195321562500004 0.1162758625 0.3871929828125 0.1162758625 0.3871929828125 0.2215287359375 0.48195321562500004 0.2215287359375 0.48195321562500004 0.1162758625
9 0.8519766078125001 0.48798850624999995 0.6133099421875 0.48798850624999995 0.6133099421875 0.6114252875 0.8519766078125001 0.6114252875 0.8519766078125001 0.48798850624999995
3 0.5733684203125 0.6327586203125 0.40080701718749995 0.6327586203125 0.40080701718749995 0.8652413796875 0.5733684203125 0.8652413796875 0.5733684203125 0.6327586203125
9 0.35040935625 0.4880459765625 0.103508771875 0.4880459765625 0.103508771875 0.615517240625 0.35040935625 0.615517240625 0.35040935625 0.4880459765625
6 0.8519766078125001 0.6334482765625 0.6153684203124999 0.6334482765625 0.6153684203124999 0.8599080453125 0.8519766078125001 0.8599080453125 0.8519766078125001 0.6334482765625
10 0.9855906437499999 0.4839540234375 0.8723274859375 0.4839540234375 0.8723274859375 0.8659655171875 0.9855906437499999 0.8659655171875 0.9855906437499999 0.4839540234375
0 0.9814736843749999 0.011218390625000001 0.866152046875 0.011218390625000001 0.866152046875 0.47001149375000006 0.9814736843749999 0.47001149375000006 0.9814736843749999 0.011218390625000001
0 0.4881286546875 0.0114252875 0.0029941515625 0.0114252875 0.0029941515625 0.11243678125 0.4881286546875 0.11243678125 0.4881286546875 0.0114252875
2 0.0996023390625 0.476068965625 0.10163742656250001 0.625517240625 0.0173801171875 0.62556321875 0.0173801171875 0.989206896875 0.3462807015625 0.9811264375000001 0.3462807015625 0.47809195468750004 0.0996023390625 0.476068965625