1 0.09379795156250001 0.43896352656250004 0.0798006984375 0.8381660625 0.45758204999999996 0.868878959375 0.47157930312499996 0.46967642343750005 0.09379795156250001 0.43896352656250004
7 0.10942154687500001 0 0.09458389375000001 0.4231708 0.47891264843750003 0.4544159890625 0.4948458546875 0 0.10942154687500001 0
5 0.07989261875 0.3182673078125 0.0761865484375 0.423964659375 0.193975503125 0.433540675 0.19768157343749998 0.3278433234375 0.07989261875 0.3182673078125
9 0.48703445 0.604301228125 0.47770020312500006 0.870514528125 0.61583885 0.8817449328125001 0.625173096875 0.615531634375 0.48703445 0.604301228125
3 0.657358309375 0.38044279687500004 0.6506094375 0.5729210375 0.91078191875 0.5940725609374999 0.9175307890625 0.40159431874999996 0.657358309375 0.38044279687500004
9 0.5070370765625001 0.035664621875000004 0.4973808 0.3110621890625 0.6400344546875 0.32265965625000004 0.64969073125 0.0472620890625 0.5070370765625001 0.035664621875000004
6 0.6497386140625 0.619831375 0.6404848750000001 0.8837486078125 0.8939170031250001 0.9043521515625 0.90317074375 0.64043491875 0.6497386140625 0.619831375
10 0.46890551406250003 0.9922042937500001 0.53057730625 0.9972180906249999 0.8975339640625 0.9950832000000001 0.8999000234375 0.92760301875 0.47238927343750003 0.8928472171875 0.46890551406250003 0.9922042937500001
0 0.050215331249999995 0.9581655874999999 0.4533023671875 0.9909357859375 0.45702764843750004 0.8846905109375 0.044607485937500004 0.8511615453125 0.050215331249999995 0.9581655874999999
0 0.041825878125 0 0.0268587921875 0.42686224375000004 0.0716486953125 0.430503578125 0.08674345781250001 0 0.041825878125 0
2 1 0.035838340625 0.6622975671875 0.008383784375 0.6609549625 0.046084567187499995 0.49378633125000004 0.0302176328125 0.4864026828125 0.30555138125000003 1 0.34730585468749997 1 0.035838340625