1 0.1480233921875 0.47001149375000006 0.505918128125 0.47001149375000006 0.505918128125 0.13243678125 0.1480233921875 0.13243678125 0.1480233921875 0.47001149375000006
7 0.5200935671875 0.476068965625 0.9785029234374999 0.476068965625 0.9785029234374999 0.132643678125 0.5200935671875 0.132643678125 0.5200935671875 0.476068965625
5 0.518046784375 0.2215287359375 0.6128070171875 0.2215287359375 0.6128070171875 0.1162758625 0.518046784375 0.1162758625 0.518046784375 0.2215287359375
9 0.1480233921875 0.6114252875 0.3866900578125 0.6114252875 0.3866900578125 0.48798850624999995 0.1480233921875 0.48798850624999995 0.1480233921875 0.6114252875
3 0.42663157968750004 0.8652413796875 0.5991929828125 0.8652413796875 0.5991929828125 0.6327586203125 0.42663157968750004 0.6327586203125 0.42663157968750004 0.8652413796875
9 0.6495906437500001 0.615517240625 0.8964912281249999 0.615517240625 0.8964912281249999 0.4880459765625 0.6495906437500001 0.4880459765625 0.6495906437500001 0.615517240625
6 0.1480233921875 0.8599080453125 0.3846315796875 0.8599080453125 0.3846315796875 0.6334482765625 0.1480233921875 0.6334482765625 0.1480233921875 0.8599080453125
10 0.01440935625 0.8659655171875 0.1276725140625 0.8659655171875 0.1276725140625 0.4839540234375 0.01440935625 0.4839540234375 0.01440935625 0.8659655171875
0 0.018526315625 0.47001149375000006 0.133847953125 0.47001149375000006 0.133847953125 0.011218390625000001 0.018526315625 0.011218390625000001 0.018526315625 0.47001149375000006
0 0.5118713453125 0.11243678125 0.9970058484375001 0.11243678125 0.9970058484375001 0.0114252875 0.5118713453125 0.0114252875 0.5118713453125 0.11243678125
2 0.6537192984375 0.47809195468750004 0.6537192984375 0.9811264375000001 0.9826198828124999 0.989206896875 0.9826198828124999 0.62556321875 0.8983625734375 0.625517240625 0.9003976609375 0.476068965625 0.6537192984375 0.47809195468750004