1 0.528420696875 0.46967642343750005 0.54241795 0.868878959375 0.9201993015625 0.8381660625 0.9062020484375 0.43896352656250004 0.528420696875 0.46967642343750005
7 0.5051541453125 0 0.5210873515625 0.4544159890625 0.90541610625 0.4231708 0.890578453125 0 0.5051541453125 0
5 0.8023184265625 0.3278433234375 0.806024496875 0.433540675 0.9238134515624999 0.423964659375 0.92010738125 0.3182673078125 0.8023184265625 0.3278433234375
9 0.374826903125 0.615531634375 0.38416115 0.8817449328125001 0.5222997968749999 0.870514528125 0.51296555 0.604301228125 0.374826903125 0.615531634375
3 0.08246921093750001 0.40159431874999996 0.08921808125 0.5940725609374999 0.3493905625 0.5729210375 0.342641690625 0.38044279687500004 0.08246921093750001 0.40159431874999996
9 0.35030926875 0.0472620890625 0.3599655453125 0.32265965625000004 0.5026192 0.3110621890625 0.4929629234375 0.035664621875000004 0.35030926875 0.0472620890625
6 0.09682925625 0.64043491875 0.106082996875 0.9043521515625 0.359515125 0.8837486078125 0.3502613859375 0.619831375 0.09682925625 0.64043491875
10 0.5276107265625 0.8928472171875 0.1000999765625 0.92760301875 0.1024660359375 0.9950832000000001 0.46942269375 0.9972180906249999 0.5310944859375 0.9922042937500001 0.5276107265625 0.8928472171875
0 0.9553925140624999 0.8511615453125 0.5429723515625 0.8846905109375 0.5466976328125 0.9909357859375 0.9497846687499999 0.9581655874999999 0.9553925140624999 0.8511615453125
0 0.9132565421875001 0 0.9283513046874999 0.430503578125 0.9731412078125 0.42686224375000004 0.9581741218750001 0 0.9132565421875001 0
2 0 0.34730585468749997 0.5135973171875 0.30555138125000003 0.50621366875 0.0302176328125 0.3390450375 0.046084567187499995 0.3377024328125 0.008383784375 0 0.035838340625 0 0.34730585468749997