1 0.0218283859375 0.7674520078125 0.41456852343749995 0.8324785046875001 0.48875730156249997 0.459578559375 0.096017165625 0.39455206249999997 0.0218283859375 0.7674520078125
7 1 0.5373139109375 0.5056441406250001 0.4554627671875 0.43016958125000004 0.8348255171875 0.9247141187500001 0.9167078999999999 1 0.538293515625 1 0.5373139109375
5 0.4243263640625 0.8525342468750001 0.52831265625 0.8697513921875 0.5514440765625 0.753484415625 0.4474577828125 0.7362672703124999 0.4243263640625 0.8525342468750001
9 0.0999679734375 0.3746938609375 0.3618717375 0.418057609375 0.3889994328125 0.281703884375 0.12709566875 0.2383401375 0.0999679734375 0.3746938609375
3 0.43751817031250007 0.265395184375 0.626880521875 0.29674815468750004 0.6779732484375 0.039937425 0.48861089687500003 0.0085844546875 0.43751817031250007 0.265395184375
9 0.650381515625 0.465760971875 0.921320871875 0.510620753125 0.9493352249999999 0.36981036093749997 0.6783958703125 0.32495057968749996 0.650381515625 0.465760971875
6 0.174513653125 0 0.1319356609375 0.21401257187499997 0.391580528125 0.257002309375 0.44134958125 0.006844840624999999 0.4000088359375 0 0.174513653125 0
10 0.09422668437500001 0 0.0213547046875 0.36628123281249997 0.07674903281249999 0.3754529453125 0.1514457328125 0 0.09422668437500001 0
0 0.00875496875 0.752400146875 0.080461575 0.3919765046875 0.01829055625 0.3816827671875 0.005206528125 0.44744788281250003 0.00875496875 0.752400146875
0 0.394506665625 0.9672347984374999 0.464895184375 0.9788891171874999 0.9165280687499999 0.9578539765625 0.9202732499999999 0.9390293296875001 0.4167059578125 0.8556530375 0.394506665625 0.9672347984374999
2 1 0.0483490015625 0.7464577 0.006369671875000001 0.6527245500000001 0.4775067671875 0.9229754546875 0.52456085625 0.9535864671875001 0.359103928125 1 0.36676234375 1 0.0483490015625