9 0.4890173421875 0.191733571875 0.6514727703125 0.2089062734375 0.678733303125 0.0290361671875 0.516277875 0.011863465625 0.4890173421875 0.191733571875
1 0.9981132359375 0.0648438609375 0.6981269015625 0.0331331609375 0.6564683984374999 0.3080037828125 0.990012103125 0.3432617390625 0.9981132359375 0.0648438609375
7 0.094095546875 0.3758655734375 0.42435673281249997 0.41077654218750004 0.46723833125 0.127835709375 0.13697714375 0.092924740625 0.094095546875 0.3758655734375
1 0.4343264859375 0.5145522390624999 0.84730699375 0.5582072328125001 0.8800915171874999 0.341888796875 0.46711100937500005 0.298233803125 0.4343264859375 0.5145522390624999
9 0.3818420375 0.8416161640625001 0.6411384124999999 0.86902564375 0.6582914 0.7558470093749999 0.3989950265625 0.7284375296875 0.3818420375 0.8416161640625001
10 0.6860524671875 0.7444061125 0.8198755312499999 0.7585521671875 0.846830725 0.5806967359375 0.7130076625 0.5665506812500001 0.6860524671875 0.7444061125
0 0.47847455156249996 0.110542421875 0.49379028125 0.0094863671875 0.48850909218750005 0.00892810625 0.1427471734375 0.014963403125 0.1337836921875 0.07410613125 0.47847455156249996 0.110542421875
6 0.39983399375 0.70388093125 0.8270820437499999 0.7490441046874999 0.8528106531249999 0.5792819078125 0.42556260312500005 0.5341187328125 0.39983399375 0.70388093125
2 0 0.9569426312499999 0.347762459375 0.9920262609374999 0.36789875625 0.8401422593750001 0.6411384124999999 0.86902564375 0.6582914 0.7558470093749999 0.39713381718749996 0.7240884000000001 0 0.6802580781249999 0 0.9569426312499999
5 0 0.66161561875 0.13825156875 0.6762297984375001 0.1504964765625 0.5954356078124999 0 0.5795270546875 0 0.66161561875
3 0.149815728125 0.552646715625 0.3228421078125 0.5709368421875001 0.346560725 0.41443695781249995 0.1735343453125 0.39614683125 0.149815728125 0.552646715625