9 0 0.611479384375 0.0152225109375 0.6914777859375 0.19320843125 0.64863944375 0.1625017671875 0.48726765937499994 0 0.5263792140625 0 0.611479384375
1 0 0.5059155125 0.2557517375 0.44436019218749995 0.1889846640625 0.09348123593749999 0 0.138966796875 0 0.5059155125
7 0.2924736375 1 0.4837069265625 0.95397323125 0.4212823015625 0.62591501875 0.1384634 0.6939849671875 0.1966935359375 1 0.2924736375 1
1 0.51756015625 0.5764681078125 0.4395002609375 0.16624234531249998 0.2232750453125 0.21828426875 0.301334940625 0.6285100296875 0.51756015625 0.5764681078125
9 0.8453287765624999 0.5005606171875 0.79631763125 0.242993853125 0.68318776875 0.2702223875 0.7321989140625 0.5277891515625 0.8453287765624999 0.5005606171875
10 0.6642031296875001 0.24818045 0.6389084375 0.1152500375 0.4611296546875 0.15803852499999999 0.4864243453125 0.2909689375 0.6642031296875001 0.24818045
0 0.1776790453125 1 0.11867885781250001 0.6899381328125 0.019473024999999998 0.713815378125 0.07392972656249999 1 0.1776790453125 1
6 0.7084889859375 0.536443196875 0.6277322984375 0.11204506249999999 0.45804325781250005 0.1528864765625 0.538799946875 0.5772846125 0.7084889859375 0.536443196875
2 0.9972332125 0.47557026875 0.8479642796875 0.514410890625 0.79631763125 0.242993853125 0.68318776875 0.2702223875 0.728582640625 0.5312364406250001 0.8073462859375 0.9559121609375 0.8701023578125 0.9421551906250001 0.9946931609374999 0.91216819375 0.9972332125 0.47557026875
5 0.6771728609375 0.815718240625 0.708627271875 0.9810196390625 0.78938664375 0.9615821609375 0.7579322312500001 0.7962807625 0.6771728609375 0.815718240625
3 0.6364806828125 0.8328387015625 0.6037759406250001 0.6609664765625001 0.44734349843750004 0.6986172421875 0.48004824062499996 0.87048946875 0.6364806828125 0.8328387015625