9 0.380781759375 0.1860414265625 0.543973940625 0.1860414265625 0.543973940625 0.0062485609375 0.380781759375 0.0062485609375 0.380781759375 0.1860414265625
1 0.006156351562500001 0.283014959375 0.3609934859375 0.283014959375 0.3609934859375 0.0082623703125 0.006156351562500001 0.0082623703125 0.006156351562500001 0.283014959375
7 0.5750814328125 0.4082623703125 0.906840390625 0.4082623703125 0.906840390625 0.12544303750000002 0.5750814328125 0.12544303750000002 0.5750814328125 0.4082623703125
1 0.134820846875 0.509321059375 0.5496742671875 0.509321059375 0.5496742671875 0.2930955125 0.134820846875 0.2930955125 0.134820846875 0.509321059375
9 0.292084690625 0.8365477562500001 0.552557003125 0.8365477562500001 0.552557003125 0.723417721875 0.292084690625 0.723417721875 0.292084690625 0.8365477562500001
10 0.1319218234375 0.709275028125 0.2663517921875 0.709275028125 0.2663517921875 0.531495971875 0.1319218234375 0.531495971875 0.1319218234375 0.709275028125
0 0.5665635171875001 0.1072612203125 0.9128175890625 0.1072612203125 0.9128175890625 0.0062485609375 0.5665635171875001 0.0062485609375 0.5665635171875001 0.1072612203125
6 0.1262214984375 0.6991714609375 0.5554071656249999 0.6991714609375 0.5554071656249999 0.5294821640625 0.1262214984375 0.5294821640625 0.1262214984375 0.6991714609375
2 0.9840390875 0.7173762953125 0.555048859375 0.719332565625 0.292084690625 0.723417721875 0.292084690625 0.8365477562500001 0.5665635171875001 0.8365477562500001 0.5637133546875 0.9880667437499999 0.9897231265625 0.9900805531250001 0.9840390875 0.7173762953125
5 0.8181758953125 0.6991714609375 0.9900162859374999 0.6991714609375 0.9900162859374999 0.6184119671875 0.8181758953125 0.6184119671875 0.8181758953125 0.6991714609375
3 0.6514495109375 0.5763866515625 0.8252605859375001 0.5763866515625 0.8252605859375001 0.4199539703125 0.6514495109375 0.4199539703125 0.6514495109375 0.5763866515625