9 0.619218240625 0.0062485609375 0.45602605937499996 0.0062485609375 0.45602605937499996 0.1860414265625 0.619218240625 0.1860414265625 0.619218240625 0.0062485609375
1 0.9938436484375 0.0082623703125 0.6390065140625001 0.0082623703125 0.6390065140625001 0.283014959375 0.9938436484375 0.283014959375 0.9938436484375 0.0082623703125
7 0.4249185671875 0.12544303750000002 0.093159609375 0.12544303750000002 0.093159609375 0.4082623703125 0.4249185671875 0.4082623703125 0.4249185671875 0.12544303750000002
1 0.8651791531249999 0.2930955125 0.4503257328125 0.2930955125 0.4503257328125 0.509321059375 0.8651791531249999 0.509321059375 0.8651791531249999 0.2930955125
9 0.7079153093749999 0.723417721875 0.447442996875 0.723417721875 0.447442996875 0.8365477562500001 0.7079153093749999 0.8365477562500001 0.7079153093749999 0.723417721875
10 0.8680781765625 0.531495971875 0.7336482078125 0.531495971875 0.7336482078125 0.709275028125 0.8680781765625 0.709275028125 0.8680781765625 0.531495971875
0 0.43343648281249997 0.0062485609375 0.0871824109375 0.0062485609375 0.0871824109375 0.1072612203125 0.43343648281249997 0.1072612203125 0.43343648281249997 0.0062485609375
6 0.8737785015625 0.5294821640625 0.444592834375 0.5294821640625 0.444592834375 0.6991714609375 0.8737785015625 0.6991714609375 0.8737785015625 0.5294821640625
2 0.0102768734375 0.9900805531250001 0.4362866453125 0.9880667437499999 0.43343648281249997 0.8365477562500001 0.7079153093749999 0.8365477562500001 0.7079153093749999 0.723417721875 0.444951140625 0.719332565625 0.0159609125 0.7173762953125 0.0102768734375 0.9900805531250001
5 0.18182410468750002 0.6184119671875 0.0099837140625 0.6184119671875 0.0099837140625 0.6991714609375 0.18182410468750002 0.6991714609375 0.18182410468750002 0.6184119671875
3 0.3485504890625 0.4199539703125 0.1747394140625 0.4199539703125 0.1747394140625 0.5763866515625 0.3485504890625 0.5763866515625 0.3485504890625 0.4199539703125