9 0.483722125 0.011863465625 0.321266696875 0.0290361671875 0.3485272296875 0.2089062734375 0.5109826578125001 0.191733571875 0.483722125 0.011863465625
1 0.009987896875 0.3432617390625 0.3435316015625 0.3080037828125 0.3018730984375 0.0331331609375 0.0018867640625000002 0.0648438609375 0.009987896875 0.3432617390625
7 0.86302285625 0.092924740625 0.53276166875 0.127835709375 0.5756432671875 0.41077654218750004 0.905904453125 0.3758655734375 0.86302285625 0.092924740625
1 0.532888990625 0.298233803125 0.1199084828125 0.341888796875 0.15269300624999999 0.5582072328125001 0.5656735140625 0.5145522390624999 0.532888990625 0.298233803125
9 0.6010049734375 0.7284375296875 0.3417086 0.7558470093749999 0.35886158749999997 0.86902564375 0.6181579625 0.8416161640625001 0.6010049734375 0.7284375296875
10 0.28699233749999997 0.5665506812500001 0.153169275 0.5806967359375 0.18012446875000002 0.7585521671875 0.3139475328125 0.7444061125 0.28699233749999997 0.5665506812500001
0 0.8662163078124999 0.07410613125 0.8572528265624999 0.014963403125 0.5114909078125 0.00892810625 0.50620971875 0.0094863671875 0.5215254484375 0.110542421875 0.8662163078124999 0.07410613125
6 0.574437396875 0.5341187328125 0.14718934687500002 0.5792819078125 0.17291795625 0.7490441046874999 0.60016600625 0.70388093125 0.574437396875 0.5341187328125
2 1 0.6802580781249999 0.6028661828125 0.7240884000000001 0.3417086 0.7558470093749999 0.35886158749999997 0.86902564375 0.63210124375 0.8401422593750001 0.6522375406250001 0.9920262609374999 1 0.9569426312499999 1 0.6802580781249999
5 1 0.5795270546875 0.8495035234375001 0.5954356078124999 0.86174843125 0.6762297984375001 1 0.66161561875 1 0.5795270546875
3 0.8264656546875001 0.39614683125 0.653439275 0.41443695781249995 0.6771578921875 0.5709368421875001 0.850184271875 0.552646715625 0.8264656546875001 0.39614683125