9 1 0.5263792140625 0.8374982328125 0.48726765937499994 0.8067915687499999 0.64863944375 0.9847774890625001 0.6914777859375 1 0.611479384375 1 0.5263792140625
1 1 0.138966796875 0.8110153359375 0.09348123593749999 0.7442482625 0.44436019218749995 1 0.5059155125 1 0.138966796875
7 0.8033064640625 1 0.8615366 0.6939849671875 0.5787176984375 0.62591501875 0.5162930734375 0.95397323125 0.7075263625 1 0.8033064640625 1
1 0.698665059375 0.6285100296875 0.7767249546875 0.21828426875 0.5604997390625 0.16624234531249998 0.48243984375000004 0.5764681078125 0.698665059375 0.6285100296875
9 0.2678010859375 0.5277891515625 0.31681223125 0.2702223875 0.20368236875 0.242993853125 0.1546712234375 0.5005606171875 0.2678010859375 0.5277891515625
10 0.5135756546875 0.2909689375 0.5388703453125 0.15803852499999999 0.3610915625 0.1152500375 0.3357968703125 0.24818045 0.5135756546875 0.2909689375
0 0.9260702734375 1 0.9805269750000001 0.713815378125 0.8813211421875 0.6899381328125 0.8223209546874999 1 0.9260702734375 1
6 0.46120005312499995 0.5772846125 0.5419567421875 0.1528864765625 0.3722677015625 0.11204506249999999 0.2915110140625 0.536443196875 0.46120005312499995 0.5772846125
2 0.005306839062500001 0.91216819375 0.1298976421875 0.9421551906250001 0.1926537140625 0.9559121609375 0.271417359375 0.5312364406250001 0.31681223125 0.2702223875 0.20368236875 0.242993853125 0.15203572031249998 0.514410890625 0.0027667875000000003 0.47557026875 0.005306839062500001 0.91216819375
5 0.24206776875 0.7962807625 0.21061335625000002 0.9615821609375 0.291372728125 0.9810196390625 0.3228271390625 0.815718240625 0.24206776875 0.7962807625
3 0.519951759375 0.87048946875 0.5526565015625 0.6986172421875 0.396224059375 0.6609664765625001 0.3635193171875 0.8328387015625 0.519951759375 0.87048946875