10 0.37737068906250004 0.6725595234374999 0.42651724062499996 0.6725595234374999 0.42651724062499996 0.5471130953125 0.37737068906250004 0.5471130953125 0.37737068906250004 0.6725595234374999
9 0.3785344828125 0.85842261875 0.4405603453125 0.85842261875 0.4405603453125 0.6824553578125 0.3785344828125 0.6824553578125 0.3785344828125 0.85842261875
9 0.89113793125 0.71498511875 0.9859396546875001 0.71498511875 0.9859396546875001 0.6056994046875 0.89113793125 0.6056994046875 0.89113793125 0.71498511875
9 0.8899655171875 0.391755953125 0.9871034484375001 0.391755953125 0.9871034484375001 0.2865029765625 0.8899655171875 0.2865029765625 0.8899655171875 0.391755953125
9 0.37737068906250004 0.448318453125 0.43822413750000005 0.448318453125 0.43822413750000005 0.3309375 0.37737068906250004 0.3309375 0.37737068906250004 0.448318453125
1 0.84783620625 0.9755952375 0.983594828125 0.9755952375 0.983594828125 0.724880953125 0.84783620625 0.724880953125 0.84783620625 0.9755952375
1 0.84783620625 0.27861607187500004 0.98125 0.27861607187500004 0.98125 0.023869046875 0.84783620625 0.023869046875 0.84783620625 0.27861607187500004
1 0.44875862031249997 0.4947767859375 0.5412155171874999 0.4947767859375 0.5412155171874999 0.3271130953125 0.44875862031249997 0.3271130953125 0.44875862031249997 0.4947767859375
10 0.28491379375000003 0.690744046875 0.36800862031250003 0.690744046875 0.36800862031250003 0.5309375000000001 0.28491379375000003 0.5309375000000001 0.28491379375000003 0.690744046875
2 0.44758620625 0.1452380953125 0.38086206875 0.1452380953125 0.37737068906250004 0.3190327375 0.5482758624999999 0.3209821421875 0.5493965515625 0.416071428125 0.5856896546875 0.4139880953125 0.583344828125 0.0200297625 0.44758620625 0.0200297625 0.44758620625 0.1452380953125
3 0.742431034375 0.70001488125 0.8110344828124999 0.70001488125 0.8110344828124999 0.5450446421875 0.742431034375 0.5450446421875 0.742431034375 0.70001488125
9 0.37737068906250004 0.3210416671875 0.44641379375 0.3210416671875 0.44641379375 0.137008928125 0.37737068906250004 0.137008928125 0.37737068906250004 0.3210416671875
5 0.92563793125 0.5964732140625 0.9860258625 0.5964732140625 0.9860258625 0.4922321421875 0.92563793125 0.4922321421875 0.92563793125 0.5964732140625
2 0.5915344828125 0.9836755953124999 0.592706896875 0.626101190625 0.5505775859375001 0.62407738125 0.5505775859375001 0.6766071421875 0.37970689687500003 0.6766071421875 0.37737068906250004 0.85842261875 0.448793103125 0.856398809375 0.451094828125 0.9816517859375 0.5915344828125 0.9836755953124999
7 0.592706896875 0.5149851187500001 0.8396465515625 0.5149851187500001 0.8396465515625 0.21781250000000002 0.592706896875 0.21781250000000002 0.592706896875 0.5149851187500001
6 0.4323706890625 0.6624553578125 0.5412155171874999 0.6624553578125 0.5412155171874999 0.5127678578125 0.4323706890625 0.5127678578125 0.4323706890625 0.6624553578125