10 0.6226293109375 0.5471130953125 0.573482759375 0.5471130953125 0.573482759375 0.6725595234374999 0.6226293109375 0.6725595234374999 0.6226293109375 0.5471130953125
9 0.6214655171875 0.6824553578125 0.5594396546875 0.6824553578125 0.5594396546875 0.85842261875 0.6214655171875 0.85842261875 0.6214655171875 0.6824553578125
9 0.10886206875 0.6056994046875 0.0140603453125 0.6056994046875 0.0140603453125 0.71498511875 0.10886206875 0.71498511875 0.10886206875 0.6056994046875
9 0.11003448281249999 0.2865029765625 0.0128965515625 0.2865029765625 0.0128965515625 0.391755953125 0.11003448281249999 0.391755953125 0.11003448281249999 0.2865029765625
9 0.6226293109375 0.3309375 0.5617758625 0.3309375 0.5617758625 0.448318453125 0.6226293109375 0.448318453125 0.6226293109375 0.3309375
1 0.15216379375 0.724880953125 0.016405171875 0.724880953125 0.016405171875 0.9755952375 0.15216379375 0.9755952375 0.15216379375 0.724880953125
1 0.15216379375 0.023869046875 0.01875 0.023869046875 0.01875 0.27861607187500004 0.15216379375 0.27861607187500004 0.15216379375 0.023869046875
1 0.5512413796875 0.3271130953125 0.4587844828125 0.3271130953125 0.4587844828125 0.4947767859375 0.5512413796875 0.4947767859375 0.5512413796875 0.3271130953125
10 0.71508620625 0.5309375000000001 0.6319913796875001 0.5309375000000001 0.6319913796875001 0.690744046875 0.71508620625 0.690744046875 0.71508620625 0.5309375000000001
2 0.55241379375 0.0200297625 0.416655171875 0.0200297625 0.4143103453125 0.4139880953125 0.4506034484375 0.416071428125 0.4517241375 0.3209821421875 0.6226293109375 0.3190327375 0.6191379312499999 0.1452380953125 0.55241379375 0.1452380953125 0.55241379375 0.0200297625
3 0.257568965625 0.5450446421875 0.18896551718750002 0.5450446421875 0.18896551718750002 0.70001488125 0.257568965625 0.70001488125 0.257568965625 0.5450446421875
9 0.6226293109375 0.137008928125 0.55358620625 0.137008928125 0.55358620625 0.3210416671875 0.6226293109375 0.3210416671875 0.6226293109375 0.137008928125
5 0.07436206875 0.4922321421875 0.0139741375 0.4922321421875 0.0139741375 0.5964732140625 0.07436206875 0.5964732140625 0.07436206875 0.4922321421875
2 0.548905171875 0.9816517859375 0.551206896875 0.856398809375 0.6226293109375 0.85842261875 0.6202931031250001 0.6766071421875 0.44942241406249994 0.6766071421875 0.44942241406249994 0.62407738125 0.40729310312499994 0.626101190625 0.4084655171875 0.9836755953124999 0.548905171875 0.9816517859375
7 0.40729310312499994 0.21781250000000002 0.1603534484375 0.21781250000000002 0.1603534484375 0.5149851187500001 0.40729310312499994 0.5149851187500001 0.40729310312499994 0.21781250000000002
6 0.5676293109375 0.5127678578125 0.4587844828125 0.5127678578125 0.4587844828125 0.6624553578125 0.5676293109375 0.6624553578125 0.5676293109375 0.5127678578125