10 0.52268985 0.5252069234375 0.5245967796875 0.5796811828124999 0.664166315625 0.5699453046875 0.6622593859375 0.5154710453125 0.52268985 0.5252069234375
9 0.6727244359375 0.4991375921875 0.67513109375 0.5678873375 0.8709092375 0.5542305437499999 0.8685025828124999 0.4854807984375 0.6727244359375 0.4991375921875
9 0.2817223671875 0.529008303125 0.284083534375 0.5964585390625 0.414679559375 0.5873486203125 0.41231839375 0.519898384375 0.2817223671875 0.529008303125
1 0.7025688531250001 0 0.7041237703125 0.04441855 0.967170128125 0.0260693640625 0.9662575421874999 0 0.7025688531250001 0
1 0 0.0935357421875 0.2076171484375 0.0790531015625 0.20552625156249998 0.019323475 0 0.033660262499999996 0 0.0935357421875
1 0.2734712453125 0.41514900624999995 0.277058653125 0.5176286453125 0.4635983890625 0.5046162921875 0.4600109828125 0.402136653125 0.2734712453125 0.41514900624999995
10 0.5069633453125 0.5913135265625 0.5101874953125 0.683416209375 0.687985509375 0.671013646875 0.684761359375 0.578910965625 0.5069633453125 0.5913135265625
2 0 0.5382579640625 0.07475315 0.533043446875 0.07734210312499999 0.6070007828125 0.2708385015625 0.597382465625 0.26637610624999997 0.4077991109375 0.372127325 0.3991770671875 0.3684012421875 0.359111315625 0 0.386999953125 0 0.5382579640625
3 0.505468928125 0.0991668140625 0.5081308 0.1752071859375 0.6805480187499999 0.16317996875000002 0.6778861468749999 0.087139596875 0.505468928125 0.0991668140625
9 0.0656430125 0.5349816203125 0.0683219453125 0.61150930625 0.2730735984375 0.597226553125 0.2703946671875 0.520698865625 0.0656430125 0.5349816203125
2 0.6035053421875001 0.38172469375 0.6619490484375 0.3776478671875 0.668578978125 0.5670417078125001 0.8709543937499999 0.555520496875 0.8659314874999999 0.4765126390625 0.9825785375 0.4662336390625 0.977112009375 0.31007406406250004 0.6041223437500001 0.33487130781249996 0.6035053421875001 0.38172469375
7 0.14028590624999998 0.0928495078125 0.1498673765625 0.3665585328125 0.48049651562499995 0.343495009375 0.4709150453125 0.069785984375 0.14028590624999998 0.0928495078125
6 0.4800275390625 0.4007403671875 0.4842508109375 0.5213844640625 0.6507905453125 0.5097672390625 0.6465672734375 0.38912314375 0.4800275390625 0.4007403671875