10 0.375174790625 0.5429165140625 0.3222001359375 0.5525458140625 0.344468090625 0.6876176859375 0.39744274687500003 0.6779883859375 0.375174790625 0.5429165140625
9 0.4143362953125 0.68589205 0.347479140625 0.6980448 0.37871503125 0.8875139437499999 0.4455721875 0.8753611937500001 0.4143362953125 0.68589205
9 0.9057844296875001 0.6326359765625 0.99275486875 0.616827196875 0.9937880625 0.5280348312500001 0.988571140625 0.49639028593749995 0.8863851593750001 0.514964821875 0.9057844296875001 0.6326359765625
9 0.9331651296875 0.15247405 0.8284609703125 0.17150631875 0.8471443921875 0.28483530625000003 0.9518485515625 0.2658030375 0.9331651296875 0.15247405
9 0.349420296875 0.3078601328125 0.2838268765625 0.319783171875 0.30466313125 0.4461707078125 0.3702565515625 0.43424767031249994 0.349420296875 0.3078601328125
1 0.9926269 0.6278248984375 0.8608664750000001 0.6517752359375 0.9053706859374999 0.9217267046875 0.989384740625 0.9064553125 0.9926269 0.6278248984375
1 0.753414778125 0 0.7816501375 0.1712686671875 0.9254557437500001 0.1451288546875 0.9015297921875 0 0.753414778125 0
1 0.45975496875 0.283563146875 0.36009645625000003 0.301678259375 0.389858384375 0.48220670156249995 0.48951689531250003 0.46409158906250003 0.45975496875 0.283563146875
10 0.309237515625 0.5369633890625 0.2196702984375 0.5532441875 0.24803750781249997 0.7253126125 0.337604725 0.7090318124999999 0.309237515625 0.5369633890625
2 0.44165264843749996 0 0.31291794375 0.023400346875 0.32654815 0.106077790625 0.2546267625 0.119151075 0.281713665625 0.30696496406249996 0.46627695156250004 0.2755784328125 0.4843642015625 0.377744296875 0.52311441875 0.3683901890625 0.46011835312500005 0 0.44165264843749996 0
3 0.7892755218749999 0.4653507484375 0.715328440625 0.478792246875 0.74283715625 0.645653275 0.8167842375 0.6322117765625 0.7892755218749999 0.4653507484375
9 0.323823659375 0.09744691718750001 0.249402678125 0.11097455625 0.2820702703125 0.3091280359375 0.35649125000000004 0.295600396875 0.323823659375 0.09744691718750001
5 0.968522525 0.3741998484375 0.9034308828125001 0.386031675 0.9219346828124999 0.49827111406249996 0.9870263250000001 0.4864392859375 0.968522525 0.3741998484375
2 0.47717883125 0.9971561578125 0.5321082796875001 0.9968365875 0.6302728984375 0.9789930218749999 0.5683303734375 0.5954037265625 0.5225602984375 0.6014790421875 0.5318848390625 0.6580393875 0.3477047609375 0.69151814375 0.3774605890625 0.887741965625 0.4540869625 0.87156905 0.47717883125 0.9971561578125
7 0.76202935625 0.1074042703125 0.49585517812499996 0.1557872453125 0.54860619375 0.4757617734375 0.8147803703125 0.42737879999999995 0.76202935625 0.1074042703125
6 0.49271048593750005 0.48346310781249996 0.37538756093750003 0.5047891124999999 0.401958540625 0.6659620609375 0.519281465625 0.6446360546875 0.49271048593750005 0.48346310781249996