10 0.602557253125 0.6779883859375 0.6555319093749999 0.6876176859375 0.6777998640625 0.5525458140625 0.624825209375 0.5429165140625 0.602557253125 0.6779883859375
9 0.5544278125 0.8753611937500001 0.62128496875 0.8875139437499999 0.652520859375 0.6980448 0.5856637046875 0.68589205 0.5544278125 0.8753611937500001
9 0.113614840625 0.514964821875 0.011428859375 0.49639028593749995 0.0062119375 0.5280348312500001 0.00724513125 0.616827196875 0.0942155703125 0.6326359765625 0.113614840625 0.514964821875
9 0.0481514484375 0.2658030375 0.15285560781250002 0.28483530625000003 0.1715390296875 0.17150631875 0.0668348703125 0.15247405 0.0481514484375 0.2658030375
9 0.6297434484375 0.43424767031249994 0.69533686875 0.4461707078125 0.7161731234375 0.319783171875 0.650579703125 0.3078601328125 0.6297434484375 0.43424767031249994
1 0.010615259375 0.9064553125 0.0946293140625 0.9217267046875 0.139133525 0.6517752359375 0.0073731000000000005 0.6278248984375 0.010615259375 0.9064553125
1 0.0984702078125 0 0.07454425625 0.1451288546875 0.2183498625 0.1712686671875 0.24658522187499998 0 0.0984702078125 0
1 0.5104831046875 0.46409158906250003 0.610141615625 0.48220670156249995 0.63990354375 0.301678259375 0.54024503125 0.283563146875 0.5104831046875 0.46409158906250003
10 0.662395275 0.7090318124999999 0.7519624921875 0.7253126125 0.7803297015624999 0.5532441875 0.690762484375 0.5369633890625 0.662395275 0.7090318124999999
2 0.539881646875 0 0.47688558125 0.3683901890625 0.5156357984375 0.377744296875 0.5337230484375 0.2755784328125 0.718286334375 0.30696496406249996 0.7453732375000001 0.119151075 0.67345185 0.106077790625 0.68708205625 0.023400346875 0.5583473515625 0 0.539881646875 0
3 0.1832157625 0.6322117765625 0.25716284375 0.645653275 0.284671559375 0.478792246875 0.210724478125 0.4653507484375 0.1832157625 0.6322117765625
9 0.64350875 0.295600396875 0.7179297296875 0.3091280359375 0.7505973218750001 0.11097455625 0.676176340625 0.09744691718750001 0.64350875 0.295600396875
5 0.012973675 0.4864392859375 0.07806531718750001 0.49827111406249996 0.0965691171875 0.386031675 0.031477475 0.3741998484375 0.012973675 0.4864392859375
2 0.5459130375 0.87156905 0.6225394109375 0.887741965625 0.6522952390625 0.69151814375 0.4681151609375 0.6580393875 0.47743970156250004 0.6014790421875 0.43166962656249996 0.5954037265625 0.3697271015625 0.9789930218749999 0.4678917203125 0.9968365875 0.52282116875 0.9971561578125 0.5459130375 0.87156905
7 0.1852196296875 0.42737879999999995 0.45139380625000003 0.4757617734375 0.504144821875 0.1557872453125 0.23797064375 0.1074042703125 0.1852196296875 0.42737879999999995
6 0.48071853437499995 0.6446360546875 0.598041459375 0.6659620609375 0.6246124390625 0.5047891124999999 0.5072895140625 0.48346310781249996 0.48071853437499995 0.6446360546875