5 0.0067068171875 0.5880185390625 0.0164232078125 0.5896154640625 0.0284526328125 0.5164231671875 0.0058304671875 0.5127051296875 0.0067068171875 0.5880185390625
1 0.01069993125 0.9311858687499999 0.21418084999999998 0.9646287125 0.2647239015625 0.6571026421874999 0.0070178390625000005 0.6147476937499999 0.01069993125 0.9311858687499999
1 0.7164419671875 0.592886584375 0.7543792 0.362059846875 0.3479800734375 0.2952666390625 0.310042840625 0.5260933796875 0.7164419671875 0.592886584375
9 0.2606899671875 0.76132751875 0.22693221874999997 0.9667244484375 0.37038996874999996 0.9903022625 0.4041477171875 0.7849053328125 0.2606899671875 0.76132751875
9 0.6855536765625 0.7157741140625 0.7040182578125 0.603427503125 0.44341818125000004 0.5605969140625 0.4249535984375 0.672943521875 0.6855536765625 0.7157741140625
10 0.7963437078125 0.10672940156249999 0.80593031875 0.04840025625 0.5437443296875 0.005309015625 0.3846401421875 0.0071603609375000005 0.379534509375 0.0382252625 0.7963437078125 0.10672940156249999
0 0.8719798750000001 0.622644084375 0.911593890625 0.381615059375 0.7837512484375 0.3606036453125 0.7441372328125 0.6016326703125 0.8719798750000001 0.622644084375
0 0.9249209890625 1 0.9624308812500001 0.7717733765625 0.8267903593750001 0.7494803531249999 0.7856165234375 1 0.9249209890625 1
6 0.749677928125 0.34242076718750003 0.7859333859375 0.12182668125 0.3823012484375 0.0554882390625 0.34604579062499996 0.2760823265625 0.749677928125 0.34242076718750003
2 0.75380105625 1 0.7954748359375 0.7464384578125001 0.42883762968749994 0.684012975 0.4132153640625 0.7947841671875 0.2566693890625 0.771160184375 0.22459091875 0.9663396484375 0.42939525156249997 1 0.75380105625 1
3 0.2632794953125 0.06157553125 0.0771172328125 0.030979070312500002 0.056708878124999994 0.1551524390625 0.2428711421875 0.1857488984375 0.2632794953125 0.06157553125
7 0.328978171875 0.246926596875 0.0491833140625 0.2009412734375 0.005309015625 0.46789172187499994 0.0056210578125 0.49470864687500005 0.28082054375 0.5399387046874999 0.328978171875 0.246926596875