5 0.2851307625 0.877303584375 0.2726340921875 0.9660585671874999 0.34163423125 0.9765566625 0.3541309 0.887801678125 0.2851307625 0.877303584375
1 0.01618155 0.9270403421875001 0.24814555624999998 0.9623327359375 0.2941644234375 0.6354933328125 0.0103388171875 0.59231040625 0.01618155 0.9270403421875001
1 0.4243327328125 0.6329971390625 0.64193864375 0.66610500625 0.6958777203125 0.2830139859375 0.4782718078125 0.2499061203125 0.4243327328125 0.6329971390625
9 0.024126221875 0.4440036 0.009556351562499999 0.5474830515625 0.010123940625 0.5800001734375 0.1995772453125 0.608824734375 0.2186175875 0.47359468125 0.024126221875 0.4440036
9 0.32484018593749997 0.4875017265625 0.43075203437500004 0.5036157890624999 0.4653400203125 0.257961840625 0.3594281703125 0.241847778125 0.32484018593749997 0.4875017265625
10 1 0.3292849703125 0.9365838656250001 0.31963645937499996 0.88126311875 0.712540503125 0.9820511249999999 0.7278749953125 1 0.6003968640624999 1 0.3292849703125
0 0.47818669218750004 0.222580771875 0.7054105453124999 0.2571519671875 0.72237838125 0.13664145 0.49515452968749996 0.102070253125 0.47818669218750004 0.222580771875
0 0.0846682 0 0.0760612125 0.06112932343750001 0.3687643515625 0.10566293125 0.383641653125 0 0.0846682 0
0 0.9444954078125001 0.9946066374999999 0.9793211703125 0.7472639265625001 0.880451028125 0.7322212328125 0.84342446875 0.99519465 0.9444954078125001 0.9946066374999999
6 0.6585992125 0.6734092656249999 0.8665585609375 0.705049446875 0.9201303890625001 0.324566721875 0.7121710421875 0.29292654375 0.6585992125 0.6734092656249999
2 0.1896342453125 0.6095662453124999 0.21229918125 0.46261011874999997 0.3160022421875 0.480810096875 0.36272055000000003 0.1345709171875 0.0738817640625 0.090625253125 0.009171634375 0.5254425687500001 0.01016339375 0.582260475 0.1896342453125 0.6095662453124999
3 0.68489624375 0.9752570046875 0.8019574593750001 0.993067396875 0.8277623375 0.8097936484374999 0.7107011203125 0.791983253125 0.68489624375 0.9752570046875
7 0.3584945125 0.97642045625 0.49520579062500003 0.997220528125 0.6378296703124999 0.9963907656250001 0.6799622140625 0.6971531765625001 0.40373266093750004 0.6551259593750001 0.3584945125 0.97642045625