5 0.9941695328125 0.5127051296875 0.9715473671874999 0.5164231671875 0.9835767921875 0.5896154640625 0.9932931828125 0.5880185390625 0.9941695328125 0.5127051296875
1 0.9929821609375 0.6147476937499999 0.7352760984375 0.6571026421874999 0.78581915 0.9646287125 0.9893000687500001 0.9311858687499999 0.9929821609375 0.6147476937499999
1 0.689957159375 0.5260933796875 0.6520199265625 0.2952666390625 0.24562080000000003 0.362059846875 0.28355803281249997 0.592886584375 0.689957159375 0.5260933796875
9 0.5958522828125 0.7849053328125 0.62961003125 0.9903022625 0.77306778125 0.9667244484375 0.7393100328125 0.76132751875 0.5958522828125 0.7849053328125
9 0.5750464015625 0.672943521875 0.55658181875 0.5605969140625 0.2959817421875 0.603427503125 0.3144463234375 0.7157741140625 0.5750464015625 0.672943521875
10 0.620465490625 0.0382252625 0.6153598578125 0.0071603609375000005 0.4562556703125 0.005309015625 0.19406968125 0.04840025625 0.20365629218749998 0.10672940156249999 0.620465490625 0.0382252625
0 0.2558627671875 0.6016326703125 0.2162487515625 0.3606036453125 0.088406109375 0.381615059375 0.12802012499999998 0.622644084375 0.2558627671875 0.6016326703125
0 0.21438347656249998 1 0.173209640625 0.7494803531249999 0.037569118750000005 0.7717733765625 0.0750790109375 1 0.21438347656249998 1
6 0.6539542093749999 0.2760823265625 0.6176987515625 0.0554882390625 0.2140666140625 0.12182668125 0.250322071875 0.34242076718750003 0.6539542093749999 0.2760823265625
2 0.5706047484375001 1 0.7754090812500001 0.9663396484375 0.7433306109375 0.771160184375 0.5867846359375 0.7947841671875 0.5711623703125001 0.684012975 0.20452516406250001 0.7464384578125001 0.24619894375 1 0.5706047484375001 1
3 0.7571288578125001 0.1857488984375 0.943291121875 0.1551524390625 0.9228827671875001 0.030979070312500002 0.7367205046875 0.06157553125 0.7571288578125001 0.1857488984375
7 0.71917945625 0.5399387046874999 0.9943789421875 0.49470864687500005 0.9946909843749999 0.46789172187499994 0.9508166859375 0.2009412734375 0.671021828125 0.246926596875 0.71917945625 0.5399387046874999