5 0.3958698734375 0.0009009015625 0.3276803390625 0.0009009015625 0.3276803390625 0.10389189218749999 0.3958698734375 0.10389189218749999 0.3958698734375 0.0009009015625
1 0.303479490625 0.011567567187499999 0.012319660937500001 0.011567567187499999 0.012319660937500001 0.33908108124999997 0.303479490625 0.33908108124999997 0.303479490625 0.011567567187499999
1 0.6441301265625 0.3606486484375 0.429080621875 0.3606486484375 0.429080621875 0.7390810812499999 0.6441301265625 0.7390810812499999 0.6441301265625 0.3606486484375
9 0.20833097656250002 0.35095495468750004 0.0161244703125 0.35095495468750004 0.0161244703125 0.484540540625 0.20833097656250002 0.484540540625 0.20833097656250002 0.35095495468750004
9 0.41766619531250004 0.4867207203125 0.3129985859375 0.4867207203125 0.3129985859375 0.7293873875 0.41766619531250004 0.7293873875 0.41766619531250004 0.4867207203125
10 0.9923620937500001 0.35095495468750004 0.8820084859374999 0.35095495468750004 0.8820084859374999 0.7390810812499999 0.9923620937500001 0.7390810812499999 0.9923620937500001 0.35095495468750004
0 0.6498302687499999 0.7654954953125 0.4252758140625 0.7654954953125 0.4252758140625 0.884540540625 0.6498302687499999 0.884540540625 0.6498302687499999 0.7654954953125
0 0.303479490625 0.86246846875 0.0142149921875 0.86246846875 0.0142149921875 0.9887747750000001 0.303479490625 0.9887747750000001 0.303479490625 0.86246846875
0 0.9847666187499999 0.011567567187499999 0.88390381875 0.011567567187499999 0.88390381875 0.3318018015625 0.9847666187499999 0.3318018015625 0.9847666187499999 0.011567567187499999
6 0.8667609625000001 0.3560360359375 0.6612446953125 0.3560360359375 0.6612446953125 0.7318918921875001 0.8667609625000001 0.7318918921875001 0.8667609625000001 0.3560360359375
2 0.0161244703125 0.833621621875 0.3015700140625 0.833621621875 0.3035360671875 0.4918918921875 0.2007213578125 0.494234234375 0.19881188125 0.348774775 0.012319660937500001 0.348774775 0.0161244703125 0.833621621875
3 0.8434936343749999 0.06798198125 0.7278076375 0.06798198125 0.7278076375 0.2490270265625 0.8434936343749999 0.2490270265625 0.8434936343749999 0.06798198125
7 0.685148515625 0.018828828125 0.4121640734375 0.018828828125 0.4121640734375 0.33621621562500004 0.685148515625 0.33621621562500004 0.685148515625 0.018828828125