2 0.9759303078125001 0.248724884375 0.9745538859374999 0.013145923437500002 0.5564251671875 0.0426599515625 0.5577966640625001 0.273142 0.67130415 0.26102287031250004 0.67421338125 0.3761161234375 0.6478818171875 0.378278796875 0.6510071484375 0.530358646875 0.976304890625 0.5042508625 0.9759303078125001 0.248724884375
9 0.5498942828125 0.047848012499999995 0.5511885984375 0.2693741234375 0.6671062109375 0.25927585625 0.66581189375 0.037749743749999995 0.5498942828125 0.047848012499999995
4 0.6480665984375 0.40139765 0.6488356015625001 0.5330148515625 0.74050900625 0.5250286390625 0.7397400046875 0.3934114375 0.6480665984375 0.40139765
4 0.65763305 0.543560040625 0.6584559265625 0.684397659375 0.774149975 0.6743188671875 0.7733270984375 0.5334812484375 0.65763305 0.543560040625
10 0.2193327921875 1 0.21908578437499998 0.9577238390625 0 0.9768096953125 0 1 0.2193327921875 1
0 0.5489086750000001 1 0.5485346140625 0.9359785265625 0.2320061328125 0.9635531921875 0.23221908125000001 1 0.5489086750000001 1
8 0 0.7025627640625001 0.0559472890625 0.697688865625 0.055407185937500006 0.6052486015625 0 0.6100754484375 0 0.7025627640625001
6 0 0.9629523437499999 0.218793715625 0.9438919312499999 0.21673300312500002 0.5911945578125 0 0.61007545 0 0.9629523437499999
1 0 0.59415786875 0.21466523906249999 0.5754571125 0.21241463125 0.190258746875 0 0.2087634390625 0 0.59415786875
9 0.7864447984375 0.536931359375 0.7871988578125 0.6659909765625 0.96972155625 0.650090346875 0.9743407578125 0.55091420625 0.9741635125 0.5205780734375 0.7864447984375 0.536931359375
9 0.76049691875 0.383572215625 0.76129159375 0.519583215625 0.9729315906249999 0.5011460046875 0.972136915625 0.36513500625 0.76049691875 0.383572215625
5 0.1831634046875 0.07979610468750001 0.1837438921875 0.1791484015625 0.31275238125 0.1679097125 0.312171890625 0.0685574140625 0.1831634046875 0.07979610468750001
2 0.6616959 1 0.9546127578125001 0.9744822828125 0.9754374046875001 0.5273687703125 0.6467291171875 0.5468063828124999 0.6432149765624999 0.6854891828125 0.5579994609375001 0.6906819859375 0.5637821921875 1 0.6616959 1
7 0.22463448593750002 0.0761964375 0.2276376984375 0.5902052171875 0.5463521328125001 0.562440121875 0.5433489218750001 0.048431340625 0.22463448593750002 0.0761964375
3 0.265778071875 0.7098928109375 0.2667184234375 0.8708369749999999 0.42595764843749995 0.8569647046875 0.425017296875 0.6960205421875 0.265778071875 0.7098928109375