2 0.9418392203125 0.0461724140625 0.48587088906250003 0.0481609203125 0.487941534375 0.3491954015625 0.6293544453125001 0.3512643671875 0.62923264375 0.3268965515625 0.7362971984375 0.3289655171875 0.734226553125 0.43402298906250003 0.9482704015625 0.4340459765625 0.9418392203125 0.0461724140625
9 0.9439829468750001 0.3328390796875 0.738258221875 0.3328390796875 0.738258221875 0.4401149421875 0.9439829468750001 0.4401149421875 0.9439829468750001 0.3328390796875
4 0.6078806328125 0.2663793109375 0.48565164375 0.2663793109375 0.48565164375 0.35121839062500004 0.6078806328125 0.35121839062500004 0.6078806328125 0.2663793109375
4 0.475152253125 0.236068965625 0.3443605359375 0.236068965625 0.3443605359375 0.34313793125 0.475152253125 0.34313793125 0.475152253125 0.236068965625
10 0.1261875765625 0.7510229890625 0.025383678124999996 0.7510229890625 0.025383678124999996 0.9896091953124999 0.1261875765625 0.9896091953124999 0.1261875765625 0.7510229890625
0 0.11973203437499999 0.44617241406249997 0.025383678124999996 0.44617241406249997 0.025383678124999996 0.7391034484375 0.11973203437499999 0.7391034484375 0.11973203437499999 0.44617241406249997
8 0.466589525 0.900517240625 0.380742996875 0.900517240625 0.380742996875 0.991632184375 0.466589525 0.991632184375 0.466589525 0.900517240625
6 0.466589525 0.751218390625 0.13904993906250002 0.751218390625 0.13904993906250002 0.993643678125 0.466589525 0.993643678125 0.466589525 0.751218390625
1 0.8390864796875 0.7530459765625 0.481364190625 0.7530459765625 0.481364190625 0.991632184375 0.8390864796875 0.991632184375 0.8390864796875 0.7530459765625
9 0.470889159375 0.050229884375 0.3510353234375 0.050229884375 0.3510353234375 0.2239540234375 0.470889159375 0.2239540234375 0.470889159375 0.050229884375
9 0.6153349578125 0.05126436718750001 0.48902557812499997 0.05126436718750001 0.48902557812499997 0.24712643750000002 0.6153349578125 0.24712643750000002 0.6153349578125 0.05126436718750001
5 0.9439829468750001 0.6601149421875 0.8517174171875 0.6601149421875 0.8517174171875 0.779505746875 0.9439829468750001 0.779505746875 0.9439829468750001 0.6601149421875
2 0.032034104687499995 0.43206896562499997 0.3466504265625 0.43609195468750006 0.34457978125 0.35724137968749997 0.47302070625 0.35324137968749997 0.464457978125 0.048195401562500004 0.029878196875000002 0.042137931249999996 0.032034104687499995 0.43206896562499997
7 0.9439707671875001 0.44617241406249997 0.46662606562500003 0.44617241406249997 0.46662606562500003 0.7411264375 0.9439707671875001 0.7411264375 0.9439707671875001 0.44617241406249997
3 0.352448234375 0.5591264375 0.202984165625 0.5591264375 0.202984165625 0.706494253125 0.352448234375 0.706494253125 0.352448234375 0.5591264375