2 0.0517295984375 0.4340459765625 0.26577344687500004 0.43402298906250003 0.2637028015625 0.3289655171875 0.37076735625 0.3268965515625 0.3706455546875 0.3512643671875 0.512058465625 0.3491954015625 0.5141291109374999 0.0481609203125 0.0581607796875 0.0461724140625 0.0517295984375 0.4340459765625
9 0.05601705312500001 0.4401149421875 0.261741778125 0.4401149421875 0.261741778125 0.3328390796875 0.05601705312500001 0.3328390796875 0.05601705312500001 0.4401149421875
4 0.39211936718749996 0.35121839062500004 0.51434835625 0.35121839062500004 0.51434835625 0.2663793109375 0.39211936718749996 0.2663793109375 0.39211936718749996 0.35121839062500004
4 0.524847746875 0.34313793125 0.6556394640625001 0.34313793125 0.6556394640625001 0.236068965625 0.524847746875 0.236068965625 0.524847746875 0.34313793125
10 0.8738124234375 0.9896091953124999 0.974616321875 0.9896091953124999 0.974616321875 0.7510229890625 0.8738124234375 0.7510229890625 0.8738124234375 0.9896091953124999
0 0.880267965625 0.7391034484375 0.974616321875 0.7391034484375 0.974616321875 0.44617241406249997 0.880267965625 0.44617241406249997 0.880267965625 0.7391034484375
8 0.5334104749999999 0.991632184375 0.619257003125 0.991632184375 0.619257003125 0.900517240625 0.5334104749999999 0.900517240625 0.5334104749999999 0.991632184375
6 0.5334104749999999 0.993643678125 0.8609500609375 0.993643678125 0.8609500609375 0.751218390625 0.5334104749999999 0.751218390625 0.5334104749999999 0.993643678125
1 0.1609135203125 0.991632184375 0.518635809375 0.991632184375 0.518635809375 0.7530459765625 0.1609135203125 0.7530459765625 0.1609135203125 0.991632184375
9 0.529110840625 0.2239540234375 0.6489646765625 0.2239540234375 0.6489646765625 0.050229884375 0.529110840625 0.050229884375 0.529110840625 0.2239540234375
9 0.38466504218750003 0.24712643750000002 0.5109744218750001 0.24712643750000002 0.5109744218750001 0.05126436718750001 0.38466504218750003 0.05126436718750001 0.38466504218750003 0.24712643750000002
5 0.05601705312500001 0.779505746875 0.1482825828125 0.779505746875 0.1482825828125 0.6601149421875 0.05601705312500001 0.6601149421875 0.05601705312500001 0.779505746875
2 0.9701218031250001 0.042137931249999996 0.535542021875 0.048195401562500004 0.52697929375 0.35324137968749997 0.65542021875 0.35724137968749997 0.6533495734375 0.43609195468750006 0.9679658953124999 0.43206896562499997 0.9701218031250001 0.042137931249999996
7 0.056029232812499996 0.7411264375 0.5333739343749999 0.7411264375 0.5333739343749999 0.44617241406249997 0.056029232812499996 0.44617241406249997 0.056029232812499996 0.7411264375
3 0.647551765625 0.706494253125 0.797015834375 0.706494253125 0.797015834375 0.5591264375 0.647551765625 0.5591264375 0.647551765625 0.706494253125