2 0.023695109375000002 0.5042508625 0.3489928515625 0.530358646875 0.3521181828125 0.378278796875 0.32578661875 0.3761161234375 0.32869585 0.26102287031250004 0.4422033359375 0.273142 0.44357483281250004 0.0426599515625 0.025446114062500004 0.013145923437500002 0.0240696921875 0.248724884375 0.023695109375000002 0.5042508625
9 0.33418810625 0.037749743749999995 0.3328937890625 0.25927585625 0.44881140156250005 0.2693741234375 0.4501057171875 0.047848012499999995 0.33418810625 0.037749743749999995
4 0.2602599953125 0.3934114375 0.25949099375 0.5250286390625 0.3511643984375 0.5330148515625 0.3519334015625 0.40139765 0.2602599953125 0.3934114375
4 0.22667290156250003 0.5334812484375 0.225850025 0.6743188671875 0.34154407343750004 0.684397659375 0.34236695 0.543560040625 0.22667290156250003 0.5334812484375
10 1 0.9768096953125 0.780914215625 0.9577238390625 0.7806672078125 1 1 1 1 0.9768096953125
0 0.76778091875 1 0.7679938671875 0.9635531921875 0.45146538593749996 0.9359785265625 0.451091325 1 0.76778091875 1
8 1 0.6100754484375 0.9445928140625 0.6052486015625 0.9440527109374999 0.697688865625 1 0.7025627640625001 1 0.6100754484375
6 1 0.61007545 0.783266996875 0.5911945578125 0.781206284375 0.9438919312499999 1 0.9629523437499999 1 0.61007545
1 1 0.2087634390625 0.7875853687500001 0.190258746875 0.7853347609375 0.5754571125 1 0.59415786875 1 0.2087634390625
9 0.025836487499999998 0.5205780734375 0.025659242187499997 0.55091420625 0.03027844375 0.650090346875 0.21280114218750001 0.6659909765625 0.21355520156250002 0.536931359375 0.025836487499999998 0.5205780734375
9 0.027863084375000003 0.36513500625 0.027068409375 0.5011460046875 0.23870840625 0.519583215625 0.23950308125 0.383572215625 0.027863084375000003 0.36513500625
5 0.687828109375 0.0685574140625 0.6872476187500001 0.1679097125 0.8162561078125 0.1791484015625 0.8168365953125001 0.07979610468750001 0.687828109375 0.0685574140625
2 0.43621780781249997 1 0.4420005390625 0.6906819859375 0.35678502343749996 0.6854891828125 0.3532708828125 0.5468063828124999 0.024562595312499998 0.5273687703125 0.045387242187499996 0.9744822828125 0.3383041 1 0.43621780781249997 1
7 0.456651078125 0.048431340625 0.4536478671875 0.562440121875 0.7723623015625 0.5902052171875 0.7753655140625 0.0761964375 0.456651078125 0.048431340625
3 0.574982703125 0.6960205421875 0.5740423515625 0.8569647046875 0.7332815765625 0.8708369749999999 0.734221928125 0.7098928109375 0.574982703125 0.6960205421875