3 0.6809722203125 0.49198238281249995 0.5266197140625 0.5246567359375 0.57994518125 0.7034716875 0.7342976859375 0.670797334375 0.6809722203125 0.49198238281249995
5 0.6974195546875 1 0.6741449875 0.9219539749999999 0.5977027125000001 0.9381357781249999 0.616151609375 1 0.6974195546875 1
2 0.526655571875 0.7509672859375 0.4452747796875 0.4780751109375 0.371835078125 0.49579720624999996 0.3379186703125 0.38211461406249997 0.13192964375 0.4323099375 0.2375174671875 0.8033828234374999 0.526655571875 0.7509672859375
2 0.73532529375 0.46283180625 0.9896472656249999 0.40686026406250003 0.8872854140624999 0.06361283125 0.5057536421875 0.1443779859375 0.55587580625 0.32941081250000004 0.6896291812500001 0.3010720078125 0.73532529375 0.46283180625
0 0.14796014375 0.5541930515625 0.0332967296875 0.5784657578125 0.1072795875 0.8265506234375 0.2219430015625 0.8022779171875 0.14796014375 0.5541930515625
0 0.8501009500000001 0.0495127421875 0.6181975046875 0.0360059046875 0.6357566515624999 0.0948865515625 0.8501009500000001 0.0495127421875
10 0.316496784375 0.054775259374999996 0.0417721625 0.11293077343749999 0.073212509375 0.2183589 0.34793713125000003 0.1602033859375 0.316496784375 0.054775259374999996
9 0.330152359375 0.3901362625 0.13426222968749998 0.43160357187500004 0.1639171109375 0.5310445390625 0.3598072390625 0.4895772296875 0.330152359375 0.3901362625
9 0.48125485625 0.14736314374999998 0.364199221875 0.17214225 0.4196889953125 0.3582147203125 0.5367446296875 0.333435615625 0.48125485625 0.14736314374999998
9 0.6210480203125 0.12217261875 0.5063710140625 0.1464482015625 0.5612399078125 0.3304386953125 0.6759169140625 0.3061631125 0.6210480203125 0.12217261875
1 1 0.44157583437500003 0.9920316140625 0.41485564531249997 0.74666604375 0.4667962421875 0.8336593062500001 0.7585085671875 1 0.7232964734375 1 0.44157583437500003
7 0.6790414671875 1 0.8588088828125 0.9619456515625 0.782303921875 0.7054034828125 0.249491471875 0.818192725 0.3037092953125 1 0.6790414671875 1
0 0.280906875 1 0.22742918906249998 0.8206746140625001 0.10792696718749999 0.8459716281249999 0.15386068125000002 1 0.280906875 1
6 0.35286908906250003 0.17674159375 0.0781444671875 0.2348971078125 0.13363073281249999 0.4209578171875 0.40835535468749995 0.36280230156250004 0.35286908906250003 0.17674159375