3 0.441200884375 0.6580479828125 0.4476153078125 0.5007706515625 0.26986837656249996 0.5028370328125 0.26345395312500003 0.6601143656249999 0.441200884375 0.6580479828125
5 0 0.5337990859375 0.0458069015625 0.5332665624999999 0.0489836125 0.45537578125 0 0.4559452359375 0 0.5337990859375
2 0.2386440796875 0.438580221875 0.509906334375 0.43542668593749995 0.5109491640625 0.3599971046875 0.6239561796875 0.3586695078125 0.6264314234375 0.146965190625 0.25877701875 0.14638038281250002 0.2386440796875 0.438580221875
2 0.6209604859375 0.5825618453125 0.6154251937499999 0.7188565921875 0.45523433750000003 0.7182824828125 0.44637140156250005 0.986028896875 0.787308809375 0.9869243031250001 0.803689428125 0.5852826453125 0.6209604859375 0.5825618453125
0 0.5100917515625001 0.128854225 0.51485681875 0.012018053125 0.2682537046875 0.014884915625 0.26348863906250003 0.1317210890625 0.5100917515625001 0.128854225
0 0.9048397453125 0.9758262249999999 0.9151646171875001 0.7226673328125 0.8185742078124999 0.7237902375 0.8082493359375 0.976949128125 0.9048397453125 0.9758262249999999
10 0.9312807062499999 0.4280916421875 0.94269743125 0.14816125468750002 0.8378990015625 0.14937958125 0.826482275 0.429309965625 0.9312807062499999 0.4280916421875
9 0.6183901765625001 0.3490024828125 0.6265307796874999 0.1494004296875 0.52768375 0.15054956875 0.519543146875 0.350151621875 0.6183901765625001 0.3490024828125
9 0.8067397171874999 0.5609247765625 0.8116041953125 0.441651053125 0.6266430921875 0.443801303125 0.6217786140625 0.5630750250000001 0.8067397171874999 0.5609247765625
9 0.7968659453125 0.702156590625 0.801631575 0.58530656875 0.618740015625 0.5874327593750001 0.613974384375 0.70428278125 0.7968659453125 0.702156590625
1 0.43836214843750004 0.9861220093749999 0.4488858484375 0.7280880187500001 0.15891585156250002 0.731459040625 0.14839215156250002 0.98949303125 0.43836214843750004 0.9861220093749999
7 0 0.6992800515625001 0.2201222546875 0.6967210390624999 0.24226433125 0.1538123140625 0 0.15662873906250002 0 0.6992800515625001
0 0 0.134784253125 0.245201821875 0.13193368125 0.250167971875 0.0101670109375 0 0.0130753171875 0 0.134784253125
6 0.8100428484375 0.4295010828125 0.8214595750000001 0.1495706953125 0.6365101609375 0.15172080937500002 0.625093434375 0.43165119531249996 0.8100428484375 0.4295010828125