3 0.498283378125 0.514919540625 0.3435694828125 0.514919540625 0.3435694828125 0.6896551718749999 0.498283378125 0.6896551718749999 0.498283378125 0.514919540625
5 0.5475204359375 0.9088045984375 0.4708991828125 0.9088045984375 0.4708991828125 0.991632184375 0.5475204359375 0.991632184375 0.5475204359375 0.9088045984375
2 0.636117165625 0.34718390781249997 0.6361035421875 0.4582758625 0.561880109375 0.45627586249999996 0.561880109375 0.722942528125 0.8492234328125001 0.71486206875 0.8444414171875 0.35324137968749997 0.636117165625 0.34718390781249997
2 0.0207220703125 0.49667816093750006 0.284128065625 0.49870115000000004 0.2817302453125 0.3411264375 0.4158038140625 0.341149425 0.41103542187500003 0.1613218390625 0.0159400546875 0.1613218390625 0.0207220703125 0.49667816093750006
0 0.9785286109375001 0.46839080468749994 0.8635967296875 0.46839080468749994 0.8635967296875 0.7108160921875 0.9785286109375001 0.7108160921875 0.9785286109375001 0.46839080468749994
0 0.274550409375 0.0461724140625 0.0255177109375 0.0461724140625 0.0255177109375 0.1411264375 0.274550409375 0.1411264375 0.274550409375 0.0461724140625
10 0.8396457765625 0.042137931249999996 0.5642779296875 0.042137931249999996 0.5642779296875 0.1451609203125 0.8396457765625 0.1451609203125 0.8396457765625 0.042137931249999996
9 0.8420435968750001 0.3530459765625 0.6456948234375 0.3530459765625 0.6456948234375 0.450218390625 0.8420435968750001 0.450218390625 0.8420435968750001 0.3530459765625
9 0.5523024515625 0.15929885 0.43497275156250004 0.15929885 0.43497275156250004 0.3411264375 0.5523024515625 0.3411264375 0.5523024515625 0.15929885
9 0.41103542187500003 0.163344828125 0.29608991875 0.163344828125 0.29608991875 0.34313793125 0.41103542187500003 0.34313793125 0.41103542187500003 0.163344828125
1 0.274550409375 0.5045517234375 0.0207220703125 0.5045517234375 0.0207220703125 0.7896091953125 0.274550409375 0.7896091953125 0.274550409375 0.5045517234375
7 0.8420980921875 0.7308045984375 0.30803814687500003 0.7308045984375 0.30803814687500003 0.981494253125 0.8420980921875 0.981494253125 0.8420980921875 0.7308045984375
0 0.9833787468749999 0.728793103125 0.8635967296875 0.728793103125 0.8635967296875 0.9774712640625 0.9833787468749999 0.9774712640625 0.9833787468749999 0.728793103125
6 0.8396457765625 0.1613218390625 0.5642779296875 0.1613218390625 0.5642779296875 0.34313793125 0.8396457765625 0.34313793125 0.8396457765625 0.1613218390625