1 0.2664465015625 0.36892349375 0.29471488749999997 0.49457094843749994 0.4953643171875 0.4482954078125 0.4670959328125 0.322647953125 0.2664465015625 0.36892349375
0 0.1730102359375 0.4381918296875 0.20069022812499998 0.5612239859375 0.292618721875 0.5400226265625 0.26493873125 0.4169904703125 0.1730102359375 0.4381918296875
6 0.3583300625 0.7851412484375 0.38397896249999997 0.8991455984375 0.6681525515625 0.8336069796875 0.6425036515625 0.7196026296875 0.3583300625 0.7851412484375
0 0.067437071875 0.2581064734375 0.012610434374999998 0.270751075 0.0149975296875 0.3220029734375 0.0307321953125 0.39194049375 0.09425144375 0.37729112656249997 0.067437071875 0.2581064734375
2 0.4287705609375 0.1447893234375 0.0716336671875 0.2298799265625 0.105306496875 0.39517561093750003 0.461063625 0.31176549374999996 0.4287705609375 0.1447893234375
9 0.53886254375 0.19453558437500001 0.5615977609375 0.2955891796875 0.6438401765624999 0.27662170937499997 0.621104959375 0.1755681140625 0.53886254375 0.19453558437500001
9 0.7547434703125 0.8168240750000001 0.7715325078124999 0.8914480749999999 0.8378099359375 0.876162590625 0.8210208968750001 0.801538590625 0.7547434703125 0.8168240750000001
9 0.32924310625 0.1725706953125 0.3519783234375 0.27362429062500004 0.44427998124999996 0.25233686875 0.42154476562500004 0.15128327187499999 0.32924310625 0.1725706953125
9 0.6722535546875 0.552958696875 0.6872915546875 0.6197996703124999 0.767522121875 0.6012961906250001 0.752484121875 0.534455215625 0.6722535546875 0.552958696875
7 0.2961965875 0.5039635265625 0.331157959375 0.65935999375 0.6099774359375 0.5950561890625 0.5750160640625 0.439659721875 0.2961965875 0.5039635265625
9 0.566741859375 0.309123290625 0.5810811421875 0.3728585984375 0.7134737484375 0.3423250484375 0.699134465625 0.2785897390625 0.566741859375 0.309123290625
1 0.58428111875 0.386854303125 0.6220458515625 0.55471115625 0.8386440468749999 0.50475736875 0.800879315625 0.33690051875 0.58428111875 0.386854303125
1 0.42306393125 0.064276459375 0.453137103125 0.19794583593749998 0.6697352999999999 0.14799204999999999 0.639662128125 0.014322673437499999 0.42306393125 0.064276459375
1 0.6567196203125001 0.7183872671875 0.67935016875 0.81897564375 0.7936848140625 0.7926067796875 0.7710542640625 0.692018403125 0.6567196203125001 0.7183872671875
0 0.20330688593750001 0.57285451875 0.24470098906249999 0.7568432281249999 0.3349583515625 0.7360272812499999 0.293564246875 0.55203856875 0.20330688593750001 0.57285451875
10 0.4955486859375 0.8870371359375 0.510705496875 0.9544062015625 0.6845519140625 0.914312209375 0.6693951031250001 0.8469431437500001 0.4955486859375 0.8870371359375
5 0.6299122734375 0.6461134546875 0.644254384375 0.7098613375 0.8247366578124999 0.668236925 0.810394546875 0.6044890421875 0.6299122734375 0.6461134546875
3 0.376798653125 0.6583962999999999 0.3927984515625 0.7295122796875 0.5314861953125 0.6975268921875 0.515486396875 0.626410909375 0.376798653125 0.6583962999999999