1 0.7085741640625 0.6169803671875 0.7070668109375 0.4880302859375 0.5001031921875 0.508472621875 0.5016105453125 0.637422703125 0.7085741640625 0.6169803671875
0 0.8149340781250001 0.5598633875 0.8134581000000001 0.4335973484375 0.7186367312499999 0.44296310156249996 0.720112709375 0.569229140625 0.8149340781250001 0.5598633875
6 0.7053092734375 0.1900476734375 0.7039415984375 0.0730467375 0.4108254203125 0.101998584375 0.41219309375 0.218999521875 0.7053092734375 0.1900476734375
0 0.9465781421875 0.7465486125 0.9451483218750001 0.6242312078125 0.8796302031250001 0.6307026046875001 0.881060025 0.75302000625 0.9465781421875 0.7465486125
2 0.5020830375 0.8197397875 0.8710285843750001 0.7806367734374999 0.872502271875 0.6114468859375 0.5052649078125 0.649050528125 0.5020830375 0.8197397875
9 0.40424590625 0.75601091875 0.40303359843750003 0.6523011421875 0.3182031140625 0.6606800703125 0.319415421875 0.764389846875 0.40424590625 0.75601091875
9 0.322176440625 0.10764120937499999 0.3212811984375 0.031055728124999998 0.2529181046875 0.0378081296875 0.2538133453125 0.1143936109375 0.322176440625 0.10764120937499999
9 0.6057524484375 0.8047846765625 0.6045401390625 0.7010749 0.5093338625 0.710478671875 0.510546171875 0.814188446875 0.6057524484375 0.8047846765625
9 0.34807890625 0.38140595781250003 0.34727703593750003 0.312808078125 0.2645217109375 0.3209820375 0.26532358125 0.38957991718749996 0.34807890625 0.38140595781250003
7 0.7075749921875001 0.478471753125 0.7057107499999999 0.3189907140625 0.4181171703125 0.3473970796875 0.4199814125 0.5068781203125 0.7075749921875001 0.478471753125
9 0.4008072875 0.6381422609375 0.4000426765625 0.572731678125 0.2634838390625 0.5862199515625 0.26424845 0.6516305328125 0.4008072875 0.6381422609375
1 0.3998244328125 0.5583615359375 0.39781070625 0.386092590625 0.1743964328125 0.40815979999999996 0.1764101609375 0.5804287453125 0.3998244328125 0.5583615359375
1 0.4908498359375 0.9007788 0.4892462453125 0.7635959421875 0.265831971875 0.78566315 0.2674355609375 0.9228460093749999 0.4908498359375 0.9007788
1 0.39796142031250004 0.21838986718750003 0.3967546921875 0.11515754062500001 0.2788220796875 0.1268060515625 0.2800288078125 0.230038378125 0.39796142031250004 0.21838986718750003
0 0.8133185718749999 0.421661109375 0.8111113156249999 0.23283628125 0.7180136687500001 0.242031778125 0.720220925 0.43085660625 0.8133185718749999 0.421661109375
10 0.5917109218750001 0.0708255453125 0.5909027171875 0.0016856937499999999 0.41158556874999996 0.019397315625 0.41239377343749994 0.0885371671875 0.5917109218750001 0.0708255453125
5 0.4091985328125 0.2939151 0.40843377031249994 0.2284916125 0.2222719421875 0.24687929999999997 0.22303670625 0.3123027875 0.4091985328125 0.2939151
3 0.6606343390625 0.314102634375 0.6597811828125 0.241117378125 0.5167291078125 0.25524700624999996 0.5175822640625001 0.3282322609375 0.6606343390625 0.314102634375