1 0.6553612171875 0.2750490203125 0.528707225 0.2750490203125 0.528707225 0.4771241828125 0.6553612171875 0.4771241828125 0.6553612171875 0.2750490203125
0 0.609632446875 0.170669934375 0.4856147015625 0.170669934375 0.4856147015625 0.263251634375 0.609632446875 0.263251634375 0.609632446875 0.170669934375
6 0.23619771875 0.27336601250000003 0.12128010156249999 0.27336601250000003 0.12128010156249999 0.5595588234375 0.23619771875 0.5595588234375 0.23619771875 0.27336601250000003
0 0.8055386562500001 0.0444117640625 0.6853992390625 0.0444117640625 0.6853992390625 0.108382353125 0.8055386562500001 0.108382353125 0.8055386562500001 0.0444117640625
2 0.8342712296875 0.4787418296875 0.8316603296875 0.11848039218749999 0.6658174906250001 0.1151143796875 0.667122940625 0.47369281093750004 0.8342712296875 0.4787418296875
9 0.7622686953125 0.573431371875 0.6604055765625 0.573431371875 0.6604055765625 0.6562581703125 0.7622686953125 0.6562581703125 0.7622686953125 0.573431371875
9 0.11822560156249999 0.6460784312500001 0.0430038015625 0.6460784312500001 0.0430038015625 0.7128267968750001 0.11822560156249999 0.7128267968750001 0.11822560156249999 0.6460784312500001
9 0.8296451203125 0.37746732031249997 0.727782003125 0.37746732031249997 0.727782003125 0.47042483593749995 0.8296451203125 0.47042483593749995 0.8296451203125 0.37746732031249997
9 0.3893155890625 0.6239379078125 0.3219391640625 0.6239379078125 0.3219391640625 0.7047385625 0.3893155890625 0.7047385625 0.3893155890625 0.6239379078125
7 0.5193789609375 0.27444444375 0.36273764218750004 0.27444444375 0.36273764218750004 0.5552450984374999 0.5193789609375 0.5552450984374999 0.5193789609375 0.27444444375
9 0.6462991125 0.5754411765625 0.58205323125 0.5754411765625 0.58205323125 0.708774509375 0.6462991125 0.708774509375 0.6462991125 0.5754411765625
1 0.56793409375 0.5754901953125 0.3987325734375 0.5754901953125 0.3987325734375 0.7936274515624999 0.56793409375 0.7936274515624999 0.56793409375 0.5754901953125
1 0.9126869453124999 0.490620915625 0.77794676875 0.490620915625 0.77794676875 0.7087581703125 0.9126869453124999 0.7087581703125 0.9126869453124999 0.490620915625
1 0.2342205328125 0.573431371875 0.1328263625 0.573431371875 0.1328263625 0.6885784312500001 0.2342205328125 0.6885784312500001 0.2342205328125 0.573431371875
0 0.47389100156249997 0.170669934375 0.288428390625 0.170669934375 0.288428390625 0.261568628125 0.47389100156249997 0.261568628125 0.47389100156249997 0.170669934375
10 0.10822560156250001 0.3827941171875 0.04031685625 0.3827941171875 0.04031685625 0.5578758171875 0.10822560156250001 0.5578758171875 0.10822560156250001 0.3827941171875
5 0.30940430937499996 0.5633333328125001 0.2451457546875 0.5633333328125001 0.2451457546875 0.7450980390625 0.30940430937499996 0.7450980390625 0.30940430937499996 0.5633333328125001
3 0.35357414375 0.3183496734375 0.2818884671875 0.3183496734375 0.2818884671875 0.45802287656249996 0.35357414375 0.45802287656249996 0.35357414375 0.3183496734375