1 0.49838945468749996 0.637422703125 0.4998968078125 0.508472621875 0.2929331890625 0.4880302859375 0.29142583593750004 0.6169803671875 0.49838945468749996 0.637422703125
0 0.279887290625 0.569229140625 0.28136326875 0.44296310156249996 0.18654189999999998 0.4335973484375 0.18506592187499998 0.5598633875 0.279887290625 0.569229140625
6 0.58780690625 0.218999521875 0.5891745796875 0.101998584375 0.29605840156249996 0.0730467375 0.2946907265625 0.1900476734375 0.58780690625 0.218999521875
0 0.118939975 0.75302000625 0.120369796875 0.6307026046875001 0.054851678125000004 0.6242312078125 0.053421857812499994 0.7465486125 0.118939975 0.75302000625
2 0.49473509218749995 0.649050528125 0.127497728125 0.6114468859375 0.128971415625 0.7806367734374999 0.4979169625 0.8197397875 0.49473509218749995 0.649050528125
9 0.6805845781250001 0.764389846875 0.6817968859375 0.6606800703125 0.5969664015625 0.6523011421875 0.59575409375 0.75601091875 0.6805845781250001 0.764389846875
9 0.7461866546875 0.1143936109375 0.7470818953125 0.0378081296875 0.6787188015625001 0.031055728124999998 0.6778235593749999 0.10764120937499999 0.7461866546875 0.1143936109375
9 0.489453828125 0.814188446875 0.4906661375 0.710478671875 0.3954598609375 0.7010749 0.3942475515625 0.8047846765625 0.489453828125 0.814188446875
9 0.73467641875 0.38957991718749996 0.7354782890625 0.3209820375 0.6527229640625001 0.312808078125 0.65192109375 0.38140595781250003 0.73467641875 0.38957991718749996
7 0.5800185875 0.5068781203125 0.5818828296875 0.3473970796875 0.29428925 0.3189907140625 0.2924250078125 0.478471753125 0.5800185875 0.5068781203125
9 0.73575155 0.6516305328125 0.7365161609374999 0.5862199515625 0.5999573234375 0.572731678125 0.5991927125000001 0.6381422609375 0.73575155 0.6516305328125
1 0.8235898390624999 0.5804287453125 0.8256035671875 0.40815979999999996 0.60218929375 0.386092590625 0.6001755671875 0.5583615359375 0.8235898390624999 0.5804287453125
1 0.7325644390625 0.9228460093749999 0.734168028125 0.78566315 0.5107537546875001 0.7635959421875 0.5091501640625 0.9007788 0.7325644390625 0.9228460093749999
1 0.7199711921875 0.230038378125 0.7211779203125 0.1268060515625 0.6032453078125 0.11515754062500001 0.6020385796875 0.21838986718750003 0.7199711921875 0.230038378125
0 0.279779075 0.43085660625 0.28198633125 0.242031778125 0.188888684375 0.23283628125 0.186681428125 0.421661109375 0.279779075 0.43085660625
10 0.5876062265625001 0.0885371671875 0.58841443125 0.019397315625 0.4090972828125 0.0016856937499999999 0.408289078125 0.0708255453125 0.5876062265625001 0.0885371671875
5 0.77696329375 0.3123027875 0.7777280578125 0.24687929999999997 0.5915662296875001 0.2284916125 0.5908014671874999 0.2939151 0.77696329375 0.3123027875
3 0.4824177359375 0.3282322609375 0.48327089218749997 0.25524700624999996 0.34021881718749997 0.241117378125 0.3393656609375 0.314102634375 0.4824177359375 0.3282322609375