1 0.5329040671875 0.322647953125 0.5046356828125 0.4482954078125 0.7052851125 0.49457094843749994 0.7335534984375001 0.36892349375 0.5329040671875 0.322647953125
0 0.73506126875 0.4169904703125 0.707381278125 0.5400226265625 0.799309771875 0.5612239859375 0.8269897640625 0.4381918296875 0.73506126875 0.4169904703125
6 0.3574963484375 0.7196026296875 0.33184744843749997 0.8336069796875 0.6160210375 0.8991455984375 0.6416699375 0.7851412484375 0.3574963484375 0.7196026296875
0 0.9057485562500001 0.37729112656249997 0.9692678046875001 0.39194049375 0.9850024703125 0.3220029734375 0.9873895656249999 0.270751075 0.9325629281250001 0.2581064734375 0.9057485562500001 0.37729112656249997
2 0.538936375 0.31176549374999996 0.894693503125 0.39517561093750003 0.9283663328125 0.2298799265625 0.5712294390625 0.1447893234375 0.538936375 0.31176549374999996
9 0.378895040625 0.1755681140625 0.35615982343749997 0.27662170937499997 0.4384022390625 0.2955891796875 0.46113745625 0.19453558437500001 0.378895040625 0.1755681140625
9 0.178979103125 0.801538590625 0.1621900640625 0.876162590625 0.2284674921875 0.8914480749999999 0.2452565296875 0.8168240750000001 0.178979103125 0.801538590625
9 0.578455234375 0.15128327187499999 0.55572001875 0.25233686875 0.6480216765625 0.27362429062500004 0.6707568937499999 0.1725706953125 0.578455234375 0.15128327187499999
9 0.24751587812500003 0.534455215625 0.232477878125 0.6012961906250001 0.3127084453125 0.6197996703124999 0.32774644531249997 0.552958696875 0.24751587812500003 0.534455215625
7 0.42498393593749995 0.439659721875 0.3900225640625 0.5950561890625 0.668842040625 0.65935999375 0.7038034125 0.5039635265625 0.42498393593749995 0.439659721875
9 0.300865534375 0.2785897390625 0.2865262515625 0.3423250484375 0.4189188578125 0.3728585984375 0.433258140625 0.309123290625 0.300865534375 0.2785897390625
1 0.199120684375 0.33690051875 0.161355953125 0.50475736875 0.3779541484375 0.55471115625 0.41571888125 0.386854303125 0.199120684375 0.33690051875
1 0.360337871875 0.014322673437499999 0.33026469999999997 0.14799204999999999 0.546862896875 0.19794583593749998 0.57693606875 0.064276459375 0.360337871875 0.014322673437499999
1 0.2289457359375 0.692018403125 0.2063151859375 0.7926067796875 0.32064983125 0.81897564375 0.3432803796875 0.7183872671875 0.2289457359375 0.692018403125
0 0.706435753125 0.55203856875 0.6650416484375 0.7360272812499999 0.7552990109375 0.7568432281249999 0.7966931140625 0.57285451875 0.706435753125 0.55203856875
10 0.330604896875 0.8469431437500001 0.3154480859375 0.914312209375 0.489294503125 0.9544062015625 0.5044513140625 0.8870371359375 0.330604896875 0.8469431437500001
5 0.189605453125 0.6044890421875 0.1752633421875 0.668236925 0.35574561562499996 0.7098613375 0.3700877265625 0.6461134546875 0.189605453125 0.6044890421875
3 0.484513603125 0.626410909375 0.46851380468750004 0.6975268921875 0.6072015484375 0.7295122796875 0.623201346875 0.6583962999999999 0.484513603125 0.626410909375