3 0.19450425 0.771004784375 0.34453257812500004 0.771004784375 0.34453257812500004 0.5833851671875 0.19450425 0.5833851671875 0.19450425 0.771004784375
2 0.5461189796875 0.5556220093750001 0.5437393765625 0.6546052625 0.40259206875000003 0.6525837328125 0.395410765625 0.8869377984375 0.8714589234375 0.8849162671874999 0.8666855531250001 0.557643540625 0.5461189796875 0.5556220093750001
9 0.40977337187499996 0.20208133906249998 0.5317705375 0.20208133906249998 0.5317705375 0.020263157812499998 0.40977337187499996 0.020263157812499998 0.40977337187499996 0.20208133906249998
0 0.8905949015625 0.2950119625 0.9910764875 0.2950119625 0.9910764875 0.020263157812499998 0.8905949015625 0.020263157812499998 0.8905949015625 0.2950119625
1 0.543654390625 0.2830143546875 0.8689943343750001 0.2830143546875 0.8689943343750001 0.0203588515625 0.543654390625 0.0203588515625 0.543654390625 0.2830143546875
1 0.5437393765625 0.5475358859375 0.8690651562499999 0.5475358859375 0.8690651562499999 0.3051196171875 0.5437393765625 0.3051196171875 0.5437393765625 0.5475358859375
0 0.8929178468750001 0.8708133968749999 0.9838526906249999 0.8708133968749999 0.9838526906249999 0.5557057421875 0.8929178468750001 0.5557057421875 0.8929178468750001 0.8708133968749999
9 0.40498583593750004 0.8788516749999999 0.538951840625 0.8788516749999999 0.538951840625 0.6586483249999999 0.40498583593750004 0.6586483249999999 0.40498583593750004 0.8788516749999999
5 0 0.1455143546875 0.13705382500000002 0.1455143546875 0.13705382500000002 0.06066985625 0 0.06066985625 0 0.1455143546875
7 0.010269121874999999 0.46673444999999997 0.39063739375 0.46673444999999997 0.39063739375 0.022284689062499998 0.010269121874999999 0.022284689062499998 0.010269121874999999 0.46673444999999997
6 0.22082152968750002 0.8869617218749999 0.22082152968750002 0.7778708140624999 0.11798866875 0.7758373203125 0.1226628890625 0.46877990468749997 0.00549575 0.46673444999999997 0.010269121874999999 0.8869377984375 0.22082152968750002 0.8869617218749999
10 0.010269121874999999 0.9919856453125 0.3882436265625 0.9919856453125 0.3882436265625 0.8909689000000001 0.010269121874999999 0.8909689000000001 0.010269121874999999 0.9919856453125