3 0.369551534375 0.3765991109375 0.35016659843750003 0.218850275 0.15257195625 0.2442588390625 0.17195689218750002 0.40200767343750005 0.369551534375 0.3765991109375
2 0.304175725 0.44701764062500005 0.0564340515625 0.47120440468749997 0.1200725296875 0.971476384375 0.4641283515625 0.9221361578125 0.4248374328125 0.5847993609375 0.32028414843749997 0.595702203125 0.304175725 0.44701764062500005
9 0.98680535 0.49721106718749997 0.9710422765625 0.3689358859375 0.7795575109375 0.3935587859375 0.7953205828125001 0.5218339671875001 0.98680535 0.49721106718749997
0 0.9848301453125 0.8807164421874999 0.7438123484375 0.9117087609375 0.7517259125 0.9761069812500001 0.9836857390624999 0.9462794234375 0.9848301453125 0.8807164421874999
1 0.753656846875 0.8873718343749999 0.9852337578125001 0.8575935125 0.9909245999999999 0.531565390625 0.9882400625000001 0.509719425 0.711620159375 0.5452897937500001 0.753656846875 0.8873718343749999
1 0.73038548125 0.8904399250000001 0.688350625 0.5483727796875 0.43304600000000004 0.58120223125 0.47508085624999996 0.9232693781249999 0.73038548125 0.8904399250000001
0 0.47576970625000004 1 0.46955860937500005 0.9494559468749999 0.1376978734375 0.992129696875 0.1386650140625 1 0.47576970625000004 1
9 0.3154075421875 0.591215834375 0.29809799375 0.450355896875 0.066187265625 0.4801771421875 0.08349681406250001 0.6210370796875 0.3154075421875 0.591215834375
5 0.7928446124999999 0.009225582812499999 0.8038942656250001 0.09914436875 0.8932496249999999 0.08765422187500001 0.8837419093750001 0.010283268750000001 0.7928446124999999 0.009225582812499999
7 0.9664407374999999 0.349088934375 0.9248654703125 0.010761784375 0.4785225125 0.0055681140625 0.4492144484375 0.0093368171875 0.49836126406250003 0.4092789625 0.9664407374999999 0.349088934375
6 0.1487413046875 0.272860253125 0.1375960296875 0.16446019218750002 0.46158247656249995 0.1277914109375 0.4489304703125 0.007482265625 0.1705900671875 0.0432738734375 0.0066704765624999995 0.06624325156250001 0.03385044375 0.2876339921875 0.1487413046875 0.272860253125
10 0 0.47080617968749994 0.051262578125 0.464214359375 0.0024250578125 0.0667891671875 0 0.067101003125 0 0.47080617968749994