3 0.6035576359375 0.6345868109375 0.6352403421874999 0.7981830796875 0.8389330390625 0.7621337171875 0.80725033125 0.5985374484375 0.6035576359375 0.6345868109375
2 0.4653434578125 0.0701585 0.5308454046875 0.420104203125 0.63881091875 0.403680296875 0.6664234359375001 0.5579808015625 0.92237078125 0.5207825984375 0.824939990625 0.0288075390625 0.7027263593749999 0.0245397453125 0.4653434578125 0.0701585
9 0 0.60235400625 0.01225914375 0.66565510625 0.1758106765625 0.6367098921875 0.15004753906249998 0.5036798078125 0 0.530235096875 0 0.60235400625
0 0 0.1255493953125 0.1751635109375 0.094549103125 0.16940845625 0.0648324109375 0 0.09481417812500001 0 0.1255493953125
1 0 0.5168323671875 0.235404346875 0.475170703125 0.1666996546875 0.1204083640625 0 0.14991073125 0 0.5168323671875
1 0.190683684375 0.11608381718750001 0.2593853859375 0.4708307109375 0.522569075 0.42425267968749997 0.453867375 0.0695057875 0.190683684375 0.11608381718750001
9 0.6442113671875 0.408123959375 0.6725020625 0.5542052953125001 0.9115698859375 0.5118952718750001 0.8832791906249999 0.3658139375 0.6442113671875 0.408123959375
5 0.18264900312500001 1 0.1719901015625 0.9449618828125 0.0798771078125 0.9612639640625 0.0873788828125 1 0.18264900312500001 1
7 0.5433403546875 1 0.467177303125 0.6067258171875001 0.0163002453125 0.6865216640625 0.0770097140625 1 0.5433403546875 1
6 0.6441242578125 1 0.9842050515625 0.939812784375 0.985803034375 0.8482643812499999 0.9592661890624999 0.7111563640624999 0.8408296328124999 0.732117165625 0.8603379906249999 0.8446405218749999 0.5259883546874999 0.8985418093750001 0.5438188359375 1 0.6441242578125 1
10 0.9861763796874999 0.82687541875 0.9915919953125 0.5166150546875 0.9282607625000001 0.5278233640625001 0.9861763796874999 0.82687541875