3 0.8054957500000001 0.5833851671875 0.655467421875 0.5833851671875 0.655467421875 0.771004784375 0.8054957500000001 0.771004784375 0.8054957500000001 0.5833851671875
2 0.133314446875 0.557643540625 0.1285410765625 0.8849162671874999 0.604589234375 0.8869377984375 0.59740793125 0.6525837328125 0.4562606234375 0.6546052625 0.4538810203125 0.5556220093750001 0.133314446875 0.557643540625
9 0.590226628125 0.020263157812499998 0.46822946249999997 0.020263157812499998 0.46822946249999997 0.20208133906249998 0.590226628125 0.20208133906249998 0.590226628125 0.020263157812499998
0 0.10940509843749999 0.020263157812499998 0.0089235125 0.020263157812499998 0.0089235125 0.2950119625 0.10940509843749999 0.2950119625 0.10940509843749999 0.020263157812499998
1 0.456345609375 0.0203588515625 0.131005665625 0.0203588515625 0.131005665625 0.2830143546875 0.456345609375 0.2830143546875 0.456345609375 0.0203588515625
1 0.4562606234375 0.3051196171875 0.13093484375 0.3051196171875 0.13093484375 0.5475358859375 0.4562606234375 0.5475358859375 0.4562606234375 0.3051196171875
0 0.107082153125 0.5557057421875 0.016147309375 0.5557057421875 0.016147309375 0.8708133968749999 0.107082153125 0.8708133968749999 0.107082153125 0.5557057421875
9 0.5950141640625 0.6586483249999999 0.46104815937500004 0.6586483249999999 0.46104815937500004 0.8788516749999999 0.5950141640625 0.8788516749999999 0.5950141640625 0.6586483249999999
5 1 0.06066985625 0.862946175 0.06066985625 0.862946175 0.1455143546875 1 0.1455143546875 1 0.06066985625
7 0.989730878125 0.022284689062499998 0.60936260625 0.022284689062499998 0.60936260625 0.46673444999999997 0.989730878125 0.46673444999999997 0.989730878125 0.022284689062499998
6 0.989730878125 0.8869377984375 0.99450425 0.46673444999999997 0.8773371109375001 0.46877990468749997 0.88201133125 0.7758373203125 0.7791784703125 0.7778708140624999 0.7791784703125 0.8869617218749999 0.989730878125 0.8869377984375
10 0.989730878125 0.8909689000000001 0.6117563734375 0.8909689000000001 0.6117563734375 0.9919856453125 0.989730878125 0.9919856453125 0.989730878125 0.8909689000000001