9 0.7679909609375 0.224593725 0.8039702828124999 0.0806779703125 0.6709252046875 0.045950934375 0.63494588125 0.1898666875 0.7679909609375 0.224593725
9 0.7581188828125 0.8309832796875 0.7406887859375 0.9007029203125001 0.8475616718750001 0.92859856875 0.8649917671875 0.858878928125 0.7581188828125 0.8309832796875
9 0.3254456515625 0.7308207453125 0.2930872109375 0.8602531250000001 0.447948653125 0.90067460625 0.48030709375 0.7712422234375 0.3254456515625 0.7308207453125
1 0 0.768891278125 0.2682186203125 0.8389009171874999 0.32996626562500003 0.591912971875 0.059507873437500004 0.521318715625 0 0.7593476671875 0 0.768891278125
4 0.6270899265625001 0.2026772328125 0.597213403125 0.32218204375 0.73025848125 0.35690908125 0.760135003125 0.23740426874999998 0.6270899265625001 0.2026772328125
2 0.9982146609375 0.1313790703125 0.6632877609375 0.0439574328125 0.5969071046875001 0.3327137046875 0.9928626484375 0.43799564999999996 0.9982146609375 0.1313790703125
5 0.8404870125 0.7803383109375 0.9355085750000001 0.8051405609375 0.966382396875 0.6816465890625001 0.871360834375 0.6568443390625001 0.8404870125 0.7803383109375
7 0.20885999375000003 0.23991365625 0.1376521578125 0.524741959375 0.47573135312500003 0.6129864031250001 0.5469391890625 0.3281580984375 0.20885999375000003 0.23991365625
2 0.649594546875 0.0663388546875 0.43182867968750005 0.01256493125 0.1810703625 0.005268609375 0.1304573671875 0.20035075156249998 0.5821112578125 0.32675114375000003 0.649594546875 0.0663388546875
0 0 0.48669973281249995 0.11634402031249999 0.5170675078125 0.1900451078125 0.22226630468750003 0.0591717375 0.1881061203125 0 0.4247905453125 0 0.48669973281249995
9 0.5255436812500001 0.023396140625 0.48570548437500005 0.1827472265625 0.603486553125 0.2134900953125 0.64332475 0.054139010937499996 0.5255436812500001 0.023396140625
6 0.6972775453125 1 0.739174803125 0.8324127609374999 0.5145084390625 0.7737710046874999 0.46122935 0.9868850874999999 0.511474771875 1 0.6972775453125 1
10 0.8284808281249999 1 0.729340046875 0.9741225640625 0.72287061875 1 0.8284808281249999 1
3 0.6510459859375 0.4384499875 0.5960896171875001 0.6582731109375 0.75787570625 0.70050204375 0.812832075 0.4806789171875 0.6510459859375 0.4384499875