9 0.2151959265625 0.31367677031249996 0.0206916328125 0.3035059875 0.022240975 0.43635881875000004 0.2167452671875 0.4465296 0.2151959265625 0.31367677031249996
9 0.7874450515625 0.21082831249999998 0.857425190625 0.21448762968750001 0.85618063125 0.1077691734375 0.786200490625 0.10410985625 0.7874450515625 0.21082831249999998
9 0.804483671875 0.64051241875 0.9343996625000001 0.647305828125 0.9325962625 0.49266815781249995 0.8026802734375 0.485874746875 0.804483671875 0.64051241875
1 0.6759657906250001 0.9319930796874999 0.9238765765625001 0.9449565312500001 0.920727025 0.6748889421875 0.6728162390625 0.66192549375 0.6759657906250001 0.9319930796874999
4 0.23079898906250002 0.4516237453125 0.3507503171875 0.45789609374999996 0.34920097656250004 0.325043265625 0.2292496484375 0.3187709171875 0.23079898906250002 0.4516237453125
2 0.3576457234375 0.0207449890625 0.017186431250000002 0.0029421046874999997 0.0223409359375 0.44493024375 0.36072366875 0.4562379765625 0.3576457234375 0.0207449890625
5 0.594749525 0.1354498296875 0.7187049171875 0.14193155625 0.7173584749999999 0.026476856250000003 0.59340308125 0.01999513125 0.594749525 0.1354498296875
7 0.37321613125 0.8421536328125001 0.6591086609375 0.8571031781249999 0.655171646875 0.5195125 0.36927911875 0.50456295625 0.37321613125 0.8421536328125001
2 0.10824958124999999 0.908833265625 0.3561858015625 0.9239776781250001 0.3589224296875 0.4714012171875 0.096925903125 0.45547204218750004 0.10824958124999999 0.908833265625
0 0.658785690625 1 0.6573719140625001 0.878771534375 0.361469221875 0.86329855 0.3629932734375 0.993982809375 0.4780649921875 1 0.658785690625 1
9 0.0884460859375 0.5812986953125 0.2483925640625 0.5896624218750001 0.2470209765625 0.47205154531250004 0.08707449687499999 0.46368781718749996 0.0884460859375 0.5812986953125
6 1 0.2393552703125 0.7936543359375 0.22856529218750002 0.796270628125 0.45290701875000006 1 0.4635601875 1 0.2393552703125
10 1 0.060873096875 0.9275164296874999 0.0570828734375 0.9293193953125 0.21168336718749997 1 0.2153793125 1 0.060873096875
3 0.446157759375 0.385223234375 0.6668022265625 0.3967609078125 0.6649181890625 0.2352085953125 0.44427372187499997 0.2236709234375 0.446157759375 0.385223234375