9 0.2250157734375 0.5152643671875 0.043901156250000004 0.5152643671875 0.043901156250000004 0.638494253125 0.2250157734375 0.638494253125 0.2250157734375 0.5152643671875
9 0.8201261828125 0.7617241375 0.7554363828125 0.7617241375 0.7554363828125 0.86071264375 0.8201261828125 0.86071264375 0.8201261828125 0.7617241375
9 0.8866561515625 0.36374712656249997 0.7665615140625001 0.36374712656249997 0.7665615140625001 0.5071839078125 0.8866561515625 0.5071839078125 0.8866561515625 0.36374712656249997
1 0.8737118828125 0.0869770109375 0.6445425874999999 0.0869770109375 0.6445425874999999 0.337482759375 0.8737118828125 0.337482759375 0.8737118828125 0.0869770109375
4 0.3488433234375 0.5112183906250001 0.23796004218750003 0.5112183906250001 0.23796004218750003 0.6344482765625 0.3488433234375 0.6344482765625 0.3488433234375 0.5112183906250001
2 0.358086225 0.5132413796875 0.038359621875 0.5071839078125 0.038359621875 0.9172873562499999 0.3599369078125 0.9172873562499999 0.358086225 0.5132413796875
5 0.692597265625 0.8223333328125 0.57801261875 0.8223333328125 0.57801261875 0.9294252875 0.692597265625 0.9294252875 0.692597265625 0.8223333328125
7 0.62975815 0.1556666671875 0.36547844375 0.1556666671875 0.36547844375 0.4688045984375 0.62975815 0.4688045984375 0.62975815 0.1556666671875
2 0.3488433234375 0.0788965515625 0.1196740265625 0.080919540625 0.11409043125 0.501149425 0.35625657187500004 0.499080459375 0.3488433234375 0.0788965515625
0 0.62791798125 0.014252873437499999 0.3543848578125 0.014252873437499999 0.3543848578125 0.1354712640625 0.62791798125 0.1354712640625 0.62791798125 0.014252873437499999
9 0.25274447968749997 0.38395402343749996 0.104889590625 0.38395402343749996 0.104889590625 0.4930459765625 0.25274447968749997 0.4930459765625 0.25274447968749997 0.38395402343749996
6 0.9587276546875 0.5374712640625 0.7609884328125001 0.5374712640625 0.7609884328125001 0.74556321875 0.9587276546875 0.74556321875 0.9587276546875 0.5374712640625
10 0.9846056781250001 0.7678160921875 0.8866561515625 0.7678160921875 0.8866561515625 0.911218390625 0.9846056781250001 0.911218390625 0.9846056781250001 0.7678160921875
3 0.64184016875 0.58329885 0.4378759203125 0.58329885 0.4378759203125 0.733149425 0.64184016875 0.733149425 0.64184016875 0.58329885