2 0.9695238093749999 0.0223475265625 0.45574404687500003 0.0223475265625 0.4600892859375 0.3220023015625 0.5210416671875 0.320322209375 0.5210416671875 0.4112313 0.8650297625000001 0.4095512078125 0.8563095234375 0.320322209375 0.9825892859375 0.3186421171875 0.9695238093749999 0.0223475265625
1 0.508005953125 0.7108975828124999 0.06779761875 0.7108975828124999 0.06779761875 0.902807825 0.508005953125 0.902807825 0.508005953125 0.7108975828124999
9 0.750119046875 0.8502761796874999 0.5324404765625 0.8502761796874999 0.5324404765625 0.9709205984375 0.750119046875 0.9709205984375 0.750119046875 0.8502761796874999
0 0.49928571406250005 0.9129113921875 0.059077381250000005 0.9129113921875 0.059077381250000005 0.9853049484374999 0.49928571406250005 0.9853049484374999 0.49928571406250005 0.9129113921875
8 0.27723214218750003 0.6351323359375 0.06779761875 0.6351323359375 0.06779761875 0.700794015625 0.27723214218750003 0.700794015625 0.27723214218750003 0.6351323359375
6 0.43071428593750005 0.0913348671875 0.064226190625 0.0913348671875 0.064226190625 0.2260184125 0.43071428593750005 0.2260184125 0.43071428593750005 0.0913348671875
9 0.9749702375 0.8503107015625 0.7572619046875 0.8503107015625 0.7572619046875 0.970966628125 0.9749702375 0.970966628125 0.9749702375 0.8503107015625
9 0.8516071421875001 0.32701956249999997 0.525 0.32701956249999997 0.525 0.40701956250000004 0.8516071421875001 0.40701956250000004 0.8516071421875001 0.32701956249999997
2 0.5210416671875 0.6334522437500001 0.5297619046875 0.843889528125 0.7605357140625 0.8489413125 0.769226190625 0.970149596875 0.9824404765624999 0.9718066750000001 0.9824404765624999 0.8422324515625 0.9824404765624999 0.6350978140625 0.5210416671875 0.6334522437500001
7 0.975 0.4224395859375 0.071428571875 0.4224395859375 0.071428571875 0.623037975 0.975 0.623037975 0.975 0.4224395859375
5 0.9930952375000001 0.555707709375 0.8370833328125 0.555707709375 0.8370833328125 0.61462600625 0.9930952375000001 0.61462600625 0.9930952375000001 0.555707709375
10 0.442678571875 0.017295742187499998 0.0460416671875 0.017295742187499998 0.0460416671875 0.0812658234375 0.442678571875 0.0812658234375 0.442678571875 0.017295742187499998
3 0.3289583328125 0.27326812500000003 0.0453571421875 0.27326812500000003 0.0453571421875 0.38901035624999997 0.3289583328125 0.38901035624999997 0.3289583328125 0.27326812500000003