2 0.0174107140625 0.3186421171875 0.1436904765625 0.320322209375 0.13497023749999998 0.4095512078125 0.47895833281250005 0.4112313 0.47895833281250005 0.320322209375 0.5399107140625 0.3220023015625 0.544255953125 0.0223475265625 0.030476190625 0.0223475265625 0.0174107140625 0.3186421171875
1 0.49199404687500004 0.902807825 0.93220238125 0.902807825 0.93220238125 0.7108975828124999 0.49199404687500004 0.7108975828124999 0.49199404687500004 0.902807825
9 0.249880953125 0.9709205984375 0.46755952343749996 0.9709205984375 0.46755952343749996 0.8502761796874999 0.249880953125 0.8502761796874999 0.249880953125 0.9709205984375
0 0.5007142859375 0.9853049484374999 0.9409226187499999 0.9853049484374999 0.9409226187499999 0.9129113921875 0.5007142859375 0.9129113921875 0.5007142859375 0.9853049484374999
8 0.7227678578125001 0.700794015625 0.93220238125 0.700794015625 0.93220238125 0.6351323359375 0.7227678578125001 0.6351323359375 0.7227678578125001 0.700794015625
6 0.5692857140625 0.2260184125 0.9357738093749999 0.2260184125 0.9357738093749999 0.0913348671875 0.5692857140625 0.0913348671875 0.5692857140625 0.2260184125
9 0.025029762500000004 0.970966628125 0.2427380953125 0.970966628125 0.2427380953125 0.8503107015625 0.025029762500000004 0.8503107015625 0.025029762500000004 0.970966628125
9 0.1483928578125 0.40701956250000004 0.475 0.40701956250000004 0.475 0.32701956249999997 0.1483928578125 0.32701956249999997 0.1483928578125 0.40701956250000004
2 0.0175595234375 0.6350978140625 0.0175595234375 0.8422324515625 0.0175595234375 0.9718066750000001 0.23077380937499997 0.970149596875 0.23946428593750002 0.8489413125 0.4702380953125 0.843889528125 0.47895833281250005 0.6334522437500001 0.0175595234375 0.6350978140625
7 0.025 0.623037975 0.9285714281249999 0.623037975 0.9285714281249999 0.4224395859375 0.025 0.4224395859375 0.025 0.623037975
5 0.0069047625 0.61462600625 0.1629166671875 0.61462600625 0.1629166671875 0.555707709375 0.0069047625 0.555707709375 0.0069047625 0.61462600625
10 0.5573214281250001 0.0812658234375 0.9539583328125 0.0812658234375 0.9539583328125 0.017295742187499998 0.5573214281250001 0.017295742187499998 0.5573214281250001 0.0812658234375
3 0.6710416671874999 0.38901035624999997 0.9546428578124999 0.38901035624999997 0.9546428578124999 0.27326812500000003 0.6710416671874999 0.27326812500000003 0.6710416671874999 0.38901035624999997