2 0.07337147656250001 0.8448714078125 0.107229025 0.9970536640625 0.569884171875 0.9782019109375 0.6564645328125 0.96242854375 0.5989889921875 0.6623260171875 0.5358341 0.67563233125 0.5191756437499999 0.5812352703125 0.161327971875 0.6482292515625 0.18675795 0.7392276609375 0.059140353125 0.7642291046875 0.07337147656250001 0.8448714078125
1 0.817709971875 0 0.44267027968750006 0.0683254140625 0.4778364921875 0.26759880625 0.9361751796875 0.1840978296875 0.9036870312499999 0 0.817709971875 0
9 0.20021160781249997 0.1687978328125 0.42685545625000004 0.12750744375 0.40474820781250004 0.0022341796875 0.17810436093749998 0.04352456875 0.20021160781249997 0.1687978328125
0 0.439984034375 0 0.449898259375 0.056180096874999995 0.7582720359375 0 0.439984034375 0
8 0.7319983703124999 0.3024966296875 0.9500586312499999 0.2627700125 0.9380265874999999 0.194589046875 0.719966325 0.23431566250000002 0.7319983703124999 0.3024966296875
6 1 0.6921399515625 0.647162203125 0.7564205859375 0.6718420234375 0.896271625 1 0.83648720625 1 0.6921399515625
9 0.0071216828125 0.20393830781250002 0.192768240625 0.170116878125 0.17065888437500001 0.044831665625 0.002634515625 0.07544265156249999 0.0071216828125 0.20393830781250002
9 0.1904267609375 0.731381375 0.530485496875 0.669428853125 0.5158260546875 0.5863594390625 0.17576731875 0.648311959375 0.1904267609375 0.731381375
2 0.43081465625000004 0.13363105 0.1896105265625 0.172159803125 0.1583515546875 0.047949490625 0.0026217281249999998 0.0750764921875 0.0151276140625 0.4331981984375 0.47845520781250006 0.3504882234375 0.43081465625000004 0.13363105
7 0.94849434375 0.27601714374999997 0.015573904687500001 0.44597828906250003 0.017576671874999998 0.5033300281249999 0.044466810937500004 0.6557060984375 0.9852525968749999 0.4843120265625 0.94849434375 0.27601714374999997
5 0.018077903125 0.517683403125 0.1636432390625 0.49116404375 0.1528468734375 0.4299851875 0.01588674375 0.4549368328125 0.018077903125 0.517683403125
10 1 0.847278715625 0.661230059375 0.9089964421875001 0.6702171906250001 0.9599230593750001 1 0.8998426265624999 1 0.847278715625
3 1 0.5174531359375 0.7232419250000001 0.5678734265625 0.7444508812499999 0.68805641875 1 0.6415000140625 1 0.5174531359375