0 0.245815603125 0.0593541203125 0.151241134375 0.0593541203125 0.151241134375 0.239554565625 0.245815603125 0.239554565625 0.245815603125 0.0593541203125
3 0.873758865625 0.1732962140625 0.699184396875 0.1732962140625 0.699184396875 0.3171714921875 0.873758865625 0.3171714921875 0.873758865625 0.1732962140625
7 0.6666666671875 0.053407571875000004 0.2647517734375 0.053407571875000004 0.2647517734375 0.2448329625 0.6666666671875 0.2448329625 0.6666666671875 0.053407571875000004
5 0.9400000000000001 0.053407571875000004 0.7849645390625 0.053407571875000004 0.7849645390625 0.1375723828125 0.9400000000000001 0.1375723828125 0.9400000000000001 0.053407571875000004
9 0.8164893609374999 0.4758574609375 0.671985815625 0.4758574609375 0.671985815625 0.6227171499999999 0.8164893609374999 0.6227171499999999 0.8164893609374999 0.4758574609375
9 0.463900709375 0.6090645875 0.22060283749999998 0.6090645875 0.22060283749999998 0.6982182625 0.463900709375 0.6982182625 0.463900709375 0.6090645875
1 0.5590070921875 0.406547884375 0.162269503125 0.406547884375 0.162269503125 0.59300668125 0.5590070921875 0.59300668125 0.5590070921875 0.406547884375
2 0.2109929078125 0.6075723828124999 0.2209219859375 0.7006681515625 0.1450354609375 0.704677059375 0.1450354609375 0.887305121875 0.5516666671875 0.8928062359375 0.5579787234375 0.609643653125 0.2109929078125 0.6075723828124999
2 0.6746099296875 0.47102449843749994 0.6777659578125 0.6690423156249999 0.5768794328125 0.663118040625 0.5737234046874999 0.890824053125 0.9142198578125 0.890824053125 0.920531915625 0.47300668124999995 0.6746099296875 0.47102449843749994
9 0.9173758859375001 0.3797327390625 0.6777659578125 0.3797327390625 0.6777659578125 0.46311804062500006 0.9173758859375001 0.46311804062500006 0.9173758859375001 0.3797327390625
6 0.5485106390625 0.2611358578125 0.2836524828125 0.2611358578125 0.2836524828125 0.39182628125 0.5485106390625 0.39182628125 0.5485106390625 0.2611358578125
10 0.26212765937500004 0.2745211578125 0.1543971625 0.2745211578125 0.1543971625 0.3867483296875 0.26212765937500004 0.3867483296875 0.26212765937500004 0.2745211578125
0 0.8241489359375 0.9053452109375 0.24 0.9053452109375 0.24 0.9701781734375 0.8241489359375 0.9701781734375 0.8241489359375 0.9053452109375
0 0.248758865625 0.0543207125 0.1411702125 0.0543207125 0.1411702125 0.24189309531249997 0.248758865625 0.24189309531249997 0.248758865625 0.0543207125
1 0.5650000000000001 0.40095768437499996 0.14042553124999999 0.40095768437499996 0.14042553124999999 0.5940534515625 0.5650000000000001 0.5940534515625 0.5650000000000001 0.40095768437499996
2 0.5759929078125 0.6733630296875 0.570496453125 0.898663696875 0.9237234046875 0.898663696875 0.920070921875 0.627394209375 0.8230496453124999 0.627394209375 0.821241134375 0.46648106875 0.665673759375 0.46877505625 0.6638297875 0.672227171875 0.5759929078125 0.6733630296875
2 0.134929078125 0.7044098 0.1440780140625 0.8997995546875 0.566843971875 0.8997995546875 0.5650000000000001 0.598663696875 0.2154609921875 0.5997995546875 0.21365248281250002 0.7032516703125 0.134929078125 0.7044098
9 0.748014184375 0.6745211578125 0.748014184375 0.627394209375 0.8175886531250001 0.6251002234375 0.81574468125 0.4710690421875 0.6711702125000001 0.472227171875 0.6748226953125 0.6733630296875 0.748014184375 0.6745211578125
9 0.45886524843750004 0.6044098 0.22460992968750002 0.6044098 0.22460992968750002 0.700957684375 0.45886524843750004 0.700957684375 0.45886524843750004 0.6044098
9 0.9129078015625 0.37472160312499997 0.6719503546875 0.37472160312499997 0.6719503546875 0.46474387500000003 0.9129078015625 0.46474387500000003 0.9129078015625 0.37472160312499997
6 0.5560638296875 0.2559465484375 0.28152482343749996 0.2559465484375 0.28152482343749996 0.3948329625 0.5560638296875 0.3948329625 0.5560638296875 0.2559465484375
10 0.2647517734375 0.2703118046875 0.1488652484375 0.2703118046875 0.1488652484375 0.3641870828125 0.2647517734375 0.3641870828125 0.2647517734375 0.2703118046875
5 0.9327659578124999 0.052873051562499995 0.6368794328125 0.052873051562499995 0.6368794328125 0.135256125 0.9327659578124999 0.135256125 0.9327659578124999 0.052873051562499995
7 0.6673758859375 0.05191536718749999 0.26780141875 0.05191536718749999 0.26780141875 0.24158129218750002 0.6673758859375 0.24158129218750002 0.6673758859375 0.05191536718749999