0 0.848530159375 1 0.8567961859375 0.82360569375 0.76019029375 0.8123828375000001 0.7516665687499999 0.994276340625 0.800935596875 1 0.848530159375 1
3 0.11562493125 0.8047476484375 0.29394919375 0.8254638546875 0.3007546890625 0.6802368109375 0.1224304265625 0.65952060625 0.11562493125 0.8047476484375
7 0.3214944984375 0.9503376781249999 0.7320423765624999 0.9980316625000001 0.7410970578125 0.804807753125 0.3305491796875 0.75711376875 0.3214944984375 0.9503376781249999
5 0.0422900671875 0.917902065625 0.20065563125 0.9362996390625 0.20463674062499998 0.851344065625 0.0462711765625 0.8329464921874999 0.0422900671875 0.917902065625
9 0.1884361203125 0.506139709375 0.33604354999999997 0.5232874953125 0.3429902125 0.3750480015625 0.19538278281250002 0.3579002171875 0.1884361203125 0.506139709375
9 0.554899125 0.4135216421875 0.8034229453125 0.442393040625 0.8076400359375 0.3524017328125 0.559116215625 0.3235303328125 0.554899125 0.4135216421875
1 0.44817057812499994 0.606655096875 0.8534299421875 0.6537347062500001 0.862249696875 0.46552405312499995 0.45699033125 0.4184444421875 0.44817057812499994 0.606655096875
2 0.813168709375 0.44503964687500003 0.8074299140625 0.34989095312499996 0.88513608125 0.35484959531250004 0.8937746359375 0.1705056703125 0.47866935312500003 0.11669921718750001 0.458827740625 0.40177319375 0.813168709375 0.44503964687500003
2 0.33313446562500004 0.5278544703125 0.339277159375 0.327601678125 0.4420504625 0.34555350625000003 0.456045084375 0.11608261875 0.1082348921875 0.07567696874999999 0.082023925 0.49667087031249996 0.33313446562500004 0.5278544703125
9 0.0808357609375 0.591195675 0.3255924234375 0.6196294359375 0.3295366609375 0.535460696875 0.08478 0.5070269359374999 0.0808357609375 0.591195675
6 0.45201430625 0.7546789078125 0.7225615171875 0.786108796875 0.7287433515624999 0.6541904859375001 0.45819613906249995 0.6227605953124999 0.45201430625 0.7546789078125
10 0.7451818265625 0.775152021875 0.8552263359375001 0.7879360625 0.8605348328125 0.674654471875 0.750490325 0.66187043125 0.7451818265625 0.775152021875
0 0.20092737343749997 0.0717078140625 0.7976236140624999 0.1410269421875 0.8006903015625 0.075584846875 0.20399405937499998 0.0062657187500000005 0.20092737343749997 0.0717078140625
0 0.858873403125 1 0.86719404375 0.822440278125 0.7572944265625 0.8096730687499999 0.7484219984375 0.9990077703125 0.7569630703125 1 0.858873403125 1
1 0.44178452031250004 0.611586659375 0.8754786906250001 0.661969584375 0.8846123828125 0.46705960312499994 0.45091821249999997 0.41667667656249996 0.44178452031250004 0.611586659375
2 0.1889028171875 0.35240072499999997 0.183138765625 0.5150403203125 0.3421561796875 0.531185475 0.35366332031250003 0.3260406640625 0.44344062968750003 0.3353174609375 0.45971217343750004 0.10855224999999999 0.0988980390625 0.0666359109375 0.08979756093749999 0.3408875140625 0.1889028171875 0.35240072499999997
2 0.8954469046875 0.35631866093750003 0.8953436531250001 0.158007465625 0.4634968375 0.10783915 0.45113628281249996 0.4120231171875 0.8082369875 0.452355290625 0.81497776875 0.3481458109375 0.8954469046875 0.35631866093750003
9 0.26777918125 0.31373522343750004 0.2655500140625 0.3613049484375 0.194372603125 0.355364303125 0.1889702984375 0.5110614874999999 0.33670495312500004 0.5270486765625 0.342488015625 0.3235896390625 0.26777918125 0.31373522343750004
9 0.55982256875 0.418817709375 0.7991096046874999 0.4466160546875 0.8036764515625 0.34916106562500004 0.564389415625 0.32136271875 0.55982256875 0.418817709375
9 0.0851627859375 0.59678410625 0.3312959078125 0.625377771875 0.335554084375 0.5345097046875 0.089420959375 0.5059160375 0.0851627859375 0.59678410625
6 0.4440534109375 0.759020659375 0.7244894171875 0.7915993453125 0.7310589328125 0.6514080375 0.45062292812500004 0.6188293515625001 0.4440534109375 0.759020659375
10 0.742302240625 0.779089528125 0.860677965625 0.7928414187499999 0.8651183921875001 0.6980841453125 0.74674266875 0.684332253125 0.742302240625 0.779089528125
5 0.049654207812500004 0.9193000484375 0.3518962671875 0.954411978125 0.355793096875 0.87125488125 0.053551040625000004 0.8361429515625 0.049654207812500004 0.9193000484375
7 0.3206994609375 0.9517597421874999 0.7288566421875 0.9991759953124999 0.7378280984375001 0.80772808125 0.32967091718749997 0.7603118281250001 0.3206994609375 0.9517597421874999