0 0.0056437843750000005 0.32333220625000003 0.12351629374999999 0.29519239375 0.096120440625 0.192204840625 0.003739903125 0.21425893125 0.0056437843750000005 0.32333220625000003
3 0.18370560625000001 0.8058750171875 0.2342754578125 0.9959791515624999 0.3887514796875 0.9591009500000001 0.33818162812499997 0.768996815625 0.18370560625000001 0.8058750171875
7 0.1346689375 0.3144601125 0.0060249890625 0.3451714 0.0097991390625 0.5613922796875 0.0719157765625 0.7949035421875 0.251093615625 0.752128253125 0.1346689375 0.3144601125
5 0.1945532828125 1 0.1701979984375 0.90844268125 0.1061837078125 0.9237248703125 0.12647375624999999 1 0.1945532828125 1
9 0.5006808484375 0.6987042328124999 0.5425399078125 0.85606241875 0.7002202328125 0.8184192515625 0.658361175 0.661061065625 0.5006808484375 0.6987042328124999
9 0.5129483453125 0.173023728125 0.5834256453125 0.4379647109375 0.679148171875 0.4151127859375 0.6086708734374999 0.1501718015625 0.5129483453125 0.173023728125
1 0.2786124859375 0.1614104296875 0.39353742812500003 0.59344070625 0.5937345281249999 0.5456474703125 0.478809584375 0.11361719374999998 0.2786124859375 0.1614104296875
2 0.7897996953125 0.019415296874999998 0.5937155781250001 0.0662266359375 0.61139371875 0.1498913828125 0.5085624390625 0.16294140937499998 0.611299421875 0.5402632203125 0.9134970078125001 0.46080924999999995 0.7897996953125 0.019415296874999998
2 1 0.79450323125 0.9177580624999999 0.48533616874999996 0.6741888687500001 0.547138696875 0.7097739468750001 0.655481296875 0.4962519328125 0.7028005687500001 0.5696176046875 0.970091025 1 0.86030356875 1 0.79450323125
9 0.399148009375 0.7296373109375 0.4685570046875 0.9905622828125 0.5580861421875001 0.9691889109374999 0.488677146875 0.7082639390625001 0.399148009375 0.7296373109375
6 0.1576480953125 0.3308634078125 0.23437086875 0.6192826203124999 0.37469057656250004 0.5857839671875 0.29796780156249997 0.29736475625000003 0.1576480953125 0.3308634078125
10 0.13457759687499998 0.1866789625 0.1657844234375 0.30399286875 0.28628050312500003 0.275226728125 0.2550736765625 0.157912821875 0.13457759687499998 0.1866789625
0 1 0.453872471875 0.906287690625 0.1015855453125 0.8366778281249999 0.118203571875 1 0.7321705765625001 1 0.453872471875
0 0.0057030359375 0.3267266890625 0.1268797171875 0.2977980671875 0.095713978125 0.180638625 0.003537165625 0.20264407968749998 0.0057030359375 0.3267266890625
1 0.26628274687500003 0.1390561625 0.3892713375 0.6013996125000001 0.596594421875 0.55190518125 0.47360583125 0.08956173281249999 0.26628274687500003 0.1390561625
2 1 0.76085125 0.9252405640625 0.47981269531250004 0.68493190625 0.5435473078124999 0.7091565015625 0.6394890578125 0.4912481671875 0.693646040625 0.53384913125 0.8636402593750001 0.7071422468749999 0.8243642921875001 0.7352468812499999 0.9300163171875001 1 0.8706427109374999 1 0.76085125
2 0.60154435 0.55072348125 0.9254020796875 0.4755441546875 0.8029373703125 0.015170095312500001 0.590501059375 0.0552897203125 0.6120617984375001 0.141312996875 0.5015112 0.1697992984375 0.60154435 0.55072348125
9 0.5371829609375001 0.8564788625 0.7030973265625 0.8190054999999999 0.6854063546875 0.7426538828125 0.7360056203124999 0.7305742734375 0.7135604203125 0.651168721875 0.49654681875 0.6987465953124999 0.5371829609375001 0.8564788625
9 0.5091113468749999 0.1785803984375 0.5769692453124999 0.4336744265625 0.6806307875 0.40892721249999997 0.6127728890624999 0.153833184375 0.5091113468749999 0.1785803984375
9 0.39208301875 0.724588825 0.46188235625 0.9869811859375 0.558537478125 0.9639066203125 0.48873814062500004 0.701514259375 0.39208301875 0.724588825
6 0.15146010781250002 0.32987660625 0.2309871828125 0.62883785 0.380106759375 0.593238396875 0.3005796859375 0.2942771515625 0.15146010781250002 0.32987660625
10 0.1284556390625 0.1817338875 0.16202506249999998 0.307929359375 0.2628170828125 0.2838671890625 0.229247659375 0.157671715625 0.1284556390625 0.1817338875
5 0.19190843124999998 1 0.12481453125 0.7477780328125 0.06328716250000001 0.7624665187499999 0.12647375624999999 1 0.19190843124999998 1
7 0.132061090625 0.3186145171875 0.00608638125 0.3486885734375 0.0097991390625 0.5613922796875 0.0721212203125 0.7956758546875 0.24780780781249998 0.7537340343750001 0.132061090625 0.3186145171875