0 0.996260096875 0.21425893125 0.9038795593750001 0.192204840625 0.8764837062499999 0.29519239375 0.994356215625 0.32333220625000003 0.996260096875 0.21425893125
3 0.661818371875 0.768996815625 0.6112485203125 0.9591009500000001 0.7657245421875001 0.9959791515624999 0.81629439375 0.8058750171875 0.661818371875 0.768996815625
7 0.748906384375 0.752128253125 0.9280842234375 0.7949035421875 0.9902008609375 0.5613922796875 0.9939750109375 0.3451714 0.8653310624999999 0.3144601125 0.748906384375 0.752128253125
5 0.87352624375 1 0.8938162921874999 0.9237248703125 0.8298020015625 0.90844268125 0.8054467171875 1 0.87352624375 1
9 0.341638825 0.661061065625 0.2997797671875 0.8184192515625 0.45746009218749994 0.85606241875 0.4993191515625 0.6987042328124999 0.341638825 0.661061065625
9 0.39132912656249996 0.1501718015625 0.320851828125 0.4151127859375 0.41657435468750004 0.4379647109375 0.4870516546875 0.173023728125 0.39132912656249996 0.1501718015625
1 0.521190415625 0.11361719374999998 0.406265471875 0.5456474703125 0.6064625718750001 0.59344070625 0.7213875140625 0.1614104296875 0.521190415625 0.11361719374999998
2 0.0865029921875 0.46080924999999995 0.38870057812500003 0.5402632203125 0.4914375609375 0.16294140937499998 0.38860628125 0.1498913828125 0.40628442187499997 0.0662266359375 0.2102003046875 0.019415296874999998 0.0865029921875 0.46080924999999995
2 0 0.86030356875 0.4303823953125 0.970091025 0.5037480671875 0.7028005687500001 0.290226053125 0.655481296875 0.32581113125 0.547138696875 0.0822419375 0.48533616874999996 0 0.79450323125 0 0.86030356875
9 0.511322853125 0.7082639390625001 0.4419138578125 0.9691889109374999 0.5314429953124999 0.9905622828125 0.600851990625 0.7296373109375 0.511322853125 0.7082639390625001
6 0.7020321984375 0.29736475625000003 0.6253094234375001 0.5857839671875 0.76562913125 0.6192826203124999 0.8423519046875001 0.3308634078125 0.7020321984375 0.29736475625000003
10 0.7449263234375 0.157912821875 0.713719496875 0.275226728125 0.8342155765625 0.30399286875 0.865422403125 0.1866789625 0.7449263234375 0.157912821875
0 0 0.7321705765625001 0.163322171875 0.118203571875 0.093712309375 0.1015855453125 0 0.453872471875 0 0.7321705765625001
0 0.996462834375 0.20264407968749998 0.9042860218750001 0.180638625 0.8731202828125 0.2977980671875 0.9942969640625 0.3267266890625 0.996462834375 0.20264407968749998
1 0.52639416875 0.08956173281249999 0.403405578125 0.55190518125 0.6107286625 0.6013996125000001 0.733717253125 0.1390561625 0.52639416875 0.08956173281249999
2 0 0.8706427109374999 0.26475311874999996 0.9300163171875001 0.292857753125 0.8243642921875001 0.46615086874999995 0.8636402593750001 0.5087518328125 0.693646040625 0.2908434984375 0.6394890578125 0.31506809375 0.5435473078124999 0.0747594359375 0.47981269531250004 0 0.76085125 0 0.8706427109374999
2 0.49848879999999995 0.1697992984375 0.38793820156250003 0.141312996875 0.409498940625 0.0552897203125 0.1970626296875 0.015170095312500001 0.0745979203125 0.4755441546875 0.39845565 0.55072348125 0.49848879999999995 0.1697992984375
9 0.50345318125 0.6987465953124999 0.2864395796875 0.651168721875 0.2639943796875 0.7305742734375 0.3145936453125 0.7426538828125 0.2969026734375 0.8190054999999999 0.4628170390625 0.8564788625 0.50345318125 0.6987465953124999
9 0.3872271109375 0.153833184375 0.3193692125 0.40892721249999997 0.4230307546875 0.4336744265625 0.490888653125 0.1785803984375 0.3872271109375 0.153833184375
9 0.511261859375 0.701514259375 0.441462521875 0.9639066203125 0.5381176437499999 0.9869811859375 0.60791698125 0.724588825 0.511261859375 0.701514259375
6 0.6994203140625 0.2942771515625 0.619893240625 0.593238396875 0.7690128171875 0.62883785 0.8485398921874999 0.32987660625 0.6994203140625 0.2942771515625
10 0.770752340625 0.157671715625 0.7371829171875001 0.2838671890625 0.8379749375 0.307929359375 0.8715443609375001 0.1817338875 0.770752340625 0.157671715625
5 0.87352624375 1 0.9367128375 0.7624665187499999 0.87518546875 0.7477780328125 0.8080915687499999 1 0.87352624375 1
7 0.7521921921875 0.7537340343750001 0.9278787796874999 0.7956758546875 0.9902008609375 0.5613922796875 0.9939136187500001 0.3486885734375 0.8679389093750001 0.3186145171875 0.7521921921875 0.7537340343750001