5 0.3093768546875 0.9986614171875001 0.3944510390625 0.9986614171875001 0.3944510390625 0.79055118125 0.3093768546875 0.79055118125 0.3093768546875 0.9986614171875001
7 0.0153560828125 0.9650000000000001 0.297448071875 0.9650000000000001 0.297448071875 0.6459842515625 0.0153560828125 0.6459842515625 0.0153560828125 0.9650000000000001
1 0.6287833828125 0.9293503937500001 0.8601186937499999 0.9293503937500001 0.8601186937499999 0.614370078125 0.6287833828125 0.614370078125 0.6287833828125 0.9293503937500001
7 0.40341246249999996 0.9313385828125 0.610860534375 0.9313385828125 0.610860534375 0.6026181109375 0.40341246249999996 0.6026181109375 0.40341246249999996 0.9313385828125
3 0.3398367953125 0.47525590624999997 0.49375370937499996 0.47525590624999997 0.49375370937499996 0.2626181109375 0.3398367953125 0.2626181109375 0.3398367953125 0.47525590624999997
10 0.01590504375 0.3982086609375 0.0917952515625 0.3982086609375 0.0917952515625 0.1195866140625 0.01590504375 0.1195866140625 0.01590504375 0.3982086609375
9 0.68250741875 0.5947047249999999 0.8287685453125 0.5947047249999999 0.8287685453125 0.4756889765625 0.68250741875 0.4756889765625 0.68250741875 0.5947047249999999
9 0.5272848671875 0.3016338578125 0.610860534375 0.3016338578125 0.610860534375 0.10738188906249999 0.5272848671875 0.10738188906249999 0.5272848671875 0.3016338578125
1 0.097448071875 0.23232283437499998 0.22132047500000002 0.23232283437499998 0.22132047500000002 0.10143700781250001 0.097448071875 0.10143700781250001 0.097448071875 0.23232283437499998
10 0.0108902078125 0.39074803125 0.088501484375 0.39074803125 0.088501484375 0.10954724375 0.0108902078125 0.10954724375 0.0108902078125 0.39074803125
0 0.8839910984375001 0.871929134375 0.9511572703125 0.871929134375 0.9511572703125 0.555098425 0.8839910984375001 0.555098425 0.8839910984375001 0.871929134375
6 0.0974777453125 0.452125984375 0.306394659375 0.452125984375 0.306394659375 0.246181103125 0.0974777453125 0.246181103125 0.0974777453125 0.452125984375
0 0.3123738875 0.20064960625 0.5034124624999999 0.20064960625 0.5034124624999999 0.10757874062499999 0.3123738875 0.10757874062499999 0.3123738875 0.20064960625
4 0.5228041546875 0.452125984375 0.6168397624999999 0.452125984375 0.6168397624999999 0.3214370078125 0.5228041546875 0.3214370078125 0.5228041546875 0.452125984375
2 0.521320475 0.4560826765625 0.8616023734375 0.4560826765625 0.8616023734375 0.1016338578125 0.521320475 0.1016338578125 0.521320475 0.4560826765625
5 0.31011869375 0.9485629921875001 0.3964094953125 0.9485629921875001 0.3964094953125 0.8187598421875 0.31011869375 0.8187598421875 0.31011869375 0.9485629921875001
7 0.403679525 0.9320078734375 0.6126409500000001 0.9320078734375 0.6126409500000001 0.5691141734375 0.403679525 0.5691141734375 0.403679525 0.9320078734375
6 0.10323442187500001 0.464429134375 0.31011869375 0.464429134375 0.31011869375 0.24787401562500003 0.10323442187500001 0.24787401562500003 0.10323442187500001 0.464429134375
2 0.104272996875 0.24236220468749997 0.29764095 0.24236220468749997 0.29764095 0.0988976375 0.104272996875 0.0988976375 0.104272996875 0.24236220468749997
9 0.230059346875 0.234074803125 0.2955637984375 0.234074803125 0.2955637984375 0.105669290625 0.230059346875 0.105669290625 0.230059346875 0.234074803125
9 0.6854154296875 0.6009842515625 0.8247181015624999 0.6009842515625 0.8247181015624999 0.474074803125 0.6854154296875 0.474074803125 0.6854154296875 0.6009842515625
9 0.5221958453125 0.3058070859375 0.6167952515625 0.3058070859375 0.6167952515625 0.10305118124999998 0.5221958453125 0.10305118124999998 0.5221958453125 0.3058070859375
4 0.5221958453125 0.45751968437499996 0.617833828125 0.45751968437499996 0.617833828125 0.3166929140625 0.5221958453125 0.3166929140625 0.5221958453125 0.45751968437499996
2 0.51908011875 0.464429134375 0.8683827890625 0.464429134375 0.8683827890625 0.09476377968750001 0.51908011875 0.09476377968750001 0.51908011875 0.464429134375
1 0.6209495546875 0.9388976375 0.8694213656249999 0.9388976375 0.8694213656249999 0.610629921875 0.6209495546875 0.610629921875 0.6209495546875 0.9388976375
7 0.08145400625 0.9609842515624999 0.2966023734375 0.9609842515624999 0.2966023734375 0.6477362203125 0.08145400625 0.6477362203125 0.08145400625 0.9609842515624999
0 0.8777299703124999 0.871318896875 0.9515430265625 0.871318896875 0.9515430265625 0.631318896875 0.8777299703124999 0.631318896875 0.8777299703124999 0.871318896875
9 0.22878338281250002 0.23431102343750002 0.2959495546875 0.23431102343750002 0.2959495546875 0.10738188906249999 0.22878338281250002 0.10738188906249999 0.22878338281250002 0.23431102343750002
0 0.31011869375 0.2009842515625 0.5097181015625 0.2009842515625 0.5097181015625 0.100275590625 0.31011869375 0.100275590625 0.31011869375 0.2009842515625