5 0.3663990375 0.2218737203125 0.33227179375000004 0.0130354546875 0.2409365390625 0.0237723578125 0.2750637828125 0.2326106234375 0.3663990375 0.2218737203125
7 0.01742231875 0.4217564796875 0.28772767187500004 0.3899807703125 0.23152176562500001 0.04603433125 0.0032064421875 0.072873909375 0.01742231875 0.4217564796875
1 0.8418833093750001 0.013457295312500001 0.593522778125 0.0426532859375 0.6490176984375 0.3822489234375 0.8973782312499999 0.353052934375 0.8418833093750001 0.013457295312500001
7 0.5739306 0.0427716984375 0.3512153015625 0.068952965625 0.4091310375 0.423362540625 0.6318463359375001 0.3971812734375 0.5739306 0.0427716984375
3 0.5285603421875 0.5492763046875 0.3633158484375 0.5687015984375 0.400779515625 0.7979567750000001 0.566024009375 0.77853148125 0.5285603421875 0.5492763046875
10 0.11059418125 0.6830744109375 0.0486792640625 0.6903528125 0.097768390625 0.99074883125 0.1596833078125 0.98347043125 0.11059418125 0.6830744109375
9 0.867185603125 0.3782117 0.7101603265625 0.3966707859375 0.731129159375 0.5249874671875 0.8881544359375001 0.5065283828125 0.867185603125 0.3782117
9 0.68487535625 0.721687075 0.5951489015625 0.7322348546875 0.62937325625 0.9416673765624999 0.719099709375 0.9311195937500001 0.68487535625 0.721687075
1 0.2788785203125 0.8455771046875 0.14588967656250001 0.8612105906249999 0.167739921875 0.9949209937499999 0.22890598281250002 0.9952768484375 0.30193868749999997 0.9866914984375 0.2788785203125 0.8455771046875
10 0.1083724578125 0.691533775 0.049993717187499995 0.6983964796875 0.098384246875 0.9945174953125001 0.15666945000000002 0.9948565875 0.157915921875 0.9947100593749999 0.1083724578125 0.691533775
0 1 0.37144536562499997 0.94973869375 0.0638763078125 0.8776293984375 0.07235310625 0.9334503312500001 0.4139437453125 1 0.4061205078125 1 0.37144536562499997
6 0.3314876765625 0.5978597046874999 0.10719543437500001 0.62422635 0.143479909375 0.8462655734375 0.36777215 0.8198989265625001 0.3314876765625 0.5978597046874999
0 0.587311546875 0.8441237515625 0.38221340625 0.8682340375 0.3986111296875 0.9685782765625 0.6037092703125 0.9444679921875 0.587311546875 0.8441237515625
4 0.66478011875 0.55867955625 0.5638239203125 0.5705474500000001 0.5868494046875 0.711449609375 0.6878056046875 0.699581715625 0.66478011875 0.55867955625
2 0.9268590265625001 0.5235230515625 0.5615339390625 0.5664687953125 0.6239826328125 0.9486173546875 0.9893077203124999 0.9056716109374999 0.9268590265625001 0.5235230515625
5 0.340662259375 0.051266309375 0.24802085 0.0621567578125 0.2708902640625 0.2021038640625 0.3635316734375 0.191213415625 0.340662259375 0.051266309375
7 0.575724128125 0.041825403125 0.35138410000000003 0.0681976671875 0.415320659375 0.4594510625 0.6396606859375 0.4330788 0.575724128125 0.041825403125
6 0.33331815 0.584125084375 0.1112081421875 0.6102351968749999 0.14936198437499998 0.8437138296875 0.3714719921875 0.8176037171875 0.33331815 0.584125084375
2 0.35904704375 0.8251210406249999 0.15144809374999998 0.8495253078125 0.17521499375 0.9949644828125 0.2515237265625 0.995408434375 0.3843234 0.9797971859375 0.35904704375 0.8251210406249999
9 0.3582771421875 0.8343182421875 0.28795186250000004 0.8425853203125 0.310575034375 0.981025565625 0.38090031406249997 0.9727584859375 0.3582771421875 0.8343182421875
9 0.8617307015625 0.3719526265625 0.7121759937500001 0.3895335125 0.7345355812500001 0.526360778125 0.8840902906249999 0.50877989375 0.8617307015625 0.3719526265625
9 0.69051158125 0.7164387125 0.5889500921875 0.7283777609375 0.6246727140624999 0.946978790625 0.7262342046875 0.9350397421875 0.69051158125 0.7164387125
4 0.6648970515625 0.5527388875 0.5622205515625 0.564809009375 0.5870321671875 0.7166412203125 0.68970866875 0.7045710984375 0.6648970515625 0.5527388875
2 0.932667925 0.5136686 0.557658178125 0.5577528203125001 0.622787803125 0.9563070671875 0.9977975499999999 0.912222846875 0.932667925 0.5136686
1 0.8501885296875 0.0019898890625 0.5834303328125 0.0333486125 0.6412663000000001 0.38727005000000003 0.908024496875 0.355911325 0.8501885296875 0.0019898890625
7 0.28651106406250004 0.38819861875 0.23132134531249998 0.0504706390625 0.0033853906250000004 0.0772656203125 0.0044167437499999995 0.1025768109375 0.055528762499999995 0.41535171249999997 0.28651106406250004 0.38819861875
0 0.9502603546874999 0.0644855484375 0.8710149953125 0.0738012265625 0.9132994828125 0.33255693124999997 0.9925448421875 0.323241253125 0.9502603546874999 0.0644855484375
9 0.35864966875 0.834014875 0.286540375 0.842491675 0.3089034296875 0.9793401640624999 0.381012725 0.9708633656250001 0.35864966875 0.834014875
0 0.594022290625 0.8429671421875 0.3797332828125 0.868157859375 0.39747667343750004 0.976736778125 0.6117656828125 0.9515460609374999 0.594022290625 0.8429671421875