5 0.6906231453125 0.79055118125 0.6055489609375 0.79055118125 0.6055489609375 0.9986614171875001 0.6906231453125 0.9986614171875001 0.6906231453125 0.79055118125
7 0.9846439171875 0.6459842515625 0.702551928125 0.6459842515625 0.702551928125 0.9650000000000001 0.9846439171875 0.9650000000000001 0.9846439171875 0.6459842515625
1 0.3712166171875 0.614370078125 0.13988130625 0.614370078125 0.13988130625 0.9293503937500001 0.3712166171875 0.9293503937500001 0.3712166171875 0.614370078125
7 0.5965875375 0.6026181109375 0.389139465625 0.6026181109375 0.389139465625 0.9313385828125 0.5965875375 0.9313385828125 0.5965875375 0.6026181109375
3 0.6601632046875 0.2626181109375 0.506246290625 0.2626181109375 0.506246290625 0.47525590624999997 0.6601632046875 0.47525590624999997 0.6601632046875 0.2626181109375
10 0.9840949562500001 0.1195866140625 0.9082047484375 0.1195866140625 0.9082047484375 0.3982086609375 0.9840949562500001 0.3982086609375 0.9840949562500001 0.1195866140625
9 0.31749258125 0.4756889765625 0.1712314546875 0.4756889765625 0.1712314546875 0.5947047249999999 0.31749258125 0.5947047249999999 0.31749258125 0.4756889765625
9 0.4727151328125 0.10738188906249999 0.389139465625 0.10738188906249999 0.389139465625 0.3016338578125 0.4727151328125 0.3016338578125 0.4727151328125 0.10738188906249999
1 0.9025519281250001 0.10143700781250001 0.778679525 0.10143700781250001 0.778679525 0.23232283437499998 0.9025519281250001 0.23232283437499998 0.9025519281250001 0.10143700781250001
10 0.9891097921875 0.10954724375 0.9114985156250001 0.10954724375 0.9114985156250001 0.39074803125 0.9891097921875 0.39074803125 0.9891097921875 0.10954724375
0 0.11600890156250002 0.555098425 0.0488427296875 0.555098425 0.0488427296875 0.871929134375 0.11600890156250002 0.871929134375 0.11600890156250002 0.555098425
6 0.9025222546875 0.246181103125 0.693605340625 0.246181103125 0.693605340625 0.452125984375 0.9025222546875 0.452125984375 0.9025222546875 0.246181103125
0 0.6876261125 0.10757874062499999 0.49658753750000006 0.10757874062499999 0.49658753750000006 0.20064960625 0.6876261125 0.20064960625 0.6876261125 0.10757874062499999
4 0.47719584531250003 0.3214370078125 0.3831602375 0.3214370078125 0.3831602375 0.452125984375 0.47719584531250003 0.452125984375 0.47719584531250003 0.3214370078125
2 0.478679525 0.1016338578125 0.13839762656250001 0.1016338578125 0.13839762656250001 0.4560826765625 0.478679525 0.4560826765625 0.478679525 0.1016338578125
5 0.68988130625 0.8187598421875 0.6035905046875001 0.8187598421875 0.6035905046875001 0.9485629921875001 0.68988130625 0.9485629921875001 0.68988130625 0.8187598421875
7 0.596320475 0.5691141734375 0.38735905000000004 0.5691141734375 0.38735905000000004 0.9320078734375 0.596320475 0.9320078734375 0.596320475 0.5691141734375
6 0.896765578125 0.24787401562500003 0.68988130625 0.24787401562500003 0.68988130625 0.464429134375 0.896765578125 0.464429134375 0.896765578125 0.24787401562500003
2 0.895727003125 0.0988976375 0.70235905 0.0988976375 0.70235905 0.24236220468749997 0.895727003125 0.24236220468749997 0.895727003125 0.0988976375
9 0.769940653125 0.105669290625 0.7044362015625001 0.105669290625 0.7044362015625001 0.234074803125 0.769940653125 0.234074803125 0.769940653125 0.105669290625
9 0.3145845703125 0.474074803125 0.1752818984375 0.474074803125 0.1752818984375 0.6009842515625 0.3145845703125 0.6009842515625 0.3145845703125 0.474074803125
9 0.47780415468750004 0.10305118124999998 0.38320474843749996 0.10305118124999998 0.38320474843749996 0.3058070859375 0.47780415468750004 0.3058070859375 0.47780415468750004 0.10305118124999998
4 0.47780415468750004 0.3166929140625 0.382166171875 0.3166929140625 0.382166171875 0.45751968437499996 0.47780415468750004 0.45751968437499996 0.47780415468750004 0.3166929140625
2 0.48091988125 0.09476377968750001 0.1316172109375 0.09476377968750001 0.1316172109375 0.464429134375 0.48091988125 0.464429134375 0.48091988125 0.09476377968750001
1 0.3790504453125 0.610629921875 0.130578634375 0.610629921875 0.130578634375 0.9388976375 0.3790504453125 0.9388976375 0.3790504453125 0.610629921875
7 0.9185459937499999 0.6477362203125 0.7033976265625 0.6477362203125 0.7033976265625 0.9609842515624999 0.9185459937499999 0.9609842515624999 0.9185459937499999 0.6477362203125
0 0.1222700296875 0.631318896875 0.0484569734375 0.631318896875 0.0484569734375 0.871318896875 0.1222700296875 0.871318896875 0.1222700296875 0.631318896875
9 0.7712166171875 0.10738188906249999 0.7040504453125 0.10738188906249999 0.7040504453125 0.23431102343750002 0.7712166171875 0.23431102343750002 0.7712166171875 0.10738188906249999
0 0.68988130625 0.100275590625 0.49028189843750003 0.100275590625 0.49028189843750003 0.2009842515625 0.68988130625 0.2009842515625 0.68988130625 0.100275590625