5 0.007921876562500001 0.62839663125 0.17707576249999998 0.6520365921875 0.1839751859375 0.5614953578125 0.0068553796875000005 0.536742125 0.007921876562500001 0.62839663125
7 0.011149265625 0.9057578078124999 0.311355940625 0.9477129421875 0.3312672875 0.6864160546875 0.0080714171875 0.641248084375 0.011149265625 0.9057578078124999
1 0.0727716890625 0.045083904687499995 0.054010646875 0.2912853234375 0.39206867343749996 0.3385303421875 0.4108297140625 0.0923289234375 0.0727716890625 0.045083904687499995
7 0.050423267187499995 0.31006171718750003 0.03359945625 0.5308408499999999 0.3864043390625 0.580146803125 0.40322815156249997 0.35936767187499996 0.050423267187499995 0.31006171718750003
3 0.5304245859375001 0.50310354375 0.51794209375 0.6669114921875 0.7461592515625 0.698805790625 0.7586417453125 0.5349978421875 0.5304245859375001 0.50310354375
10 0.8788836343750001 0.9930427406250001 0.879554359375 0.984240825 0.5805184703124999 0.9424493125 0.5778652890625 0.9772670375000001 0.8788836343750001 0.9930427406250001
9 0.42939342968750005 0.1286433765625 0.41753181250000004 0.28430356093750003 0.5452675046875 0.30215515625 0.5571291234375 0.1464949734375 0.42939342968750005 0.1286433765625
9 0.7262646609375001 0.4045133703125 0.7194867656249999 0.49345979062499995 0.9279710218749999 0.5225963359375 0.9347489171875001 0.43364991406250003 0.7262646609375001 0.4045133703125
1 0.76906263125 0.8294823234375001 0.759016715625 0.961315034375 0.8994921734375 0.9809470656249999 0.909538090625 0.8491143546875 0.76906263125 0.8294823234375001
10 0.8897299953125 0.9936111750000001 0.890062165625 0.9892520984375001 0.588258596875 0.947073790625 0.5859256203125 0.9776894609375001 0.8897299953125 0.9936111750000001
0 0.1384918375 0 0.136336065625 0.0282902265625 0.476380059375 0.0758127921875 0.4818271625 0.0043303796875 0.450841471875 0 0.1384918375 0
6 0.5400545546875 0.70597203125 0.523111621875 0.9283143984375 0.7441454984375 0.9592048046875 0.7610884312499999 0.7368624374999999 0.5400545546875 0.70597203125
0 0.8259338203125001 0.5340132734374999 0.8104408 0.7373284015625 0.9103307046875001 0.7512884328125 0.9258237234375001 0.5479733046875 0.8259338203125001 0.5340132734374999
4 0.5652313140625 0.375577053125 0.5576051296875 0.4756555921875 0.6978693140625001 0.4952580984375 0.7054954999999999 0.3951795578125 0.5652313140625 0.375577053125
2 0.58083470625 0.1144919890625 0.5532382171875 0.47664113906249994 0.9336564890625001 0.5298061796875 0.96125298125 0.167657028125 0.58083470625 0.1144919890625
5 0.153858584375 0.555179928125 0.014545128125 0.535710290625 0.0078636375 0.6233916015625 0.007912576562499999 0.6275974125 0.14686049375000002 0.6470159640625 0.153858584375 0.555179928125
7 0.049849328124999995 0.3080664984375 0.0329027859375 0.5304562374999999 0.422384671875 0.5848879546875 0.43933121406250003 0.362498215625 0.049849328124999995 0.3080664984375
6 0.5271520062499999 0.7001632875 0.510373915625 0.9203423921875 0.7427954109375 0.9528242656250001 0.7595735 0.7326451609375 0.5271520062499999 0.7001632875
2 0.7644772125 0.7467514890625 0.7487952828125 0.952545684375 0.902771090625 0.9740644453125 0.9184530203125 0.76827025 0.7644772125 0.7467514890625
9 0.773203353125 0.7502051796875 0.7678910140624999 0.8199190875 0.9057044328125 0.8391790875 0.9110167718750001 0.7694651796875001 0.773203353125 0.7502051796875
9 0.42232533281249995 0.13201222343750002 0.41102803750000005 0.280266784375 0.5472357796875 0.299302384375 0.5585330749999999 0.15104782187500002 0.42232533281249995 0.13201222343750002
9 0.722266971875 0.39757131874999996 0.7145950625 0.498249884375 0.932206315625 0.5286619640625 0.939878225 0.42798339687500003 0.722266971875 0.39757131874999996
4 0.55952305 0.3737100875 0.551766915625 0.4754939734375 0.7029116625 0.49661708125 0.7106677984374999 0.39483319687499996 0.55952305 0.3737100875
2 0.5724266140625 0.10602393437499999 0.5440985484375 0.4777735515625 0.940848228125 0.5332209734375 0.96917629375 0.1614713578125 0.5724266140625 0.10602393437499999
1 0.06327938125 0.0337514 0.0431285890625 0.29819054375 0.395447546875 0.3474285875 0.4155983390625 0.0829894421875 0.06327938125 0.0337514
7 0.0107791359375 0.873948865625 0.3118700734375 0.9160275812500001 0.329318371875 0.6870533140624999 0.00808201875 0.6421591953125 0.0107791359375 0.873948865625
0 0.13915375937500002 0 0.13648324218750002 0.035045240625 0.39406735937500004 0.07104369375 0.39948103281249997 0 0.13915375937500002 0
9 0.7729811093750001 0.7497592015625 0.76753400625 0.8212416171875001 0.903762878125 0.8402801703125 0.9092099812500001 0.7687977546875 0.7729811093750001 0.7497592015625
0 0.8260860375 0.5272522265624999 0.8098987421875 0.7396783234375001 0.9179860390625001 0.7547839749999999 0.934173334375 0.542357878125 0.8260860375 0.5272522265624999