5 0.9931446203125001 0.536742125 0.8160248140625 0.5614953578125 0.8229242375 0.6520365921875 0.9920781234374999 0.62839663125 0.9931446203125001 0.536742125
7 0.9919285828125 0.641248084375 0.6687327125 0.6864160546875 0.688644059375 0.9477129421875 0.9888507343749999 0.9057578078124999 0.9919285828125 0.641248084375
1 0.5891702859375 0.0923289234375 0.6079313265625 0.3385303421875 0.945989353125 0.2912853234375 0.9272283109374999 0.045083904687499995 0.5891702859375 0.0923289234375
7 0.5967718484375 0.35936767187499996 0.6135956609375001 0.580146803125 0.9664005437500001 0.5308408499999999 0.9495767328125 0.31006171718750003 0.5967718484375 0.35936767187499996
3 0.2413582546875 0.5349978421875 0.2538407484375 0.698805790625 0.48205790625 0.6669114921875 0.4695754140625 0.50310354375 0.2413582546875 0.5349978421875
10 0.42213471093750005 0.9772670375000001 0.4194815296875 0.9424493125 0.120445640625 0.984240825 0.12111636562500001 0.9930427406250001 0.42213471093750005 0.9772670375000001
9 0.4428708765625 0.1464949734375 0.4547324953125 0.30215515625 0.5824681875 0.28430356093750003 0.5706065703125 0.1286433765625 0.4428708765625 0.1464949734375
9 0.0652510828125 0.43364991406250003 0.072028978125 0.5225963359375 0.280513234375 0.49345979062499995 0.2737353390625 0.4045133703125 0.0652510828125 0.43364991406250003
1 0.09046190937500001 0.8491143546875 0.10050782656249999 0.9809470656249999 0.240983284375 0.961315034375 0.23093736874999998 0.8294823234375001 0.09046190937500001 0.8491143546875
10 0.41407437968750005 0.9776894609375001 0.411741403125 0.947073790625 0.109937834375 0.9892520984375001 0.11027000468749999 0.9936111750000001 0.41407437968750005 0.9776894609375001
0 0.549158528125 0 0.5181728375 0.0043303796875 0.523619940625 0.0758127921875 0.863663934375 0.0282902265625 0.8615081625000001 0 0.549158528125 0
6 0.23891156875 0.7368624374999999 0.2558545015625 0.9592048046875 0.47688837812499996 0.9283143984375 0.45994544531250003 0.70597203125 0.23891156875 0.7368624374999999
0 0.0741762765625 0.5479733046875 0.0896692953125 0.7512884328125 0.18955919999999998 0.7373284015625 0.1740661796875 0.5340132734374999 0.0741762765625 0.5479733046875
4 0.2945045 0.3951795578125 0.30213068593750003 0.4952580984375 0.4423948703125 0.4756555921875 0.4347686859375 0.375577053125 0.2945045 0.3951795578125
2 0.03874701875 0.167657028125 0.0663435109375 0.5298061796875 0.4467617828125 0.47664113906249994 0.41916529375 0.1144919890625 0.03874701875 0.167657028125
5 0.85313950625 0.6470159640625 0.9920874234375001 0.6275974125 0.9921363624999999 0.6233916015625 0.9854548718749999 0.535710290625 0.8461414156249999 0.555179928125 0.85313950625 0.6470159640625
7 0.5606687859374999 0.362498215625 0.577615328125 0.5848879546875 0.9670972140625 0.5304562374999999 0.9501506718750001 0.3080664984375 0.5606687859374999 0.362498215625
6 0.24042650000000002 0.7326451609375 0.2572045890625 0.9528242656250001 0.48962608437500005 0.9203423921875 0.47284799375000003 0.7001632875 0.24042650000000002 0.7326451609375
2 0.08154697968749999 0.76827025 0.097228909375 0.9740644453125 0.2512047171875 0.952545684375 0.23552278750000002 0.7467514890625 0.08154697968749999 0.76827025
9 0.08898322812500001 0.7694651796875001 0.0942955671875 0.8391790875 0.23210898593749998 0.8199190875 0.226796646875 0.7502051796875 0.08898322812500001 0.7694651796875001
9 0.441466925 0.15104782187500002 0.45276422031249997 0.299302384375 0.5889719625 0.280266784375 0.5776746671875 0.13201222343750002 0.441466925 0.15104782187500002
9 0.060121775 0.42798339687500003 0.067793684375 0.5286619640625 0.2854049375 0.498249884375 0.277733028125 0.39757131874999996 0.060121775 0.42798339687500003
4 0.2893322015625 0.39483319687499996 0.2970883375 0.49661708125 0.448233084375 0.4754939734375 0.44047695 0.3737100875 0.2893322015625 0.39483319687499996
2 0.03082370625 0.1614713578125 0.059151771875 0.5332209734375 0.4559014515625 0.4777735515625 0.42757338593750005 0.10602393437499999 0.03082370625 0.1614713578125
1 0.5844016609375 0.0829894421875 0.6045524531249999 0.3474285875 0.9568714109374999 0.29819054375 0.9367206187500001 0.0337514 0.5844016609375 0.0829894421875
7 0.99191798125 0.6421591953125 0.670681628125 0.6870533140624999 0.6881299265624999 0.9160275812500001 0.9892208640625 0.873948865625 0.99191798125 0.6421591953125
0 0.6005189671875 0 0.6059326406250001 0.07104369375 0.8635167578124999 0.035045240625 0.860846240625 0 0.6005189671875 0
9 0.09079001875 0.7687977546875 0.096237121875 0.8402801703125 0.23246599375 0.8212416171875001 0.227018890625 0.7497592015625 0.09079001875 0.7687977546875
0 0.065826665625 0.542357878125 0.08201396093749999 0.7547839749999999 0.1901012578125 0.7396783234375001 0.1739139625 0.5272522265624999 0.065826665625 0.542357878125