5 0.7249362171875 0.2326106234375 0.7590634609375 0.0237723578125 0.66772820625 0.0130354546875 0.6336009625 0.2218737203125 0.7249362171875 0.2326106234375
7 0.9967935578124999 0.072873909375 0.7684782343750001 0.04603433125 0.712272328125 0.3899807703125 0.9825776812499999 0.4217564796875 0.9967935578124999 0.072873909375
1 0.10262176875 0.353052934375 0.3509823015625 0.3822489234375 0.406477221875 0.0426532859375 0.158116690625 0.013457295312500001 0.10262176875 0.353052934375
7 0.3681536640625 0.3971812734375 0.5908689625 0.423362540625 0.6487846984375001 0.068952965625 0.4260694 0.0427716984375 0.3681536640625 0.3971812734375
3 0.43397599062500003 0.77853148125 0.599220484375 0.7979567750000001 0.6366841515624999 0.5687015984375 0.4714396578125 0.5492763046875 0.43397599062500003 0.77853148125
10 0.8403166921875 0.98347043125 0.902231609375 0.99074883125 0.9513207359375 0.6903528125 0.88940581875 0.6830744109375 0.8403166921875 0.98347043125
9 0.11184556406249999 0.5065283828125 0.268870840625 0.5249874671875 0.2898396734375 0.3966707859375 0.13281439687500002 0.3782117 0.11184556406249999 0.5065283828125
9 0.280900290625 0.9311195937500001 0.37062674375000004 0.9416673765624999 0.40485109843749995 0.7322348546875 0.31512464375000004 0.721687075 0.280900290625 0.9311195937500001
1 0.6980613124999999 0.9866914984375 0.7710940171875 0.9952768484375 0.8322600781249999 0.9949209937499999 0.8541103234375 0.8612105906249999 0.7211214796875 0.8455771046875 0.6980613124999999 0.9866914984375
10 0.842084078125 0.9947100593749999 0.8433305499999999 0.9948565875 0.901615753125 0.9945174953125001 0.9500062828125 0.6983964796875 0.8916275421875 0.691533775 0.842084078125 0.9947100593749999
0 0 0.4061205078125 0.06654966875 0.4139437453125 0.12237060156249999 0.07235310625 0.050261306250000005 0.0638763078125 0 0.37144536562499997 0 0.4061205078125
6 0.63222785 0.8198989265625001 0.856520090625 0.8462655734375 0.8928045656249999 0.62422635 0.6685123234375 0.5978597046874999 0.63222785 0.8198989265625001
0 0.3962907296875 0.9444679921875 0.6013888703125 0.9685782765625 0.61778659375 0.8682340375 0.412688453125 0.8441237515625 0.3962907296875 0.9444679921875
4 0.31219439531250004 0.699581715625 0.4131505953125 0.711449609375 0.4361760796875 0.5705474500000001 0.33521988125 0.55867955625 0.31219439531250004 0.699581715625
2 0.0106922796875 0.9056716109374999 0.3760173671875 0.9486173546875 0.43846606093749996 0.5664687953125 0.0731409734375 0.5235230515625 0.0106922796875 0.9056716109374999
5 0.6364683265625 0.191213415625 0.7291097359375 0.2021038640625 0.75197915 0.0621567578125 0.6593377406250001 0.051266309375 0.6364683265625 0.191213415625
7 0.3603393140625 0.4330788 0.5846793406249999 0.4594510625 0.6486159 0.0681976671875 0.42427587187500004 0.041825403125 0.3603393140625 0.4330788
6 0.6285280078125 0.8176037171875 0.850638015625 0.8437138296875 0.8887918578124999 0.6102351968749999 0.66668185 0.584125084375 0.6285280078125 0.8176037171875
2 0.6156766 0.9797971859375 0.7484762734375 0.995408434375 0.82478500625 0.9949644828125 0.84855190625 0.8495253078125 0.64095295625 0.8251210406249999 0.6156766 0.9797971859375
9 0.6190996859375 0.9727584859375 0.689424965625 0.981025565625 0.7120481375 0.8425853203125 0.6417228578125 0.8343182421875 0.6190996859375 0.9727584859375
9 0.115909709375 0.50877989375 0.26546441875000004 0.526360778125 0.28782400625000004 0.3895335125 0.1382692984375 0.3719526265625 0.115909709375 0.50877989375
9 0.2737657953125 0.9350397421875 0.3753272859375 0.946978790625 0.41104990781249995 0.7283777609375 0.30948841875 0.7164387125 0.2737657953125 0.9350397421875
4 0.31029133125 0.7045710984375 0.41296783281250005 0.7166412203125 0.43777944843750005 0.564809009375 0.3351029484375 0.5527388875 0.31029133125 0.7045710984375
2 0.00220245 0.912222846875 0.377212196875 0.9563070671875 0.44234182187500004 0.5577528203125001 0.067332075 0.5136686 0.00220245 0.912222846875
1 0.091975503125 0.355911325 0.35873370000000004 0.38727005000000003 0.4165696671875 0.0333486125 0.1498114703125 0.0019898890625 0.091975503125 0.355911325
7 0.9444712375 0.41535171249999997 0.99558325625 0.1025768109375 0.996614609375 0.0772656203125 0.7686786546875 0.0504706390625 0.7134889359375001 0.38819861875 0.9444712375 0.41535171249999997
0 0.0074551578125 0.323241253125 0.0867005171875 0.33255693124999997 0.12898500468750002 0.0738012265625 0.049739645312500004 0.0644855484375 0.0074551578125 0.323241253125
9 0.6189872750000001 0.9708633656250001 0.6910965703125 0.9793401640624999 0.713459625 0.842491675 0.64135033125 0.834014875 0.6189872750000001 0.9708633656250001
0 0.3882343171875 0.9515460609374999 0.6025233265625001 0.976736778125 0.6202667171875 0.868157859375 0.405977709375 0.8429671421875 0.3882343171875 0.9515460609374999