2 0.3735294125 0.641668584375 0.37247585625 0.3658112765625 0.191474978125 0.36443037968750003 0.190421421875 0.45684695 0.0946532046875 0.45684695 0.09255487343749999 0.641668584375 0.3735294125 0.641668584375
9 0.0960403859375 0.6388492515624999 0.1863652328125 0.6388492515624999 0.1863652328125 0.46182968906250005 0.0960403859375 0.46182968906250005 0.0960403859375 0.6388492515624999
9 0.1995171203125 0.8434407359374999 0.3187884109375 0.8434407359374999 0.3187884109375 0.741139240625 0.1995171203125 0.741139240625 0.1995171203125 0.8434407359374999
10 0.2442493421875 0.9940161109375 0.31089552187499997 0.9940161109375 0.31089552187499997 0.8537859609374999 0.2442493421875 0.8537859609374999 0.2442493421875 0.9940161109375
0 0.3798419671875 0.4527042578125 0.548217734375 0.4527042578125 0.548217734375 0.368573071875 0.3798419671875 0.368573071875 0.3798419671875 0.4527042578125
5 0.4766374015625 0.8951668578125 0.54776119375 0.8951668578125 0.54776119375 0.75608745625 0.4766374015625 0.75608745625 0.4766374015625 0.8951668578125
6 0.3205443375 0.9951668578125 0.466119403125 0.9951668578125 0.466119403125 0.854936709375 0.3205443375 0.854936709375 0.3205443375 0.9951668578125
7 0.38017559218749997 0.6790794015625 0.5476733984375 0.6790794015625 0.5476733984375 0.4652819328125 0.38017559218749997 0.4652819328125 0.38017559218749997 0.6790794015625
1 0.2504038625 0.735466053125 0.25251097499999997 0.647192175 0.012572431249999998 0.6458112765624999 0.011518876562499999 0.8637399312499999 0.19253731406250002 0.8637514390625001 0.191474978125 0.73684695 0.2504038625 0.735466053125
5 0.47990342343750003 0.9383199078125 0.5450219484375001 0.9383199078125 0.5450219484375001 0.7064441890625 0.47990342343750003 0.7064441890625 0.47990342343750003 0.9383199078125
9 0.195882353125 0.8333716921875001 0.3168920109375 0.8333716921875001 0.3168920109375 0.744062140625 0.195882353125 0.744062140625 0.195882353125 0.8333716921875001
9 0.0931431078125 0.6333716921875 0.1839420546875 0.6333716921875 0.1839420546875 0.46683544374999997 0.0931431078125 0.46683544374999997 0.0931431078125 0.6333716921875
10 0.24422300312499998 0.991783659375 0.310851625 0.991783659375 0.310851625 0.858918296875 0.24422300312499998 0.858918296875 0.24422300312499998 0.991783659375
0 0.3832133453125 0.449205984375 0.5435118531249999 0.449205984375 0.5435118531249999 0.371783659375 0.3832133453125 0.371783659375 0.3832133453125 0.449205984375
6 0.32731343281249997 0.9878020718749999 0.4618964 0.9878020718749999 0.4618964 0.8549597234374999 0.32731343281249997 0.8549597234374999 0.32731343281249997 0.9878020718749999
2 0.37264266875 0.3680207140625 0.1973661109375 0.36800920625 0.1988586484375 0.472957421875 0.0961633015625 0.46505178437500005 0.0961633015625 0.6412888375 0.3666022828125 0.6412888375 0.37264266875 0.3680207140625
7 0.3877524140625 0.665051784375 0.5478928890625 0.665051784375 0.5478928890625 0.47098964375 0.3877524140625 0.47098964375 0.3877524140625 0.665051784375
3 0.3548200171875 0.8073187578125 0.44783143125 0.8073187578125 0.44783143125 0.67777905625 0.3548200171875 0.67777905625 0.3548200171875 0.8073187578125
1 0.247234415625 0.6531645562499999 0.014574187499999999 0.655120828125 0.0145829671875 0.8571346375 0.18681299375 0.8531760640625 0.188323090625 0.726467203125 0.247234415625 0.726467203125 0.247234415625 0.6531645562499999