2 0.193864440625 0.3033506578125 0.1688487796875 0.40195872968749996 0.0645787203125 0.36998101875 0.0145599296875 0.5671877750000001 0.3204780359375 0.6610072375 0.39057705625 0.365266846875 0.193864440625 0.3033506578125
9 0.1631456 0.405939865625 0.0648021484375 0.3757797359375 0.019083025 0.565332665625 0.117426475 0.5954927953125 0.1631456 0.405939865625
9 0.235186946875 0.7492422078125001 0.10532732656249999 0.7094166468750001 0.07890575625 0.8189613109374999 0.2087653765625 0.8587868703125 0.235186946875 0.7492422078125001
10 0.12493721093750002 0.8449754171875 0.10678984062500001 0.9202149796875 0.17935254843749998 0.9424686296875 0.19749991875 0.8672290671875 0.12493721093750002 0.8449754171875
0 0.581207159375 0.42690568906250004 0.39788380156250003 0.37068378125 0.37615510625000004 0.4607716375 0.5594784640625 0.5169935437500001 0.581207159375 0.42690568906250004
5 0.48062613125000003 0.8417044859375 0.40318831250000003 0.8179557281250001 0.36726805156250003 0.9668822515625 0.444705871875 0.9906310093749999 0.48062613125000003 0.8417044859375
6 0.20770810312500002 0.8716831 0.18985793906249998 0.9456904390625 0.3483564578125 0.9942990234375 0.3662066203125 0.9202916828125 0.20770810312500002 0.8716831
7 0.5556373484375 0.5302799859375 0.37326989374999997 0.4743512390625 0.31805208125 0.7032860296875 0.500419534375 0.7592147765624999 0.5556373484375 0.5302799859375
1 0.09767981718749999 0.7021351250000001 0.16219677187499998 0.7203332437500001 0.1872895765625 0.6265129640625 0.0066326562500000005 0.5700091109375001 0.0095537359375 0.8210460234375001 0.0660606359375 0.8383794468750001 0.09767981718749999 0.7021351250000001
5 0.4392430921875 1 0.49046515468749996 0.7876317125 0.419565721875 0.7658881578125001 0.36336415781250003 0.9989016093749999 0.3669456921875 1 0.4392430921875 1
9 0.23236729218750002 0.751738834375 0.100614978125 0.7113328203125 0.077548859375 0.80696568125 0.20930117187500002 0.8473716937500001 0.23236729218750002 0.751738834375
9 0.1592144609375 0.41049092187499997 0.060354821875 0.380172484375 0.0173432375 0.558499859375 0.116202878125 0.5888182953125 0.1592144609375 0.41049092187499997
10 0.12358299531250001 0.8504623406249999 0.1067611640625 0.9202061859375 0.1793047546875 0.9424539703124999 0.1961265875 0.872710125 0.12358299531250001 0.8504623406249999
0 0.575254309375 0.4287722625 0.400725271875 0.3752474140625 0.380729284375 0.45815140625 0.555258321875 0.51167625625 0.575254309375 0.4287722625
6 0.21507218125 0.8739679953125 0.19722796250000002 0.947950690625 0.34375855624999996 0.9928889312500001 0.3616027765625 0.9189062375000001 0.21507218125 0.8739679953125
2 0.17387414375000002 0.422027109375 0.0641038 0.37927100625 0.018586775 0.567986021875 0.3130340265625 0.658287584375 0.39018804375 0.3676884171875 0.19935425 0.3091499640625 0.17387414375000002 0.422027109375
7 0.554402184375 0.5364651046875 0.380045209375 0.482993025 0.3299244703125 0.6907951828125001 0.5042814453125 0.7442672625 0.554402184375 0.5364651046875
3 0.392049921875 0.7244843984375 0.2907814015625 0.693427203125 0.2573249765625 0.8321385953125 0.35859349687500003 0.863195790625 0.392049921875 0.7244843984375
1 0.09692891406250001 0.6899680312500001 0.161070103125 0.70963895625 0.1800020953125 0.6311463234375 0.006743637500000001 0.5795468125000001 0.0094267390625 0.81013199375 0.062559459375 0.8251439218750001 0.09692891406250001 0.6899680312500001