2 0.9074451265624999 0.641668584375 0.9053467953125001 0.45684695 0.8095785781249999 0.45684695 0.808525021875 0.36443037968750003 0.62752414375 0.3658112765625 0.6264705875 0.641668584375 0.9074451265624999 0.641668584375
9 0.9039596140624999 0.46182968906250005 0.8136347671875 0.46182968906250005 0.8136347671875 0.6388492515624999 0.9039596140624999 0.6388492515624999 0.9039596140624999 0.46182968906250005
9 0.8004828796875 0.741139240625 0.6812115890625 0.741139240625 0.6812115890625 0.8434407359374999 0.8004828796875 0.8434407359374999 0.8004828796875 0.741139240625
10 0.7557506578125001 0.8537859609374999 0.689104478125 0.8537859609374999 0.689104478125 0.9940161109375 0.7557506578125001 0.9940161109375 0.7557506578125001 0.8537859609374999
0 0.6201580328125 0.368573071875 0.451782265625 0.368573071875 0.451782265625 0.4527042578125 0.6201580328125 0.4527042578125 0.6201580328125 0.368573071875
5 0.5233625984375 0.75608745625 0.45223880625 0.75608745625 0.45223880625 0.8951668578125 0.5233625984375 0.8951668578125 0.5233625984375 0.75608745625
6 0.6794556625 0.854936709375 0.533880596875 0.854936709375 0.533880596875 0.9951668578125 0.6794556625 0.9951668578125 0.6794556625 0.854936709375
7 0.6198244078124999 0.4652819328125 0.45232660156250004 0.4652819328125 0.45232660156250004 0.6790794015625 0.6198244078124999 0.6790794015625 0.6198244078124999 0.4652819328125
1 0.808525021875 0.73684695 0.8074626859375 0.8637514390625001 0.9884811234375 0.8637399312499999 0.98742756875 0.6458112765624999 0.7474890249999999 0.647192175 0.7495961375 0.735466053125 0.808525021875 0.73684695
5 0.5200965765625 0.7064441890625 0.4549780515625 0.7064441890625 0.4549780515625 0.9383199078125 0.5200965765625 0.9383199078125 0.5200965765625 0.7064441890625
9 0.8041176468750001 0.744062140625 0.6831079890625 0.744062140625 0.6831079890625 0.8333716921875001 0.8041176468750001 0.8333716921875001 0.8041176468750001 0.744062140625
9 0.9068568921875 0.46683544374999997 0.8160579453125001 0.46683544374999997 0.8160579453125001 0.6333716921875 0.9068568921875 0.6333716921875 0.9068568921875 0.46683544374999997
10 0.755776996875 0.858918296875 0.689148375 0.858918296875 0.689148375 0.991783659375 0.755776996875 0.991783659375 0.755776996875 0.858918296875
0 0.6167866546874999 0.371783659375 0.45648814687500006 0.371783659375 0.45648814687500006 0.449205984375 0.6167866546874999 0.449205984375 0.6167866546874999 0.371783659375
6 0.6726865671875 0.8549597234374999 0.5381036 0.8549597234374999 0.5381036 0.9878020718749999 0.6726865671875 0.9878020718749999 0.6726865671875 0.8549597234374999
2 0.6333977171875 0.6412888375 0.9038366984374999 0.6412888375 0.9038366984374999 0.46505178437500005 0.8011413515625 0.472957421875 0.8026338890625 0.36800920625 0.62735733125 0.3680207140625 0.6333977171875 0.6412888375
7 0.6122475859375001 0.47098964375 0.4521071109375 0.47098964375 0.4521071109375 0.665051784375 0.6122475859375001 0.665051784375 0.6122475859375001 0.47098964375
3 0.6451799828125 0.67777905625 0.55216856875 0.67777905625 0.55216856875 0.8073187578125 0.6451799828125 0.8073187578125 0.6451799828125 0.67777905625
1 0.752765584375 0.726467203125 0.8116769093749999 0.726467203125 0.8131870062500001 0.8531760640625 0.9854170328125 0.8571346375 0.9854258124999999 0.655120828125 0.752765584375 0.6531645562499999 0.752765584375 0.726467203125