2 0.42911966875 0.8782898343750001 0.52655754375 0.8748323078125001 0.5407011703125 0.97645850625 0.7355635109375 0.9695347062499999 0.6940675 0.671373428125 0.40384197187500004 0.6861490671875 0.42911966875 0.8782898343750001
9 0.532401665625 0.8788899140625 0.5457413812499999 0.9747397781249999 0.7320809781250001 0.9659755750000001 0.7187412609375 0.8701257109375 0.532401665625 0.8788899140625
9 0.806859740625 0.7245380734375 0.82447444375 0.8511049875 0.9321620859375 0.8460400625 0.914547384375 0.719473146875 0.806859740625 0.7245380734375
10 1 0.72388451875 0.9266029515625 0.7273366390625 0.9364456609375 0.7980594546875001 1 0.795070271875 1 0.72388451875
0 0.3807945546875 0.4995206171875 0.4056613015625 0.6781956484375 0.49422197187499994 0.6740303296875 0.469355225 0.49535530000000005 0.3807945546875 0.4995206171875
5 0.7887788984374999 0.48081932656250004 0.7992828875 0.5562936406250001 0.9456847843749999 0.5494078484375 0.9351807937500001 0.47393353281249995 0.7887788984374999 0.48081932656250004
6 1 0.5580876406249999 0.9048898875000001 0.5625610015625 0.926389290625 0.7170406484375 1 0.7135784796875 1 0.5580876406249999
7 0.48267550468750003 0.4953102140625 0.5074125890625 0.673053578125 0.7324664390625 0.6624685109375 0.7077293546875 0.48472514687499996 0.48267550468750003 0.4953102140625
1 0.9750997968749999 1 0.9545729625 0.8524412328125001 0.8211438765624999 0.8598515640625 0.8109873015625 0.797386465625 0.7177546375 0.7995208890625001 0.744504203125 1 0.9750997968749999 1
5 0.7369264734375001 0.48618395468750003 0.74654356875 0.5552856703125 0.9906274843749999 0.54380555 0.9810103874999999 0.47470383437499997 0.7369264734375001 0.48618395468750003
9 0.810216603125 0.726405759375 0.8280880375 0.854817375 0.9220997140625 0.8503956765625 0.9042282796875 0.7219840609375 0.810216603125 0.726405759375
9 0.538028840625 0.8812134796875 0.5514385749999999 0.97756644375 0.7267429140624999 0.9693212671874999 0.7133331796875 0.8729683046875 0.538028840625 0.8812134796875
10 1 0.7239314078125 0.9320119874999999 0.727129121875 0.941852103125 0.7978333046875 1 0.79509840625 1 0.7239314078125
0 0.384869171875 0.5043553953125001 0.4085430203125 0.6744590921875 0.4900416109375 0.6706259296875 0.4663677625 0.5005222328125 0.384869171875 0.5043553953125001
6 1 0.5625982921875 0.90553779375 0.5670411796875 0.9254138171875 0.7098563609374999 1 0.7063483109375001 1 0.5625982921875
2 0.5422701671875 0.8650813640624999 0.5491149671875 0.9744498203124999 0.7346308546875 0.9657243578125 0.6946907984374999 0.678743078125 0.406143096875 0.6858626625 0.43201688125000004 0.8718611624999999 0.5422701671875 0.8650813640624999
7 0.4886513078125 0.4947947109375 0.512301815625 0.6647307078125 0.7165812781249999 0.65512273125 0.6929307703124999 0.48518673593750006 0.4886513078125 0.4947947109375
3 0.7211058078125 0.59073865625 0.73484229375 0.6894394234375001 0.871202228125 0.6830259390625 0.8574657421874999 0.584325171875 0.7211058078125 0.59073865625
1 0.9671425046875 1 0.9442862 0.8590392843749999 0.8106831281250001 0.863710146875 0.80198275 0.8011953140625 0.7248207375 0.8048245140624999 0.75362311875 1 0.9671425046875 1