3 0.47859999999999997 0.38789954375 0.3161333328125 0.38789954375 0.3161333328125 0.5305707765625 0.47859999999999997 0.5305707765625 0.47859999999999997 0.38789954375
7 0.9842000000000001 0.4205936078125 0.6910000000000001 0.4205936078125 0.6910000000000001 0.9469406390625 0.9842000000000001 0.9469406390625 0.9842000000000001 0.4205936078125
9 0.6829333328125 0.016735159375 0.5621111109375 0.016735159375 0.5621111109375 0.188881278125 0.6829333328125 0.188881278125 0.6829333328125 0.016735159375
9 0.6805555562500001 0.6109132421875 0.5613333328125 0.6109132421875 0.5613333328125 0.83926940625 0.6805555562500001 0.83926940625 0.6805555562500001 0.6109132421875
9 0.55 0.7086757984375 0.43568888906250003 0.7086757984375 0.43568888906250003 0.920410959375 0.55 0.920410959375 0.55 0.7086757984375
0 0.0900666671875 0.614246575 0.0046888890625 0.614246575 0.0046888890625 0.9999086765625 0.0900666671875 0.9999086765625 0.0900666671875 0.614246575
2 0.0965111109375 0.6076255703125 0.0949111109375 0.9552283109375 0.4284 0.9552283109375 0.4284 0.9270776250000001 0.5556666671875 0.9287442921875 0.5572666671875 0.705296803125 0.43322222187500004 0.7019863015625 0.43322222187500004 0.6059817359374999 0.0965111109375 0.6076255703125
2 0.5556666671875 0.1938356171875 0.6845555562500001 0.1938356171875 0.6845555562500001 0.4172831046875 0.9906444437499999 0.41894977187500004 0.9890222218750001 0.008447489062499999 0.5572666671875 0.006803653125000001 0.5556666671875 0.1938356171875
5 0.9954666671875 0.8261187218750001 0.90204444375 0.8261187218750001 0.90204444375 0.9320547937500001 0.9954666671875 0.9320547937500001 0.9954666671875 0.8261187218750001
0 0.1577333328125 0.29148401874999996 0.0514 0.29148401874999996 0.0514 0.601004565625 0.1577333328125 0.601004565625 0.1577333328125 0.29148401874999996
1 0.5556666671875 0.0149086765625 0.2930666671875 0.0149086765625 0.2930666671875 0.2815525109375 0.5556666671875 0.2815525109375 0.5556666671875 0.0149086765625
10 0.0949111109375 0.006803653125000001 0.0062888890625 0.006803653125000001 0.0062888890625 0.2815525109375 0.0949111109375 0.2815525109375 0.0949111109375 0.006803653125000001
6 0.280177778125 0.0134246578125 0.10457777812499999 0.0134246578125 0.10457777812499999 0.2815525109375 0.280177778125 0.2815525109375 0.280177778125 0.0134246578125