3 0.6889257375 0.781806940625 0.6899744953125 0.6023089406250001 0.5320030671875 0.5885471156250001 0.5309543109375 0.7680451171875 0.6889257375 0.781806940625
7 0.6570380453125 0.040553421875 0.319666609375 0.0111630046875 0.07417025000000001 0.0025900828125 0.0723524109375 0.31371895781250003 0.6551453765625 0.36448949375 0.6570380453125 0.040553421875
9 1 0.403448646875 0.9116546734375 0.3957523640625 0.910874740625 0.5292403453125 1 0.5370045734375 1 0.403448646875
9 0.44357866562500003 0.4893911734375 0.4443482703125 0.35767091875 0.191502984375 0.3356440734375 0.190733378125 0.46736432812500006 0.44357866562500003 0.4893911734375
9 0.33452090156250003 0.6187768796875 0.33525880468749997 0.49248256875 0.10081697187500001 0.47205895625 0.1000790703125 0.5983532687500001 0.33452090156250003 0.6187768796875
2 0.4442533703125 1 0.448212046875 0.631407821875 0.34191186406249996 0.6221473843750001 0.3390470734375 0.48478007187500005 0.091626546875 0.464994434375 0.09265041406249999 0.6057631953125 0.061480824999999996 0.603047828125 0.05932808125 0.9714962625 0.40474102343749996 1 0.4442533703125 1
2 1 0.0646529640625 0.65889976875 0.03359196875 0.6587693 0.371928834375 0.9061794984375 0.393482196875 0.9053474937500001 0.535882471875 1 0.54331988125 1 0.0646529640625
5 0.0906574921875 0.0031658296875 0.090196965625 0.0819866484375 0.20749371874999997 0.0922050609375 0.2079900109375 0.007263171875 0.0906574921875 0.0031658296875
0 0.794460446875 1 0.79465844375 0.966112046875 0.4519446328125 0.936256221875 0.45157219531250004 1 0.794460446875 1
1 1 0.544128209375 0.8082237593749999 0.5274214484375 0.8065286203124999 0.8175497343749999 1 0.8344041687500001 1 0.544128209375
6 1 0.84865144375 0.8064454203125001 0.8317897609375 0.8054626140625001 1 1 1 1 0.84865144375