3 0.4690456890625 0.7680451171875 0.4679969328125 0.5885471156250001 0.3100255046875 0.6023089406250001 0.3110742625 0.781806940625 0.4690456890625 0.7680451171875
7 0.3448546234375 0.36448949375 0.9276475890625001 0.31371895781250003 0.9258297499999999 0.0025900828125 0.680333390625 0.0111630046875 0.3429619546875 0.040553421875 0.3448546234375 0.36448949375
9 0 0.5370045734375 0.089125259375 0.5292403453125 0.0883453265625 0.3957523640625 0 0.403448646875 0 0.5370045734375
9 0.8092666218750001 0.46736432812500006 0.808497015625 0.3356440734375 0.5556517296875 0.35767091875 0.556421334375 0.4893911734375 0.8092666218750001 0.46736432812500006
9 0.8999209296874999 0.5983532687500001 0.899183028125 0.47205895625 0.6647411953125 0.49248256875 0.6654790984375001 0.6187768796875 0.8999209296874999 0.5983532687500001
2 0.5952589765625 1 0.94067191875 0.9714962625 0.938519175 0.603047828125 0.9073495859375 0.6057631953125 0.9083734531250001 0.464994434375 0.6609529265625 0.48478007187500005 0.6580881359374999 0.6221473843750001 0.5517879531250001 0.631407821875 0.5557466296875 1 0.5952589765625 1
2 0 0.54331988125 0.09465250625 0.535882471875 0.0938205015625 0.393482196875 0.3412307 0.371928834375 0.34110023125 0.03359196875 0 0.0646529640625 0 0.54331988125
5 0.7920099890625 0.007263171875 0.79250628125 0.0922050609375 0.9098030343750001 0.0819866484375 0.9093425078124999 0.0031658296875 0.7920099890625 0.007263171875
0 0.5484278046875 1 0.5480553671874999 0.936256221875 0.20534155625 0.966112046875 0.205539553125 1 0.5484278046875 1
1 0 0.8344041687500001 0.1934713796875 0.8175497343749999 0.191776240625 0.5274214484375 0 0.544128209375 0 0.8344041687500001
6 0.1945373859375 1 0.1935545796875 0.8317897609375 0 0.84865144375 0 1 0.1945373859375 1