3 0.6728950109375 0.49942440625 0.49543454374999996 0.48702903124999997 0.49452560781250005 0.6430873484374999 0.6719860734374999 0.6554827234375 0.6728950109375 0.49942440625
7 0.0066701921875 0.5732349515624999 0.2627318265625 0.5911205125000001 0.266085103125 0.015385446875 0.1834907546875 0.00961634375 0.008651368750000001 0.0004533984375 0.005767253125 0.495636584375 0.0066701921875 0.5732349515624999
9 0.40119149375 1 0.40203946874999996 0.8544083640625001 0.27006675 0.8451902453125 0.26916508437500003 1 0.40119149375 1
9 0.4070325515625 0.14305255625 0.2768074921875 0.1339565109375 0.2753526703125 0.38373972031250003 0.40557772812500004 0.3928357671875 0.4070325515625 0.14305255625
9 0.54478946875 0.0638833828125 0.41992876093750003 0.05516203125 0.41857982812500005 0.286764659375 0.5434405359375 0.2954860125 0.54478946875 0.0638833828125
0 1 0.0610521171875 0.922510234375 0.055639559375 0.920358109375 0.4251448953125 1 0.43070777656250003 1 0.0610521171875
2 0.413792215625 0.045614428125 0.41062100468749996 0.28990630156249997 0.5460922296875 0.302991390625 0.5454806 0.4080042265625 0.9132767359375 0.4318954828125 0.9172027484375 0.0552688390625 0.5529526359375 0.029826457812500002 0.552793509375 0.057147278125 0.413792215625 0.045614428125
2 0.4069464328125 1 0.40911022499999994 0.8494808296875 0.2683263765625 0.8396472671874999 0.269749928125 0.595233321875 0.00669566875 0.5754243406249999 0.0115353859375 0.99134863125 0.135394153125 1 0.4069464328125 1
5 0.0354688546875 0.01556644375 0.0085742875 0.0136878953125 0.007899384375 0.1295641296875 0.034793953125 0.131442678125 0.0354688546875 0.01556644375
0 0.9625088999999999 0.44257949375 0.846362225 0.43446680468750004 0.8443903171875 0.7730301890625 0.9605369906250001 0.781142878125 0.9625088999999999 0.44257949375
1 0.695185190625 1 0.69650400625 0.773568346875 0.4096690578125 0.7535333109375 0.40823355 1 0.695185190625 1
10 1 0.794767134375 0.912947034375 0.7886866015625 0.9117162734375001 1 1 1 1 0.794767134375
6 0.9011531890625 1 0.902388246875 0.787949084375 0.7105823906250001 0.774551703125 0.7092693046874999 1 0.9011531890625 1