0 0.28649681562499996 0.038342923437499996 0.0409660296875 0.038342923437499996 0.0409660296875 0.07537399375 0.28649681562499996 0.07537399375 0.28649681562499996 0.038342923437499996
2 0.164681528125 0.7393095515625 0.15737791875 0.5214844656250001 0.29803609375 0.5175258921875 0.29803609375 0.0264441890625 0.02584925625 0.030402762500000003 0.0240233546875 0.7412888375 0.164681528125 0.7393095515625
0 0.56111465 0.051852704687499994 0.3155732484375 0.051852704687499994 0.3155732484375 0.088883775 0.56111465 0.088883775 0.56111465 0.051852704687499994
5 0.8290976640625001 0.802128884375 0.5877919328125001 0.802128884375 0.5877919328125001 0.8912773296875001 0.8290976640625001 0.8912773296875001 0.8290976640625001 0.802128884375
3 0.5247452234375001 0.4763636359375 0.3460509546875 0.4763636359375 0.3460509546875 0.7175834296875 0.5247452234375001 0.7175834296875 0.5247452234375001 0.4763636359375
7 0.8175159234375 0.8215189875 0.9032059453124999 0.5326121984375 0.58266454375 0.4053394703125 0.5583864125 0.726582278125 0.8175159234375 0.8215189875
0 0.5839702765625 0.2649021859375 0.5820594484375 0.3902186421875 0.9045116765625 0.5154430375 0.9455095546875001 0.4083774453125 0.5839702765625 0.2649021859375
1 0.5578768578125 0.0972612203125 0.310010615625 0.0972612203125 0.310010615625 0.3922094359375 0.5578768578125 0.3922094359375 0.5578768578125 0.0972612203125
9 0.28960721875 0.5367088609375 0.1683121015625 0.5367088609375 0.1683121015625 0.7319447640625001 0.28960721875 0.7319447640625001 0.28960721875 0.5367088609375
9 0.15576433125 0.53245109375 0.0298301484375 0.53245109375 0.0298301484375 0.7328308406249999 0.15576433125 0.7328308406249999 0.15576433125 0.53245109375
10 0.29270700625 0.7605638671875 0.16986199531249999 0.7605638671875 0.16986199531249999 0.959217490625 0.29270700625 0.959217490625 0.29270700625 0.7605638671875
6 0.5629405515625 0.753831990625 0.311188959375 0.753831990625 0.311188959375 0.9693210593750001 0.5629405515625 0.9693210593750001 0.5629405515625 0.753831990625
0 0.5789490453125 0.2833256609375 0.580010615625 0.3902186421875 0.9023566875 0.5120598390625 0.946889596875 0.4201035671875 0.5789490453125 0.2833256609375
10 0.29159235625 0.8109090906249999 0.1643524421875 0.8109090906249999 0.1643524421875 0.9672382046875001 0.29159235625 0.9672382046875001 0.29159235625 0.8109090906249999
9 0.29321656093750004 0.538504028125 0.16918259062500002 0.538504028125 0.16918259062500002 0.7385500578124999 0.29321656093750004 0.7385500578124999 0.29321656093750004 0.538504028125
5 0.7210297234375 0.9068929796875 0.7528450109375 0.811484465625 0.5768259015625 0.7425201375 0.5789490453125 0.8528653625 0.7210297234375 0.9068929796875
0 0.292653928125 0.033901035937500004 0.0455414015625 0.033901035937500004 0.0455414015625 0.0821749140625 0.292653928125 0.0821749140625 0.292653928125 0.033901035937500004
1 0.5694055203125 0.0902186421875 0.304309978125 0.0902186421875 0.304309978125 0.3994246265625 0.5694055203125 0.3994246265625 0.5694055203125 0.0902186421875
2 0.16010615781249998 0.744246259375 0.15904458593749998 0.5293095515624999 0.300074309375 0.5293095515624999 0.295828025 0.0902186421875 0.025445859375 0.0902186421875 0.0243842890625 0.744246259375 0.16010615781249998 0.744246259375
6 0.5651592359375 0.7488492515625 0.30643312031250003 0.7488492515625 0.30643312031250003 0.968388953125 0.5651592359375 0.968388953125 0.5651592359375 0.7488492515625
9 0.15371549843750001 0.5315995390625 0.029681528125000002 0.5315995390625 0.029681528125000002 0.738504028125 0.15371549843750001 0.738504028125 0.15371549843750001 0.5315995390625