0 0.0062231625 0.0548430984375 0.0298023234375 0.30752398593749997 0.0678657 0.30419251406250003 0.044286539062500005 0.0515116265625 0.0062231625 0.0548430984375
2 0.44047953125 0 0.0009219765624999999 0.03961185 0.0027459609375 0.1179776875 0.018680046875000002 0.3204697609375 0.5234515281250001 0.27628997499999997 0.51401256875 0.1311795640625 0.7386113062499999 0.119099396875 0.729182921875 0 0.44047953125 0
0 0.046481023437500005 0.33623175625 0.0700612046875 0.5889235687500001 0.1081245828125 0.5855920984375 0.08454440156250001 0.3329002859375 0.046481023437500005 0.33623175625
5 0.84381458125 0.5488797062499999 0.8669879968749999 0.7972125046875 0.958621615625 0.7891923328125 0.9354482000000001 0.5408595359375 0.84381458125 0.5488797062499999
3 0.48575283281250003 0.3294062078125 0.5029134546875 0.5133042328124999 0.7508576796875001 0.4916030796875 0.7336970578125 0.3077050578125 0.48575283281250003 0.3294062078125
7 0.5970749234375 0.89772575 0.8858064000000001 0.7835490734375 0.763338065625 0.525414359375 0.43547155625 0.5792998546875 0.5970749234375 0.89772575
0 0.419871096875 0.580037471875 0.291244725 0.59327794375 0.4734394671875 0.9524379671875 0.5795525375 0.9006141171875001 0.419871096875 0.580037471875
1 0.09262118281250001 0.3264219921875 0.11642462656250001 0.58150635 0.41959505156250004 0.5549715609375 0.3957916078125 0.29988720625 0.09262118281250001 0.3264219921875
9 0.5307114171875 0.1410625125 0.542359803125 0.2658898625 0.7430382546875001 0.248325615625 0.7313898703125 0.1234982640625 0.5307114171875 0.1410625125
9 0.513135828125 0 0.5251299515625 0.12853238281249998 0.7310956390625 0.11050537499999999 0.7207837234375 0 0.513135828125 0
10 0.760955621875 0.122518596875 0.77275285 0.248940978125 0.9769442984375001 0.23106925781249998 0.9651470718749999 0.1046468765625 0.760955621875 0.122518596875
6 1 0.36594070156249997 0.9891044046875 0.2491804640625 0.7676081953125 0.2685667703125 0.7917847625000001 0.527649621875 1 0.5094257203125 1 0.36594070156249997
0 0.41967434062500003 0.5779289765625 0.30969958124999997 0.5864530343750001 0.48562500625 0.952803265625 0.575868075 0.8987007406249999 0.41967434062500003 0.5779289765625
10 0.8121752093750001 0.1123193296875 0.8243944937500001 0.24326459687500002 0.985081559375 0.22920057031250002 0.9728622734375 0.0982553015625 0.8121752093750001 0.1123193296875
9 0.5326402234375001 0.141796846875 0.54455163125 0.2694428109375 0.7501743015625 0.25144582656250003 0.73826289375 0.12379986093749999 0.5326402234375001 0.141796846875
5 0.8692815765624999 0.717897628125 0.9642944453125001 0.6765724953125 0.8951162171875 0.5352148375 0.781491028125 0.5429569890625 0.8692815765624999 0.717897628125
0 0.0020968359375 0.0599513203125 0.025827898437500003 0.3142600109375 0.07544749843750001 0.3099170890625 0.051716435937500006 0.0556083984375 0.0020968359375 0.0599513203125
1 0.0848348296875 0.321188928125 0.1102928625 0.5940043171875 0.4281185140625 0.5661868390625 0.40266048281250005 0.2933714515625 0.0848348296875 0.321188928125
2 0.4416669 0 0.058054553125 0.03420400625 0.084020278125 0.3124599703125 0.5357594156250001 0.2773274390625 0.5222158484375 0.13219078906249998 0.743246246875 0.11394665781249999 0.732613203125 0 0.4416669 0
6 1 0.376291725 0.9876895953125 0.2443699875 0.7620298359375 0.26412070625 0.7868761890625 0.530381184375 1 0.5117276656249999 1 0.376291725
9 0.5122533875 0 0.524057903125 0.126500496875 0.736730221875 0.10788649531250001 0.7266626890625 0 0.5122533875 0