0 0.713503184375 0.07537399375 0.9590339703125 0.07537399375 0.9590339703125 0.038342923437499996 0.713503184375 0.038342923437499996 0.713503184375 0.07537399375
2 0.9759766453125 0.7412888375 0.9741507437499999 0.030402762500000003 0.7019639062499999 0.0264441890625 0.7019639062499999 0.5175258921875 0.84262208125 0.5214844656250001 0.8353184718750001 0.7393095515625 0.9759766453125 0.7412888375
0 0.43888534999999995 0.088883775 0.6844267515625 0.088883775 0.6844267515625 0.051852704687499994 0.43888534999999995 0.051852704687499994 0.43888534999999995 0.088883775
5 0.17090233593749998 0.8912773296875001 0.41220806718749997 0.8912773296875001 0.41220806718749997 0.802128884375 0.17090233593749998 0.802128884375 0.17090233593749998 0.8912773296875001
3 0.4752547765625 0.7175834296875 0.6539490453125001 0.7175834296875 0.6539490453125001 0.4763636359375 0.4752547765625 0.4763636359375 0.4752547765625 0.7175834296875
7 0.4416135875 0.726582278125 0.41733545625 0.4053394703125 0.09679405468749999 0.5326121984375 0.1824840765625 0.8215189875 0.4416135875 0.726582278125
0 0.054490445312500004 0.4083774453125 0.0954883234375 0.5154430375 0.4179405515625 0.3902186421875 0.4160297234375 0.2649021859375 0.054490445312500004 0.4083774453125
1 0.44212314218750004 0.3922094359375 0.689989384375 0.3922094359375 0.689989384375 0.0972612203125 0.44212314218750004 0.0972612203125 0.44212314218750004 0.3922094359375
9 0.71039278125 0.7319447640625001 0.8316878984375 0.7319447640625001 0.8316878984375 0.5367088609375 0.71039278125 0.5367088609375 0.71039278125 0.7319447640625001
9 0.84423566875 0.7328308406249999 0.9701698515625001 0.7328308406249999 0.9701698515625001 0.53245109375 0.84423566875 0.53245109375 0.84423566875 0.7328308406249999
10 0.70729299375 0.959217490625 0.8301380046875 0.959217490625 0.8301380046875 0.7605638671875 0.70729299375 0.7605638671875 0.70729299375 0.959217490625
6 0.4370594484375 0.9693210593750001 0.688811040625 0.9693210593750001 0.688811040625 0.753831990625 0.4370594484375 0.753831990625 0.4370594484375 0.9693210593750001
0 0.053110403125000004 0.4201035671875 0.0976433125 0.5120598390625 0.419989384375 0.3902186421875 0.4210509546875 0.2833256609375 0.053110403125000004 0.4201035671875
10 0.70840764375 0.9672382046875001 0.8356475578125 0.9672382046875001 0.8356475578125 0.8109090906249999 0.70840764375 0.8109090906249999 0.70840764375 0.9672382046875001
9 0.7067834390625001 0.7385500578124999 0.830817409375 0.7385500578124999 0.830817409375 0.538504028125 0.7067834390625001 0.538504028125 0.7067834390625001 0.7385500578124999
5 0.4210509546875 0.8528653625 0.4231740984375 0.7425201375 0.2471549890625 0.811484465625 0.2789702765625 0.9068929796875 0.4210509546875 0.8528653625
0 0.707346071875 0.0821749140625 0.9544585984375 0.0821749140625 0.9544585984375 0.033901035937500004 0.707346071875 0.033901035937500004 0.707346071875 0.0821749140625
1 0.4305944796875 0.3994246265625 0.6956900218750001 0.3994246265625 0.6956900218750001 0.0902186421875 0.4305944796875 0.0902186421875 0.4305944796875 0.3994246265625
2 0.9756157109375 0.744246259375 0.974554140625 0.0902186421875 0.7041719750000001 0.0902186421875 0.699925690625 0.5293095515624999 0.8409554140625 0.5293095515624999 0.8398938421875 0.744246259375 0.9756157109375 0.744246259375
6 0.4348407640625 0.968388953125 0.6935668796875001 0.968388953125 0.6935668796875001 0.7488492515625 0.4348407640625 0.7488492515625 0.4348407640625 0.968388953125
9 0.8462845015625 0.738504028125 0.970318471875 0.738504028125 0.970318471875 0.5315995390625 0.8462845015625 0.5315995390625 0.8462845015625 0.738504028125