0 1 0.15911956562500001 0.9972785562500001 0.1585658625 0.9699902546875 0.40082787656249996 1 0.40693363906249996 1 0.15911956562500001
2 1 0.1437483 0.3906712875 0.0181958078125 0.331857309375 0.015456503125000002 0.3191070203125 0.1454515375 0.5379033546875001 0.1825961578125 0.526232071875 0.3221877359375 1 0.41858022500000003 1 0.1437483
0 0.9532390234375001 0.42676651093749995 0.92594954375 0.6690389984375 0.9630077312499999 0.6765788328125 0.9902972140624999 0.43430634375 0.9532390234375001 0.42676651093749995
5 0.1200034421875 0.5319871390625 0.0931847140625 0.770080346875 0.182398446875 0.7882317109375 0.2092171765625 0.5501385 0.1200034421875 0.5319871390625
3 0.32069165 0.3288299984375 0.30083156093749996 0.50514529375 0.5422280109375001 0.5542596453125 0.5620881 0.3779443484375 0.32069165 0.3288299984375
7 0.606867034375 0.625868990625 0.2880872390625 0.536506375 0.1642813390625 0.7728561734375 0.443876115625 0.916229215625 0.606867034375 0.625868990625
0 0.4609127296875 0.9210133484374999 0.5635002265625 0.9832648609374999 0.7472620484375 0.6557515359375 0.6220661875 0.628350678125 0.4609127296875 0.9210133484374999
1 0.650309453125 0.35951831093750003 0.6227615890625 0.6040846906249999 0.917925809375 0.6641385953125 0.9454736734375 0.41957221562499997 0.650309453125 0.35951831093750003
9 0.3260737 0.150533309375 0.31259295625 0.2702136140625 0.5079718390625 0.3099652640625 0.521452584375 0.190284959375 0.3260737 0.150533309375
9 0.541104359375 0.0545135453125 0.354270209375 0.016500400000000002 0.3403371671875 0.0158514578125 0.3265815359375 0.137972175 0.5271080296874999 0.1787711546875 0.541104359375 0.0545135453125
10 0.098462275 0.10578795625 0.08480927499999999 0.226997521875 0.2836083828125 0.267445046875 0.29726138281250003 0.1462354828125 0.098462275 0.10578795625
6 0.0726442234375 0.2431762515625 0.0446645421875 0.49157625468750005 0.260311421875 0.5354516171875 0.288291103125 0.287051615625 0.0726442234375 0.2431762515625
0 0.4645379140625 0.9195758953125001 0.551612140625 0.9822389921875001 0.7293831421875 0.6470459796875 0.6222938953125 0.626329121875 0.4645379140625 0.9195758953125001
10 0.0910480203125 0.0987186671875 0.0769065703125 0.22426462812499998 0.233350171875 0.25609453125 0.24749162187499998 0.130548571875 0.0910480203125 0.0987186671875
9 0.319366821875 0.150047315625 0.30558168281250003 0.2724300125 0.505774215625 0.31316104375 0.51955935625 0.190778346875 0.319366821875 0.150047315625
5 0.270088340625 0.5514552984375001 0.159426340625 0.531082971875 0.0895683015625 0.6602716484375 0.18151073906249998 0.711089340625 0.270088340625 0.5514552984375001
0 1 0.1637374875 0.9899641484374999 0.1616956 0.9625000515625001 0.40551829531249994 1 0.41314800937499996 1 0.1637374875
1 0.6437225484375 0.35242449531250003 0.6142598203125 0.6139907984375 0.92369225 0.6769477015625001 0.9531549781249999 0.4153813984375 0.6437225484375 0.35242449531250003
2 0.3146752046875 0.139931925 0.529887303125 0.18264738281249998 0.5142132546875 0.32179956875000004 0.9540976625 0.4070123671875 0.9841479484375 0.140229821875 0.3886907359375 0.0181035625 0.3287125671875 0.015310034375 0.3146752046875 0.139931925
6 0.0741055765625 0.23867351406249998 0.0453507453125 0.49395518593750004 0.2650512265625 0.5386552906250001 0.29380605625 0.28337361875 0.0741055765625 0.23867351406249998
9 0.541973053125 0.05454028749999999 0.35522635 0.0165449328125 0.334560021875 0.0155823828125 0.3211319 0.1347955125 0.5281879125 0.17692298281250002 0.541973053125 0.05454028749999999