9 0.7472452828125 0.6748666671875 0.7472452828125 0.63464444375 0.8194716984375001 0.6334888890625 0.8194716984375001 0.467977778125 0.661358490625 0.4691111109375 0.6574339625000001 0.6737111109375 0.7472452828125 0.6748666671875
2 0.5501132078125 0.6737111109375 0.54815094375 0.9093555562500001 0.9267924531249999 0.9093555562500001 0.9326792453125 0.63924444375 0.8272452828124999 0.63924444375 0.829056603125 0.46444444375 0.6555094343750001 0.46451111093749997 0.65158490625 0.6748666671875 0.5501132078125 0.6737111109375
0 0.834339621875 0.9125555562500001 0.18083018906249998 0.9125555562500001 0.18083018906249998 0.98704444375 0.834339621875 0.98704444375 0.834339621875 0.9125555562500001
2 0.157773584375 0.7059111109375 0.07384905625 0.7081999999999999 0.0796981125 0.90704444375 0.5442264156250001 0.90704444375 0.5442264156250001 0.60015555625 0.1597358484375 0.599 0.157773584375 0.7059111109375
0 0.2026792453125 0.0334888890625 0.0718867921875 0.0334888890625 0.0718867921875 0.23004444375 0.2026792453125 0.23004444375 0.2026792453125 0.0334888890625
7 0.6457358484375 0.035777778125 0.220226415625 0.035777778125 0.220226415625 0.231177778125 0.6457358484375 0.231177778125 0.6457358484375 0.035777778125
5 0.95415094375 0.02544444375 0.7743773578125001 0.02544444375 0.7743773578125001 0.11279999999999998 0.95415094375 0.11279999999999998 0.95415094375 0.02544444375
6 0.534490565625 0.243822221875 0.2319622640625 0.243822221875 0.2319622640625 0.38980000000000004 0.534490565625 0.38980000000000004 0.534490565625 0.243822221875
10 0.2183018875 0.2564666671875 0.0855471703125 0.2564666671875 0.0855471703125 0.358777778125 0.2183018875 0.358777778125 0.2183018875 0.2564666671875
9 0.4251698109375 0.6059111109375 0.1694716984375 0.6059111109375 0.1694716984375 0.7059111109375 0.4251698109375 0.7059111109375 0.4251698109375 0.6059111109375
9 0.9249056609374999 0.366822221875 0.659207546875 0.366822221875 0.659207546875 0.458777778125 0.9249056609374999 0.458777778125 0.9249056609374999 0.366822221875
1 0.5442264156250001 0.39784444375 0.0855471703125 0.39784444375 0.0855471703125 0.59095555625 0.5442264156250001 0.59095555625 0.5442264156250001 0.39784444375
3 0.887924528125 0.15775555624999998 0.6810188671875 0.15775555624999998 0.6810188671875 0.30882222187499997 0.887924528125 0.30882222187499997 0.887924528125 0.15775555624999998