9 0.7260675234375 0.6981909125 0.732823303125 0.658484371875 0.804237571875 0.66906211875 0.83203704375 0.505673 0.6759362624999999 0.481138478125 0.6377015140625 0.6824785921875 0.7260675234375 0.6981909125
2 0.8109361453125 0.6760051203125 0.842081878125 0.5037400843750001 0.6709413171875 0.47564846562499996 0.6317398562500001 0.6826703453125 0.5318759187500001 0.6650661703125 0.4903618296875 0.897371084375 0.8637282234375 0.9588043671875001 0.9149012359375 0.69311141875 0.8109361453125 0.6760051203125
0 0.11510974062499998 0.91446740625 0.5430287671875 0.9848767171875 0.7666824578125 0.9783690593750001 0.7720259390625 0.9469631875 0.127620996875 0.840933528125 0.11510974062499998 0.91446740625
2 0.1395938921875 0.6331975843750001 0.05645413125 0.6218406625 0.0288235140625 0.819084740625 0.4868801546875 0.8944528609375 0.53842563125 0.591498546875 0.15948575625 0.5279755328125 0.1395938921875 0.6331975843750001
0 0.1602667109375 0 0.134830865625 0.149497090625 0.263801159375 0.170717715625 0.2928475390625 0 0.1602667109375 0
7 0.3106346390625 0 0.2809135109375 0.1746834890625 0.7004948796875 0.24372093281249999 0.73331453125 0.050826125 0.42441411249999994 0 0.3106346390625 0
5 1 0.0842198234375 0.8618994484375 0.0614969140625 0.8472270890625 0.1477324984375 1 0.17286958125000002 1 0.0842198234375
6 0.5886756531249999 0.2381540984375 0.29036208124999996 0.189069921875 0.26584345468750004 0.3331761421875 0.5641570265625 0.38226031875 0.5886756531249999 0.2381540984375
10 0.27476823906250003 0.1993359046875 0.14386301875000002 0.17779690937499998 0.1266787046875 0.2787963046875 0.257583925 0.3003353015625 0.27476823906250003 0.1993359046875
9 0.420060975 0.5778637859375 0.1679251703125 0.536377646875 0.1511290328125 0.6350955625 0.4032648375 0.6765817015625 0.420060975 0.5778637859375
9 0.952992359375 0.42292064218750003 0.6909958671875 0.3798120359375 0.6755508875 0.47058864375000004 0.9375473765625 0.51369725 0.952992359375 0.42292064218750003
1 0.5724060843750001 0.3917812328125 0.1201170140625 0.317362103125 0.0876818078125 0.50799736875 0.5399708765625 0.5824164984375 0.5724060843750001 0.3917812328125
3 0.9516415578125 0.21053432500000002 0.74761844375 0.1769645921875 0.7222450796875 0.3260944578125 0.9262681953125 0.3596641890625 0.9516415578125 0.21053432500000002