9 0.3968524140625 0.85964695625 0.5717342203125 0.8821809 0.58370276875 0.8057713609375 0.626202240625 0.8112475203124999 0.6383455312499999 0.71588165625 0.42157776562500004 0.692186225 0.3968524140625 0.85964695625
2 0.8519535171875001 1 0.9035931234374999 0.6321136984375 0.654315271875 0.6021114546875 0.6404368734375 0.7098384265625 0.417587690625 0.6853593906250001 0.3916927625 0.8693268125 0.5766588968749999 0.8912052453125 0.561387553125 1 0.8519535171875001 1
0 0.9262591015625 0.9439087765625 0.9816245546875001 0.54947914375 0.9921841812500001 0.2470910390625 0.9616330375000001 0.24315445000000002 0.864388325 0.935936578125 0.9262591015625 0.9439087765625
2 0.90173515 0.627638671875 0.9708587453125 0.13519451093749998 0.7616267421875 0.10192175625 0.7467199734375 0.1905781078125 0.6334639125 0.1781026015625 0.57747121875 0.5858564796875 0.90173515 0.627638671875
0 0.0490076921875 0.00798125625 0.029545273437500002 0.146633690625 0.237229159375 0.1733942625 0.256691578125 0.034741828125 0.0490076921875 0.00798125625
7 0 0.6210038796874999 0.172498134375 0.64323068125 0.23581557343749998 0.19215023125 0.0293526640625 0.16554698437499998 0 0.3746586234375 0 0.6210038796874999
5 0 0.9538666687499999 0.0015248453125 0.9540631484375 0.02827584375 0.7634860578125 0 0.7598426468749999 0 0.9538666687499999
6 0.247429565625 0.20631285625 0.2024121921875 0.5270216171875 0.356654753125 0.5468961453125 0.40167212656249995 0.22618738437500002 0.247429565625 0.20631285625
10 0.28257702500000004 0.05282045 0.2628226125 0.19355306875 0.37092624375 0.207482484375 0.3906806546875 0.0667498625 0.28257702500000004 0.05282045
9 0.639317575 0.1893644578125 0.6012687140625 0.46042876718750003 0.7069303875 0.47404352968749996 0.7449792484375 0.20297922031249999 0.639317575 0.1893644578125
9 0.313817684375 0.6759796312499999 0.27428078437500003 0.957644890625 0.3714425625 0.970164421875 0.41097946093750004 0.6884991625 0.313817684375 0.6759796312499999
1 0.43195914843749994 0.0720686984375 0.3637059171875 0.558312303125 0.5677503453125 0.584603921875 0.636003578125 0.098360315625 0.43195914843749994 0.0720686984375
3 0.0896687390625 0.6706377734375 0.05888038125 0.8899774453125 0.2184999484375 0.9105448140625001 0.2492883046875 0.6912051421875 0.0896687390625 0.6706377734375