9 0.36229848593749997 0.6824785921875 0.3240637375 0.481138478125 0.16796295625 0.505673 0.195762428125 0.66906211875 0.267176696875 0.658484371875 0.2739324765625 0.6981909125 0.36229848593749997 0.6824785921875
2 0.0850987640625 0.69311141875 0.1362717765625 0.9588043671875001 0.5096381703125 0.897371084375 0.46812408124999993 0.6650661703125 0.36826014375 0.6826703453125 0.3290586828125 0.47564846562499996 0.157918121875 0.5037400843750001 0.1890638546875 0.6760051203125 0.0850987640625 0.69311141875
0 0.8723790031249999 0.840933528125 0.2279740609375 0.9469631875 0.2333175421875 0.9783690593750001 0.4569712328125 0.9848767171875 0.8848902593749999 0.91446740625 0.8723790031249999 0.840933528125
2 0.8405142437500001 0.5279755328125 0.46157436875 0.591498546875 0.5131198453125 0.8944528609375 0.9711764859375001 0.819084740625 0.94354586875 0.6218406625 0.8604061078124999 0.6331975843750001 0.8405142437500001 0.5279755328125
0 0.7071524609375001 0 0.736198840625 0.170717715625 0.8651691343750001 0.149497090625 0.8397332890625 0 0.7071524609375001 0
7 0.5755858875000001 0 0.26668546875 0.050826125 0.2995051203125 0.24372093281249999 0.7190864890625 0.1746834890625 0.6893653609375 0 0.5755858875000001 0
5 0 0.17286958125000002 0.1527729109375 0.1477324984375 0.1381005515625 0.0614969140625 0 0.0842198234375 0 0.17286958125000002
6 0.4358429734375 0.38226031875 0.7341565453125 0.3331761421875 0.70963791875 0.189069921875 0.411324346875 0.2381540984375 0.4358429734375 0.38226031875
10 0.7424160750000001 0.3003353015625 0.8733212953124999 0.2787963046875 0.85613698125 0.17779690937499998 0.7252317609375 0.1993359046875 0.7424160750000001 0.3003353015625
9 0.5967351625 0.6765817015625 0.8488709671875 0.6350955625 0.8320748296874999 0.536377646875 0.579939025 0.5778637859375 0.5967351625 0.6765817015625
9 0.0624526234375 0.51369725 0.3244491125 0.47058864375000004 0.3090041328125 0.3798120359375 0.047007640625 0.42292064218750003 0.0624526234375 0.51369725
1 0.46002912343749996 0.5824164984375 0.9123181921875 0.50799736875 0.8798829859374999 0.317362103125 0.427593915625 0.3917812328125 0.46002912343749996 0.5824164984375
3 0.0737318046875 0.3596641890625 0.2777549203125 0.3260944578125 0.25238155624999997 0.1769645921875 0.0483584421875 0.21053432500000002 0.0737318046875 0.3596641890625