9 0.34256603750000003 0.6737111109375 0.33864150937500004 0.4691111109375 0.1805283015625 0.467977778125 0.1805283015625 0.6334888890625 0.25275471718750003 0.63464444375 0.25275471718750003 0.6748666671875 0.34256603750000003 0.6737111109375
2 0.34841509375 0.6748666671875 0.344490565625 0.46451111093749997 0.170943396875 0.46444444375 0.1727547171875 0.63924444375 0.0673207546875 0.63924444375 0.073207546875 0.9093555562500001 0.45184905625000005 0.9093555562500001 0.4498867921875 0.6737111109375 0.34841509375 0.6748666671875
0 0.165660378125 0.98704444375 0.8191698109375001 0.98704444375 0.8191698109375001 0.9125555562500001 0.165660378125 0.9125555562500001 0.165660378125 0.98704444375
2 0.8402641515625 0.599 0.455773584375 0.60015555625 0.455773584375 0.90704444375 0.9203018875 0.90704444375 0.9261509437500001 0.7081999999999999 0.842226415625 0.7059111109375 0.8402641515625 0.599
0 0.7973207546875 0.23004444375 0.9281132078125 0.23004444375 0.9281132078125 0.0334888890625 0.7973207546875 0.0334888890625 0.7973207546875 0.23004444375
7 0.3542641515625 0.231177778125 0.779773584375 0.231177778125 0.779773584375 0.035777778125 0.3542641515625 0.035777778125 0.3542641515625 0.231177778125
5 0.04584905625 0.11279999999999998 0.2256226421875 0.11279999999999998 0.2256226421875 0.02544444375 0.04584905625 0.02544444375 0.04584905625 0.11279999999999998
6 0.46550943437500003 0.38980000000000004 0.7680377359375 0.38980000000000004 0.7680377359375 0.243822221875 0.46550943437500003 0.243822221875 0.46550943437500003 0.38980000000000004
10 0.7816981125 0.358777778125 0.9144528296875001 0.358777778125 0.9144528296875001 0.2564666671875 0.7816981125 0.2564666671875 0.7816981125 0.358777778125
9 0.5748301890625 0.7059111109375 0.8305283015624999 0.7059111109375 0.8305283015624999 0.6059111109375 0.5748301890625 0.6059111109375 0.5748301890625 0.7059111109375
9 0.0750943390625 0.458777778125 0.340792453125 0.458777778125 0.340792453125 0.366822221875 0.0750943390625 0.366822221875 0.0750943390625 0.458777778125
1 0.455773584375 0.59095555625 0.9144528296875001 0.59095555625 0.9144528296875001 0.39784444375 0.455773584375 0.39784444375 0.455773584375 0.59095555625
3 0.112075471875 0.30882222187499997 0.31898113281249996 0.30882222187499997 0.31898113281249996 0.15775555624999998 0.112075471875 0.15775555624999998 0.112075471875 0.30882222187499997