0 0.0435317140625 0.93464336875 0.1240498984375 0.9421600640625 0.160767171875 0.5488478375 0.024972559375 0.5361708671875001 0.0435317140625 0.93464336875
2 0.686494346875 0.7241723046875 0.5183943578125 0.708479496875 0.5291873453125 0.5771498421875 0.1685605703125 0.5434838875 0.13127954375 0.9428349812500001 0.5116123406249999 0.978340571875 0.665826715625 0.9711579234375 0.686494346875 0.7241723046875
1 1 0.6241591625 0.7042126671875 0.596546228125 0.6692560750000001 0.9709981984375 0.9812191171875 0.9564682859375001 1 0.7552891093749999 1 0.6241591625
5 1 0.0263545171875 0.9851115171875 0.0249646171875 0.9728640421874999 0.15615848906250002 1 0.1586917390625 1 0.0263545171875
7 1 0.0339632265625 0.7387062953125 0.0095704109375 0.685212665625 0.5825895078125 1 0.6119761671874999 1 0.0339632265625
6 0.223655303125 0 0.20370950625 0.21365762500000002 0.531289521875 0.2442385328125 0.5540901671875 0 0.223655303125 0
10 0.06856775312499999 0 0.050244789062499996 0.19627400625 0.1954366359375 0.20982824687499999 0.21502494374999997 0 0.06856775312499999 0
0 0.049663428125 0.2098972984375 0.02305265 0.494949634375 0.024331675 0.5224108296875001 0.16716856875 0.5357452265625 0.196309759375 0.2235873203125 0.049663428125 0.2098972984375
3 0.406362671875 0.49965092499999997 0.423771940625 0.31316435781249996 0.22324548906250002 0.294444409375 0.20583621875000002 0.48093097656249995 0.406362671875 0.49965092499999997
9 0.567100434375 0 0.5443361796875 0.24384869843749998 0.702383109375 0.2586030125 0.725886775 0.006833799999999999 0.6526837125 0 0.567100434375 0
9 0.49766009218749996 0.9770380734374999 0.51161234375 0.978340571875 0.6575975515625 0.9715412015625 0.6801768218750001 0.7296740359375 0.522129890625 0.7149197218750001 0.49766009218749996 0.9770380734374999