0 0.41511879062499996 0.8519507187500001 0.0088984875 0.8519507187500001 0.0088984875 0.985687884375 0.41511879062499996 0.985687884375 0.41511879062499996 0.8519507187500001
2 0.420928725 0.8450102671874999 0.420928725 0.49880903437499996 0.29470842343750003 0.49741273125 0.29470842343750003 0.3360369609375 0.0074514031250000005 0.3332854203125 0.0088984875 0.8450102671874999 0.420928725 0.8450102671874999
1 0.41801295937500005 0.0160369609375 0.01179265625 0.0160369609375 0.01179265625 0.330513346875 0.41801295937500005 0.330513346875 0.41801295937500005 0.0160369609375
5 0.9881857453125 0.00223819375 0.8619654421874999 0.00223819375 0.8619654421874999 0.11396303906250001 0.9881857453125 0.11396303906250001 0.9881857453125 0.00223819375
7 0.9809287250000001 0.013285420312499999 0.4296328296875 0.013285420312499999 0.4296328296875 0.3498357296875 0.9809287250000001 0.3498357296875 0.9809287250000001 0.013285420312499999
6 0.9809287250000001 0.5263860375 0.738639309375 0.5263860375 0.738639309375 0.8408624234375001 0.9809287250000001 0.8408624234375001 0.9809287250000001 0.5263860375
10 0.9809287250000001 0.8490759750000001 0.7415550750000001 0.8490759750000001 0.7415550750000001 0.988459959375 0.9809287250000001 0.988459959375 0.9809287250000001 0.8490759750000001
0 0.72850971875 0.8470225875 0.42818574531250003 0.8470225875 0.42818574531250003 0.9878028750000001 0.72850971875 0.9878028750000001 0.72850971875 0.8470225875
3 0.663326134375 0.62258726875 0.48390928750000006 0.62258726875 0.48390928750000006 0.815092403125 0.663326134375 0.815092403125 0.663326134375 0.62258726875
9 0.9823974078125 0.36227926093749996 0.7401727859375 0.36227926093749996 0.7401727859375 0.51400410625 0.9823974078125 0.51400410625 0.9823974078125 0.36227926093749996
9 0.28889848749999997 0.34156057500000003 0.013239740625 0.34156057500000003 0.013239740625 0.4932854203125 0.28889848749999997 0.4932854203125 0.28889848749999997 0.34156057500000003