10 0.3217619046875 0.7938390796875 0.17461904687500002 0.7938390796875 0.17461904687500002 0.967632184375 0.3217619046875 0.967632184375 0.3217619046875 0.7938390796875
6 0.6203333328125 0.7303908046875 0.3389047625 0.7303908046875 0.3389047625 0.967632184375 0.6203333328125 0.967632184375 0.6203333328125 0.7303908046875
0 0.3203333328125 0.0200459765625 0.0203333328125 0.0200459765625 0.0203333328125 0.0765977015625 0.3203333328125 0.0765977015625 0.3203333328125 0.0200459765625
1 0.6200476187499999 0.087080459375 0.338619046875 0.087080459375 0.338619046875 0.402942528125 0.6200476187499999 0.402942528125 0.6200476187499999 0.087080459375
2 0.168619046875 0.72570115 0.1671904765625 0.503632184375 0.33004761875 0.5063908046875001 0.3243333328125 0.08845977031249999 0.014333332812499999 0.08845977031249999 0.0157619046875 0.72570115 0.168619046875 0.72570115
0 0.9625 0.18355172343749998 0.6386666671875 0.18355172343749998 0.6386666671875 0.2801149421875 0.9625 0.2801149421875 0.9625 0.18355172343749998
7 0.9617619046874999 0.3000459765625 0.6389047625 0.3000459765625 0.6389047625 0.7207356328125 0.9617619046874999 0.7207356328125 0.9617619046874999 0.3000459765625
3 0.577 0.4574712640625 0.4003452375 0.4574712640625 0.4003452375 0.6816091953125001 0.577 0.6816091953125001 0.577 0.4574712640625
9 0.322476190625 0.512517240625 0.18104761875 0.512517240625 0.18104761875 0.7221724140625 0.322476190625 0.7221724140625 0.322476190625 0.512517240625
9 0.1617619046875 0.5097011499999999 0.0203333328125 0.5097011499999999 0.0203333328125 0.719356321875 0.1617619046875 0.719356321875 0.1617619046875 0.5097011499999999
5 0.964619046875 0.6986666671874999 0.8017619046875 0.6986666671874999 0.8017619046875 0.8352183906249999 0.964619046875 0.8352183906249999 0.964619046875 0.6986666671874999