10 1 0.728238659375 0.8219769156250001 0.7137716046875 0.8193362328125 0.8643811296875 0.99827765 0.878922815625 1 0.780689709375 1 0.728238659375
6 1 0.422197484375 0.762007371875 0.40285700156250004 0.756956746875 0.6909159953125 1 0.71066691875 1 0.422197484375
0 0.050313151562500005 0.960032109375 0.078078975 0.9622885 0.083462890625 0.6552205359375 0.0341285421875 0.651211378125 0.050313151562500005 0.960032109375
1 0.09963496875 0.3493221359375 0.0945843453125 0.63738113125 0.41980326874999996 0.6638100640625 0.42485389375000004 0.37575106875 0.09963496875 0.3493221359375
2 0.7467020296875 1 0.7490721578125 0.8648212265625 0.520399153125 0.8477024140625 0.526162190625 0.681239196875 0.0957481359375 0.6521188234374999 0.090184759375 0.9694223875000001 0.4770797671875 1 0.7467020296875 1
0 0.2051098046875 0.0068735984375000005 0.19929816718749999 0.33833640625 0.2987219015625 0.34641608125 0.3045335375 0.014953271874999998 0.2051098046875 0.0068735984375000005
7 0.3250417484375 0.017376432812500002 0.3192476296875 0.347840053125 0.752399471875 0.3830401609375 0.7581935890625 0.052576540625 0.3250417484375 0.017376432812500002
3 0.48022539843749995 0.4243754328125 0.477055084375 0.6051921609375001 0.707832703125 0.6239463171875 0.7110030187499999 0.4431295890625 0.48022539843749995 0.4243754328125
9 0.53233423125 0.6895016218750001 0.5297961015625 0.8342622328125 0.7456619375 0.85180458125 0.74820006875 0.707043971875 0.53233423125 0.6895016218750001
9 0.7401599390625 1 0.742416315625 0.8713090375 0.526550478125 0.8537666890625 0.524012346875 0.9985272984375 0.5421345468750001 1 0.7401599390625 1
5 0.7355221453125 0.047805521875 0.7325994484375 0.2144995609375 0.8731962765624999 0.2259251671875 0.8761189734375 0.05923113125 0.7355221453125 0.047805521875