10 0.9985061749999999 0.256766821875 0.8734284656250001 0.22951213906249998 0.8423672578125 0.3839625203125 0.99756941875 0.4177813796875 0.9985061749999999 0.256766821875
6 0.712519725 0.6828015296875 0.95893214375 0.736495284375 0.9968109890625 0.5481445234375 0.9974602828125001 0.43654035625 0.771928053125 0.387396434375 0.712519725 0.6828015296875
0 0.08356209375 0 0.041743729687499995 0.20793983124999998 0.0873075109375 0.21786826874999998 0.1311225640625 0 0.08356209375 0
1 0.0944873734375 0.23946771875 0.0350790453125 0.5348728125 0.367728546875 0.6073578000000001 0.4271368765625 0.31195270625 0.0944873734375 0.23946771875
2 0.144162521875 0 0.0989556421875 0.22478906406250002 0.5378926093749999 0.326695221875 0.569365796875 0.155117084375 0.8029357140625001 0.2075776640625 0.8342582765625 0.051827701562499995 0.5964095875 0 0.144162521875 0
0 0.1327471640625 0.576555053125 0.06677476875 0.9045996609375001 0.1684701265625 0.9267592812500001 0.234442521875 0.5987146734375 0.1327471640625 0.576555053125
7 0.255382590625 0.6035384265625 0.18946045625000002 0.931333115625 0.4460376453125 0.9872417953125 0.639773584375 0.9917510484375001 0.698431053125 0.7000795671875 0.255382590625 0.6035384265625
3 0.471533578125 0.389257809375 0.4342425375 0.5746857375000001 0.6702929484375 0.6261215906250001 0.7075839875 0.4406936625 0.471533578125 0.389257809375
9 0.5757978953125 0.1717013828125 0.5459429484375 0.3201536875 0.7667408703125 0.36826599375 0.7965958171875 0.2198136875 0.5757978953125 0.1717013828125
9 0.6067582078125 0.002359334375 0.5769032609375 0.15081164062500002 0.7977011843749999 0.1989239453125 0.82755613125 0.050471640625 0.6067582078125 0.002359334375
5 0.7650380078125 0.9946666109375 0.7846199171875 0.897296496875 0.64081074375 0.86596019375 0.6156262265625 0.9911890124999999 0.7650380078125 0.9946666109375