10 0.00243058125 0.4177813796875 0.1576327421875 0.3839625203125 0.126571534375 0.22951213906249998 0.001493825 0.256766821875 0.00243058125 0.4177813796875
6 0.22807194687500001 0.387396434375 0.0025397171875 0.43654035625 0.0031890109375000003 0.5481445234375 0.04106785625 0.736495284375 0.287480275 0.6828015296875 0.22807194687500001 0.387396434375
0 0.8688774359375 0 0.9126924890625 0.21786826874999998 0.9582562703124999 0.20793983124999998 0.91643790625 0 0.8688774359375 0
1 0.5728631234375 0.31195270625 0.632271453125 0.6073578000000001 0.9649209546874999 0.5348728125 0.9055126265625001 0.23946771875 0.5728631234375 0.31195270625
2 0.4035904125 0 0.1657417234375 0.051827701562499995 0.1970642859375 0.2075776640625 0.430634203125 0.155117084375 0.46210739062500006 0.326695221875 0.9010443578125 0.22478906406250002 0.855837478125 0 0.4035904125 0
0 0.7655574781250001 0.5987146734375 0.8315298734375001 0.9267592812500001 0.93322523125 0.9045996609375001 0.8672528359375 0.576555053125 0.7655574781250001 0.5987146734375
7 0.301568946875 0.7000795671875 0.360226415625 0.9917510484375001 0.5539623546875 0.9872417953125 0.81053954375 0.931333115625 0.744617409375 0.6035384265625 0.301568946875 0.7000795671875
3 0.29241601250000004 0.4406936625 0.3297070515625 0.6261215906250001 0.5657574624999999 0.5746857375000001 0.5284664218749999 0.389257809375 0.29241601250000004 0.4406936625
9 0.2034041828125 0.2198136875 0.2332591296875 0.36826599375 0.45405705156250004 0.3201536875 0.4242021046875 0.1717013828125 0.2034041828125 0.2198136875
9 0.17244386875 0.050471640625 0.202298815625 0.1989239453125 0.42309673906249995 0.15081164062500002 0.3932417921875 0.002359334375 0.17244386875 0.050471640625
5 0.3843737734375 0.9911890124999999 0.35918925625 0.86596019375 0.2153800828125 0.897296496875 0.2349619921875 0.9946666109375 0.3843737734375 0.9911890124999999