10 0 0.780689709375 0.0017223499999999999 0.878922815625 0.1806637671875 0.8643811296875 0.178023084375 0.7137716046875 0 0.728238659375 0 0.780689709375
6 0 0.71066691875 0.24304325312500002 0.6909159953125 0.237992628125 0.40285700156250004 0 0.422197484375 0 0.71066691875
0 0.9658714578125001 0.651211378125 0.916537109375 0.6552205359375 0.921921025 0.9622885 0.9496868484375 0.960032109375 0.9658714578125001 0.651211378125
1 0.57514610625 0.37575106875 0.58019673125 0.6638100640625 0.9054156546875 0.63738113125 0.90036503125 0.3493221359375 0.57514610625 0.37575106875
2 0.5229202328125 1 0.909815240625 0.9694223875000001 0.9042518640624999 0.6521188234374999 0.473837809375 0.681239196875 0.47960084687500004 0.8477024140625 0.25092784218749997 0.8648212265625 0.2532979703125 1 0.5229202328125 1
0 0.6954664625 0.014953271874999998 0.7012780984375 0.34641608125 0.8007018328125 0.33833640625 0.7948901953124999 0.0068735984375000005 0.6954664625 0.014953271874999998
7 0.2418064109375 0.052576540625 0.247600528125 0.3830401609375 0.6807523703125 0.347840053125 0.6749582515625 0.017376432812500002 0.2418064109375 0.052576540625
3 0.28899698125 0.4431295890625 0.292167296875 0.6239463171875 0.522944915625 0.6051921609375001 0.5197746015625 0.4243754328125 0.28899698125 0.4431295890625
9 0.25179993125 0.707043971875 0.2543380625 0.85180458125 0.4702038984375 0.8342622328125 0.46766576875 0.6895016218750001 0.25179993125 0.707043971875
9 0.457865453125 1 0.47598765312499997 0.9985272984375 0.473449521875 0.8537666890625 0.257583684375 0.8713090375 0.2598400609375 1 0.457865453125 1
5 0.1238810265625 0.05923113125 0.1268037234375 0.2259251671875 0.26740055156250003 0.2144995609375 0.2644778546875 0.047805521875 0.1238810265625 0.05923113125