5 0.2219234640625 0.398730159375 0.084279959375 0.398730159375 0.084279959375 0.49390720468750005 0.2219234640625 0.49390720468750005 0.2219234640625 0.398730159375
1 0.22306142968749998 0.1504517703125 0.0433232625 0.1504517703125 0.0433232625 0.3863125765625 0.22306142968749998 0.3863125765625 0.22306142968749998 0.1504517703125
9 0.5927895265625 0.398730159375 0.486988921875 0.398730159375 0.486988921875 0.49114774062500005 0.5927895265625 0.49114774062500005 0.5927895265625 0.398730159375
6 0.5927895265625 0.6221855921875 0.4175931515625 0.6221855921875 0.4175931515625 0.7863125765625 0.5927895265625 0.7863125765625 0.5927895265625 0.6221855921875
2 0.08200402812499999 0.6152869359375 0.0387714 0.6152869359375 0.04104733125 0.8856288156250001 0.22419939531250002 0.887008546875 0.2253373609375 0.5021855921875 0.08314199375 0.5008058609375 0.08200402812499999 0.6152869359375
3 0.36882175156249997 0.6017948718749999 0.2824068484375 0.6017948718749999 0.2824068484375 0.7479853484375 0.36882175156249997 0.7479853484375 0.36882175156249997 0.6017948718749999
7 0.41645518593749997 0.2539072046875 0.23444108749999998 0.2539072046875 0.23444108749999998 0.5601098906249999 0.41645518593749997 0.5601098906249999 0.41645518593749997 0.2539072046875
0 0.41532729062499996 0.242869353125 0.4175931515625 0.1380463984375 0.5916515609374999 0.13942612968749998 0.5927895265625 0.0566666671875 0.23216515625 0.0580463984375 0.23444108749999998 0.23873015937500003 0.41532729062499996 0.242869353125
1 0.5927895265625 0.1504517703125 0.428972809375 0.1504517703125 0.428972809375 0.3890720390625 0.5927895265625 0.3890720390625 0.5927895265625 0.1504517703125
0 0.41645518593749997 0.797350428125 0.233303121875 0.797350428125 0.233303121875 0.887008546875 0.41645518593749997 0.887008546875 0.41645518593749997 0.797350428125
10 0.5916515609374999 0.7959706953125 0.43124874062499996 0.7959706953125 0.43124874062499996 0.8856288156250001 0.5916515609374999 0.8856288156250001 0.5916515609374999 0.7959706953125
9 0.2207854984375 0.5063125765625001 0.0888217515625 0.5063125765625001 0.0888217515625 0.6125763125 0.2207854984375 0.6125763125 0.2207854984375 0.5063125765625001