5 0.40788800312499995 0.8871810703125 0.44058286406249997 0.7523044734375001 0.34750731875 0.730749653125 0.31481245625 0.86562625 0.40788800312499995 0.8871810703125
1 0.2929404890625 0.9029474171875 0.33563421875 0.72682234375 0.10498119218749999 0.6734067625 0.0622874625 0.8495318359375 0.2929404890625 0.9029474171875
9 0.5008461015625 0.49194241875 0.5259772265625 0.3882686171875 0.4356002140625 0.367338734375 0.4104690875 0.4710125359375 0.5008461015625 0.49194241875
6 0.77300995 0.62678940625 0.8146248546875 0.45511482656249996 0.6541217765625 0.41794485937500003 0.6125068703125 0.5896194421875001 0.77300995 0.62678940625
2 0.825545184375 0.8391002593750001 0.4494893796875 0.7508340140625 0.41436403281249995 0.889858503125 0.5260470749999999 0.9169002125000001 0.5157779015624999 0.959263778125 0.60714588125 0.9796107890625001 0.7919829968750001 0.973156134375 0.825545184375 0.8391002593750001
3 0.7034177859375 0.7505782 0.7239441703125 0.6659004046875 0.5809815640625 0.6327925343749999 0.5604551796874999 0.7174703296875 0.7034177859375 0.7505782
7 0.50829715 0.755031453125 0.5515314874999999 0.576676196875 0.2520897234375 0.5073302375 0.20885538593750003 0.6856854921875 0.50829715 0.755031453125
0 0.016778553125 0.643558921875 0.194013446875 0.682248334375 0.241027675 0.505935709375 0.139057415625 0.4799760609375 0.1817512828125 0.309729040625 0.1010894421875 0.28987134999999997 0.016778553125 0.643558921875
1 0.38724348124999997 0.5256751265624999 0.42615534374999997 0.365151453125 0.1928037828125 0.311110934375 0.153891921875 0.47163461093750003 0.38724348124999997 0.5256751265624999
0 0.8277076171875001 0.8301795359374999 0.8712122625 0.650709190625 0.78353378125 0.630404246875 0.7400291390625 0.8098745921875 0.8277076171875001 0.8301795359374999
10 0.8733769499999999 0.6359005468750001 0.9114778984375 0.47872214218750003 0.8237994203125 0.45841719843749995 0.785698471875 0.615595603125 0.8733769499999999 0.6359005468750001
9 0.5250157359375 0.9096056625 0.55636146875 0.7802946484375 0.45244402343749995 0.7562290171875 0.421098290625 0.8855400296875 0.5250157359375 0.9096056625