5 0.45411629531250003 0.9502832281250001 0.492524946875 0.8129617984375 0.3978959265625 0.7875370609375001 0.3594872734375 0.9248584890625 0.45411629531250003 0.9502832281250001
1 0.7056098171875 1 0.739691309375 0.878149346875 0.505188575 0.8151436171875 0.45503364218750003 0.9944612125000001 0.47564860624999994 1 0.7056098171875 1
9 0.5664899859375 0.548516571875 0.59601305625 0.4429635328125 0.504127609375 0.41827593125 0.474604540625 0.523828971875 0.5664899859375 0.548516571875
6 0.3249566921875 0.5580580921875 0.37384426406250004 0.3832716625 0.2106623109375 0.33942825625 0.1617747390625 0.5142146875 0.3249566921875 0.5580580921875
2 0 0.8750276703125 0.2261075296875 0.9378362750000001 0.23817135312499998 0.8947048078125001 0.3523107953125 0.924150946875 0.39061783437500003 0.7819197359375 0.00769311875 0.680256903125 0 0.7085775437499999 0 0.8750276703125
3 0.30750701875 0.6983750625 0.3316206171875 0.6121623625 0.1862718953125 0.5731103562500001 0.162158296875 0.65932305625 0.30750701875 0.6983750625
7 0.6400069953124999 0.8391601640624999 0.6907970156250001 0.6575719640625 0.3863574234375 0.5757757390625 0.3355674046875 0.7573639375 0.6400069953124999 0.8391601640624999
0 0.936106971875 0.534339290625 0.8535064875 0.5133669765625 0.806308246875 0.6873866734375 0.7014565796875 0.6616457718750001 0.655096653125 0.8432144234375001 0.8341049625 0.893751259375 0.936106971875 0.534339290625
1 0.7971497328125 0.67271978125 0.8428618765625 0.5092863828125 0.605615565625 0.445543515625 0.5599034234375 0.6089769140625 0.7971497328125 0.67271978125
0 0.09937533750000001 0.6951249421875 0.1504829 0.5124014390625 0.06134102500000001 0.4884509765625 0.0102334640625 0.6711744796875 0.09937533750000001 0.6951249421875
10 0.155982746875 0.49801106875 0.20074226093749997 0.337983578125 0.111600384375 0.31403311562499997 0.066840871875 0.47406060625 0.155982746875 0.49801106875
9 0.3484206921875 0.917013465625 0.385244440625 0.785358503125 0.2795925640625 0.7569721671874999 0.242768815625 0.888627128125 0.3484206921875 0.917013465625