5 0.6405127265624999 0.9248584890625 0.6021040734375 0.7875370609375001 0.5074750531250001 0.8129617984375 0.5458837046875 0.9502832281250001 0.6405127265624999 0.9248584890625
1 0.5243513937500001 1 0.5449663578124999 0.9944612125000001 0.49481142499999997 0.8151436171875 0.260308690625 0.878149346875 0.2943901828125 1 0.5243513937500001 1
9 0.525395459375 0.523828971875 0.49587239062500005 0.41827593125 0.40398694375 0.4429635328125 0.4335100140625 0.548516571875 0.525395459375 0.523828971875
6 0.8382252609374999 0.5142146875 0.7893376890625 0.33942825625 0.6261557359375 0.3832716625 0.6750433078125 0.5580580921875 0.8382252609374999 0.5142146875
2 1 0.7085775437499999 0.99230688125 0.680256903125 0.609382165625 0.7819197359375 0.6476892046875 0.924150946875 0.761828646875 0.8947048078125001 0.7738924703125 0.9378362750000001 1 0.8750276703125 1 0.7085775437499999
3 0.8378417031250001 0.65932305625 0.8137281046875 0.5731103562500001 0.6683793828125 0.6121623625 0.69249298125 0.6983750625 0.8378417031250001 0.65932305625
7 0.6644325953125 0.7573639375 0.6136425765625 0.5757757390625 0.309202984375 0.6575719640625 0.3599930046875 0.8391601640624999 0.6644325953125 0.7573639375
0 0.1658950375 0.893751259375 0.344903346875 0.8432144234375001 0.29854342031250003 0.6616457718750001 0.193691753125 0.6873866734375 0.1464935125 0.5133669765625 0.063893028125 0.534339290625 0.1658950375 0.893751259375
1 0.4400965765625 0.6089769140625 0.394384434375 0.445543515625 0.1571381234375 0.5092863828125 0.20285026718750002 0.67271978125 0.4400965765625 0.6089769140625
0 0.9897665359375001 0.6711744796875 0.9386589750000001 0.4884509765625 0.8495170999999999 0.5124014390625 0.9006246625 0.6951249421875 0.9897665359375001 0.6711744796875
10 0.933159128125 0.47406060625 0.8883996156249999 0.31403311562499997 0.7992577390625 0.337983578125 0.8440172531250001 0.49801106875 0.933159128125 0.47406060625
9 0.7572311843749999 0.888627128125 0.7204074359375 0.7569721671874999 0.614755559375 0.785358503125 0.6515793078125001 0.917013465625 0.7572311843749999 0.888627128125