5 0.68518754375 0.86562625 0.65249268125 0.730749653125 0.5594171359375 0.7523044734375001 0.592111996875 0.8871810703125 0.68518754375 0.86562625
1 0.9377125375 0.8495318359375 0.8950188078125001 0.6734067625 0.66436578125 0.72682234375 0.7070595109375 0.9029474171875 0.9377125375 0.8495318359375
9 0.5895309125 0.4710125359375 0.5643997859375001 0.367338734375 0.4740227734375 0.3882686171875 0.4991538984375 0.49194241875 0.5895309125 0.4710125359375
6 0.3874931296875 0.5896194421875001 0.3458782234375 0.41794485937500003 0.1853751453125 0.45511482656249996 0.22699005 0.62678940625 0.3874931296875 0.5896194421875001
2 0.20801700312500002 0.973156134375 0.39285411875 0.9796107890625001 0.4842220984375 0.959263778125 0.473952925 0.9169002125000001 0.5856359671875 0.889858503125 0.5505106203125 0.7508340140625 0.174454815625 0.8391002593750001 0.20801700312500002 0.973156134375
3 0.43954482031250003 0.7174703296875 0.41901843593750004 0.6327925343749999 0.27605582968750003 0.6659004046875 0.29658221406249996 0.7505782 0.43954482031250003 0.7174703296875
7 0.7911446140625 0.6856854921875 0.7479102765625 0.5073302375 0.4484685125 0.576676196875 0.49170284999999997 0.755031453125 0.7911446140625 0.6856854921875
0 0.8989105578125001 0.28987134999999997 0.8182487171874999 0.309729040625 0.8609425843749999 0.4799760609375 0.758972325 0.505935709375 0.8059865531250001 0.682248334375 0.9832214468749999 0.643558921875 0.8989105578125001 0.28987134999999997
1 0.8461080781250001 0.47163461093750003 0.8071962171875 0.311110934375 0.57384465625 0.365151453125 0.61275651875 0.5256751265624999 0.8461080781250001 0.47163461093750003
0 0.2599708609375 0.8098745921875 0.21646621875 0.630404246875 0.1287877375 0.650709190625 0.17229238281249998 0.8301795359374999 0.2599708609375 0.8098745921875
10 0.21430152812499997 0.615595603125 0.1762005796875 0.45841719843749995 0.0885221015625 0.47872214218750003 0.12662305000000001 0.6359005468750001 0.21430152812499997 0.615595603125
9 0.578901709375 0.8855400296875 0.5475559765625 0.7562290171875 0.44363853124999997 0.7802946484375 0.47498426406250005 0.9096056625 0.578901709375 0.8855400296875