9 0.611680028125 0.2436112921875 0.5464517875 0.2356153515625 0.5290660468749999 0.41054320781250003 0.594294284375 0.41853914531249997 0.611680028125 0.2436112921875
9 0.5148834953125 0.5095572984375 0.40419629218750003 0.49598881875 0.3905511171875 0.6332806796875 0.5012383218750001 0.6468491609375 0.5148834953125 0.5095572984375
2 0.7240177546875 0.7266724671875 0.9492793078125 0.7588633109375 0.9688729734375 0.57045720625 0.8966301140624999 0.5631439484375 0.9071224750000001 0.45757432343750004 0.7538024937500001 0.4357281609375 0.7240177546875 0.7266724671875
10 0.49214520000000006 0.747845259375 0.43198890624999997 0.7404710609375 0.41129065468750003 0.9487279718750001 0.471446946875 0.956102171875 0.49214520000000006 0.747845259375
2 0.47791609218750003 0.41864232343749996 0.2366687078125 0.3890692515625 0.20838394999999998 0.67365831875 0.3807708796875 0.6932811734375 0.38646734375 0.635965796875 0.50389541875 0.6517019562499999 0.5183670734375 0.506094396875 0.4715454859375 0.4997344390625 0.47791609218750003 0.41864232343749996
1 0.549548959375 0.1714254625 0.41425621718750005 0.1548407359375 0.389692271875 0.40199259062500003 0.5249850125 0.41857731718749996 0.549548959375 0.1714254625
0 0.7783320984375 0.19237819375 0.6272861578125 0.1738623765625 0.6172449046875 0.2748931515625 0.7682908453125 0.29340896875 0.7783320984375 0.19237819375
6 0.654450884375 0.7221016828125 0.5051207328125 0.7037961953125 0.4878848109375 0.8772166234375 0.6372149625 0.8955221109375 0.654450884375 0.7221016828125
3 0.646005496875 0.5299901671875 0.54594298125 0.5177241046875001 0.5323076875 0.654916575 0.6323702015625 0.6671826390625 0.646005496875 0.5299901671875
7 0.761493809375 0.309376253125 0.6164531281250001 0.291596584375 0.5947209515625 0.510256403125 0.7397616328125001 0.528036071875 0.761493809375 0.309376253125
0 0.390193625 0.3133233109375 0.2442573421875 0.2954338578125 0.23615716562500003 0.376934334375 0.38209345156249996 0.394823790625 0.390193625 0.3133233109375
9 0.5972977937499999 1 0.5994940843750001 0.9779018765625 0.5274026890625 0.9690646234375 0.5243280828125 1 0.5972977937499999 1
5 0.7387864203125 0.738509509375 0.6590116890625 0.7287304031249999 0.642671396875 0.8931393953125 0.722446128125 0.902918503125 0.7387864203125 0.738509509375
9 0.9660986656249999 0.5756166828125 0.9008798546874999 0.5676219 0.8834941140625 0.7425497546875001 0.948712925 0.7505445374999999 0.9660986656249999 0.5756166828125
2 0.6943617265625 1 0.702441115625 0.9187086578124999 0.5307962890625 0.897667746875 0.520625684375 1 0.6943617265625 1