9 0.4416724140625 0.19883333281249999 0.38202586250000004 0.19883333281249999 0.38202586250000004 0.3588333328125 0.4416724140625 0.3588333328125 0.4416724140625 0.19883333281249999
9 0.5468103453125 0.4498787875 0.44559482812500006 0.4498787875 0.44559482812500006 0.5754545453125 0.5468103453125 0.5754545453125 0.5468103453125 0.4498787875
2 0.095905171875 0.4560151515625 0.029982759375 0.45462121250000004 0.030767240624999997 0.6270454546875001 0.23716379375000002 0.622909090625 0.2363793109375 0.3566969703125 0.095905171875 0.3594545453125 0.095905171875 0.4560151515625
10 0.49974999999999997 0.6677272734375 0.4447413796875 0.6677272734375 0.4447413796875 0.8582121218750001 0.49974999999999997 0.8582121218750001 0.49974999999999997 0.6677272734375
2 0.7077586203124999 0.37181818125 0.487155171875 0.37181818125 0.48562931093749995 0.4458030296875 0.4427586203125 0.4463636359375 0.4427586203125 0.5795454546875 0.5502586203125001 0.5783333328125 0.5502586203125001 0.630757575 0.7077586203124999 0.6321212125 0.7077586203124999 0.37181818125
1 0.5683534484375 0.1404848484375 0.44463793125000006 0.1404848484375 0.44463793125000006 0.3665454546875 0.5683534484375 0.3665454546875 0.5683534484375 0.1404848484375
0 0.3741896546875 0.1340757578125 0.236068965625 0.1340757578125 0.236068965625 0.2264848484375 0.3741896546875 0.2264848484375 0.3741896546875 0.1340757578125
6 0.4369741375 0.6264848484375001 0.3004224140625 0.6264848484375001 0.3004224140625 0.7851060609375 0.4369741375 0.7851060609375 0.4369741375 0.6264848484375001
3 0.4168017234375 0.45381818125000006 0.3253017234375 0.45381818125000006 0.3253017234375 0.5793030296875 0.4168017234375 0.5793030296875 0.4168017234375 0.45381818125000006
7 0.373405171875 0.2416666671875 0.2407758625 0.2416666671875 0.2407758625 0.44166666718750003 0.373405171875 0.44166666718750003 0.373405171875 0.2416666671875
0 0.7093103453125 0.2863636359375 0.57586206875 0.2863636359375 0.57586206875 0.360909090625 0.7093103453125 0.360909090625 0.7093103453125 0.2863636359375
9 0.3930258625 0.8637272734374999 0.3271034484375 0.8637272734374999 0.3271034484375 0.9506212125 0.3930258625 0.9506212125 0.3930258625 0.8637272734374999
5 0.29570689687499996 0.6319696968749999 0.2227586203125 0.6319696968749999 0.2227586203125 0.782348484375 0.29570689687499996 0.782348484375 0.29570689687499996 0.6319696968749999
9 0.09166379375 0.45959090937499997 0.0320258625 0.45959090937499997 0.0320258625 0.619590909375 0.09166379375 0.619590909375 0.09166379375 0.45959090937499997
2 0.3963706890625 0.7988333328125 0.23941379375 0.7988333328125 0.23941379375 0.9563030296875 0.3963706890625 0.9563030296875 0.3963706890625 0.7988333328125