9 0.5583275859375 0.3588333328125 0.6179741375 0.3588333328125 0.6179741375 0.19883333281249999 0.5583275859375 0.19883333281249999 0.5583275859375 0.3588333328125
9 0.4531896546875 0.5754545453125 0.5544051718749999 0.5754545453125 0.5544051718749999 0.4498787875 0.4531896546875 0.4498787875 0.4531896546875 0.5754545453125
2 0.904094828125 0.3594545453125 0.7636206890625 0.3566969703125 0.76283620625 0.622909090625 0.9692327593750001 0.6270454546875001 0.9700172406249999 0.45462121250000004 0.904094828125 0.4560151515625 0.904094828125 0.3594545453125
10 0.5002500000000001 0.8582121218750001 0.5552586203125001 0.8582121218750001 0.5552586203125001 0.6677272734375 0.5002500000000001 0.6677272734375 0.5002500000000001 0.8582121218750001
2 0.29224137968749997 0.6321212125 0.44974137968749994 0.630757575 0.44974137968749994 0.5783333328125 0.5572413796875 0.5795454546875 0.5572413796875 0.4463636359375 0.5143706890625 0.4458030296875 0.512844828125 0.37181818125 0.29224137968749997 0.37181818125 0.29224137968749997 0.6321212125
1 0.4316465515625 0.3665454546875 0.5553620687499999 0.3665454546875 0.5553620687499999 0.1404848484375 0.4316465515625 0.1404848484375 0.4316465515625 0.3665454546875
0 0.6258103453125 0.2264848484375 0.763931034375 0.2264848484375 0.763931034375 0.1340757578125 0.6258103453125 0.1340757578125 0.6258103453125 0.2264848484375
6 0.5630258625 0.7851060609375 0.6995775859375 0.7851060609375 0.6995775859375 0.6264848484375001 0.5630258625 0.6264848484375001 0.5630258625 0.7851060609375
3 0.5831982765625 0.5793030296875 0.6746982765625 0.5793030296875 0.6746982765625 0.45381818125000006 0.5831982765625 0.45381818125000006 0.5831982765625 0.5793030296875
7 0.626594828125 0.44166666718750003 0.7592241375000001 0.44166666718750003 0.7592241375000001 0.2416666671875 0.626594828125 0.2416666671875 0.626594828125 0.44166666718750003
0 0.2906896546875 0.360909090625 0.42413793125000004 0.360909090625 0.42413793125000004 0.2863636359375 0.2906896546875 0.2863636359375 0.2906896546875 0.360909090625
9 0.6069741375000001 0.9506212125 0.6728965515625001 0.9506212125 0.6728965515625001 0.8637272734374999 0.6069741375000001 0.8637272734374999 0.6069741375000001 0.9506212125
5 0.704293103125 0.782348484375 0.7772413796875 0.782348484375 0.7772413796875 0.6319696968749999 0.704293103125 0.6319696968749999 0.704293103125 0.782348484375
9 0.9083362062499999 0.619590909375 0.9679741375 0.619590909375 0.9679741375 0.45959090937499997 0.9083362062499999 0.45959090937499997 0.9083362062499999 0.619590909375
2 0.6036293109375 0.9563030296875 0.76058620625 0.9563030296875 0.76058620625 0.7988333328125 0.6036293109375 0.7988333328125 0.6036293109375 0.9563030296875