9 0.5811022640625 0.3193500921875 0.5943526234375 0.3841765375 0.7667282421875 0.3576338453125 0.75347788125 0.2928074 0.5811022640625 0.3193500921875
9 0.36184763593749997 0.42437527656249996 0.3843324578125 0.5343806703125 0.5196212 0.513548678125 0.497136378125 0.403543284375 0.36184763593749997 0.42437527656249996
2 0.306804628125 0 0.2211122734375 0.01319505625 0.2644200625 0.205715753125 0.551048784375 0.1607007265625 0.516871871875 0.00848483125 0.41284253125000003 0.0245034453125 0.408362153125 0 0.306804628125 0
10 0.05702984531250001 0.47035488281250004 0.0692498984375 0.5301406265625 0.2744682953125 0.498540746875 0.262248240625 0.438755003125 0.05702984531250001 0.47035488281250004
2 0.5104209640625 0.44637835312499996 0.500293359375 0.3998776359375 0.35681024687499996 0.4219714109375 0.3819970296875 0.538605971875 0.325517896875 0.547302725 0.35903709375 0.718706740625 0.6394739421875 0.67552459375 0.5904673328125 0.43576324375000003 0.5104209640625 0.44637835312499996
1 0.5867027734375 0.38867896874999996 0.614185925 0.5231383328125 0.857731778125 0.485636725 0.8302486265625 0.3511773625 0.5867027734375 0.38867896874999996
0 0.6912635578125 0.1387623046875 0.721946790625 0.28887783125 0.8215035046875 0.27354791875 0.790820271875 0.123432390625 0.6912635578125 0.1387623046875
6 0.10373031875000001 0.301375103125 0.1340650078125 0.4497854125 0.304955190625 0.4234714484375 0.274620503125 0.2750611421875 0.10373031875000001 0.301375103125
3 0.330978609375 0.294273971875 0.3513051484375 0.393720121875 0.48649595156250003 0.3729032109375 0.46616941250000005 0.2734570609375 0.330978609375 0.294273971875
7 0.46048356718749994 0.1795748671875 0.4899469015625 0.3237221265625 0.7054164234375 0.29054376249999997 0.675953090625 0.1463965015625 0.46048356718749994 0.1795748671875
0 0.6219262734375001 0.530364 0.6515715375 0.6754013453125001 0.7318829046875 0.6630348640625 0.702237640625 0.5179975171875 0.6219262734375001 0.530364
9 0.0053651687500000005 0.42033462187500004 0.0395996125 0.41506314531250005 0.02495508125 0.3434158203125 0.004506774999999999 0.3465644859375 0.0053651687500000005 0.42033462187500004
5 0.08944833125 0.21650928125000002 0.1056536421875 0.2957926171875 0.2676638703125 0.2708460046875 0.251458559375 0.19156267031250002 0.08944833125 0.21650928125000002
9 0.306804628125 0 0.2285234140625 0.012053875 0.2356723671875 0.0470296109375 0.408047984375 0.02048691875 0.40386051093750003 0 0.306804628125 0
2 0.0054087234375000005 0.424077634375 0.1102559890625 0.40793307343749996 0.07538833125 0.23734554375 0.0033649453125 0.248435828125 0.0054087234375000005 0.424077634375