9 0.24652211875000002 0.2928074 0.2332717578125 0.3576338453125 0.40564737656250005 0.3841765375 0.4188977359375 0.3193500921875 0.24652211875000002 0.2928074
9 0.502863621875 0.403543284375 0.4803788 0.513548678125 0.6156675421875 0.5343806703125 0.6381523640625 0.42437527656249996 0.502863621875 0.403543284375
2 0.591637846875 0 0.58715746875 0.0245034453125 0.483128128125 0.00848483125 0.448951215625 0.1607007265625 0.7355799375000001 0.205715753125 0.7788877265624999 0.01319505625 0.693195371875 0 0.591637846875 0
10 0.737751759375 0.438755003125 0.7255317046875 0.498540746875 0.9307501015625 0.5301406265625 0.9429701546875 0.47035488281250004 0.737751759375 0.438755003125
2 0.40953266718750003 0.43576324375000003 0.36052605781249997 0.67552459375 0.64096290625 0.718706740625 0.674482103125 0.547302725 0.6180029703125001 0.538605971875 0.6431897531249999 0.4219714109375 0.49970664062500003 0.3998776359375 0.48957903593749996 0.44637835312499996 0.40953266718750003 0.43576324375000003
1 0.1697513734375 0.3511773625 0.142268221875 0.485636725 0.385814075 0.5231383328125 0.4132972265625 0.38867896874999996 0.1697513734375 0.3511773625
0 0.209179728125 0.123432390625 0.1784964953125 0.27354791875 0.278053209375 0.28887783125 0.30873644218749996 0.1387623046875 0.209179728125 0.123432390625
6 0.725379496875 0.2750611421875 0.695044809375 0.4234714484375 0.8659349921875 0.4497854125 0.8962696812500001 0.301375103125 0.725379496875 0.2750611421875
3 0.5338305875 0.2734570609375 0.5135040484375 0.3729032109375 0.6486948515625001 0.393720121875 0.669021390625 0.294273971875 0.5338305875 0.2734570609375
7 0.32404690937499997 0.1463965015625 0.2945835765625 0.29054376249999997 0.5100530984375 0.3237221265625 0.5395164328125001 0.1795748671875 0.32404690937499997 0.1463965015625
0 0.297762359375 0.5179975171875 0.2681170953125 0.6630348640625 0.3484284625 0.6754013453125001 0.3780737265625 0.530364 0.297762359375 0.5179975171875
9 0.995493225 0.3465644859375 0.9750449187499999 0.3434158203125 0.9604003875 0.41506314531250005 0.99463483125 0.42033462187500004 0.995493225 0.3465644859375
5 0.748541440625 0.19156267031250002 0.7323361296875001 0.2708460046875 0.8943463578124999 0.2957926171875 0.9105516687499999 0.21650928125000002 0.748541440625 0.19156267031250002
9 0.5961394890625 0 0.591952015625 0.02048691875 0.7643276328125 0.0470296109375 0.7714765859375 0.012053875 0.693195371875 0 0.5961394890625 0
2 0.9966350546875 0.248435828125 0.9246116687500001 0.23734554375 0.8897440109374999 0.40793307343749996 0.9945912765625 0.424077634375 0.9966350546875 0.248435828125