2 0.6132586203125 0.7774090250000001 0.7218965515625 0.7774381375 0.7227155171875 0.8243085875 0.9408275859374999 0.8256914125 0.9432758625 0.3912081515625 0.6132586203125 0.388442503125 0.6132586203125 0.7774090250000001
1 0.60508620625 0.392590975 0.405767240625 0.392590975 0.405767240625 0.8229257640625001 0.60508620625 0.8229257640625001 0.60508620625 0.392590975
10 0.3935086203125 0.6905094609375 0.24156896562500002 0.6905094609375 0.24156896562500002 0.8215429406249999 0.3935086203125 0.8215429406249999 0.3935086203125 0.6905094609375
3 0.2849913796875 0.0803930125 0.1991293109375 0.0803930125 0.1991293109375 0.2265793296875 0.2849913796875 0.2265793296875 0.2849913796875 0.0803930125
9 0.45150862031249994 0.0229257640625 0.359206896875 0.0229257640625 0.359206896875 0.2656914125 0.45150862031249994 0.2656914125 0.45150862031249994 0.0229257640625
9 0.688017240625 0.022969432812500003 0.589982759375 0.022969432812500003 0.589982759375 0.2657350796875 0.688017240625 0.2657350796875 0.688017240625 0.022969432812500003
9 0.7145603453125 0.51263464375 0.6165258625 0.51263464375 0.6165258625 0.7705967984375001 0.7145603453125 0.7705967984375001 0.7145603453125 0.51263464375
7 0.229318965625 0.2822416296875 0.012844828124999999 0.2822416296875 0.012844828124999999 0.6698689953125 0.229318965625 0.6698689953125 0.229318965625 0.2822416296875
5 0 0.24085880624999997 0.096982759375 0.24085880624999997 0.096982759375 0.021542940625 0 0.021542940625 0 0.24085880624999997
0 0.9473620687500001 0.8436244546875 0.7145517234375001 0.8436244546875 0.7145517234375001 0.989825328125 0.9473620687500001 0.989825328125 0.9473620687500001 0.8436244546875
0 0.19909482812499998 0.6905094609375 0.011206896875 0.6905094609375 0.011206896875 0.8243085875 0.19909482812499998 0.8243085875 0.19909482812499998 0.6905094609375
6 0.39841379374999997 0.3856914125 0.24238793125 0.3856914125 0.24238793125 0.6794759828125 0.39841379374999997 0.6794759828125 0.39841379374999997 0.3856914125
2 0.5854827593749999 0.2712081515625 0.6900000000000001 0.2711790390625 0.69086206875 0.3829257640625 0.9759482765625 0.3829257640625 0.9759482765625 0.021542940625 0.58466379375 0.016026201562500002 0.5854827593749999 0.2712081515625