2 0.3844069015625 0.381746109375 0.0440270515625 0.45635236562500003 0.175289384375 0.9126994546875 0.40038206875000004 0.8638593109375 0.387341746875 0.8143949656249999 0.49965205 0.7907621671875 0.3844069015625 0.381746109375
1 0.5215873234374999 0.836849596875 0.7276598453124999 0.793546459375 0.6001578765625 0.341029778125 0.3940853546875 0.384332915625 0.5215873234374999 0.836849596875
10 0.7399241156249999 0.7894291046874999 0.8970119671875001 0.7564193828125 0.8581886453124999 0.618631696875 0.70110079375 0.6516414187499999 0.7399241156249999 0.7894291046874999
3 0.636330015625 0 0.6758391609375 0.1402217359375 0.7646105078125001 0.12156773125 0.7303573515624999 0 0.636330015625 0
9 0.453977403125 0 0.51526813125 0.21752665625 0.6106973296875 0.197473603125 0.5550567890625 0 0.453977403125 0
9 0.3721149890625 0.2476568421875 0.3067510390625 0.015673929687499998 0.2053948375 0.03697245625 0.27075878750000004 0.26895536875000003 0.3721149890625 0.2476568421875
9 0.3928995375 0.8056071546875 0.4942557390625 0.784308625 0.4178252890625 0.513049640625 0.316469084375 0.5343481703124999 0.3928995375 0.8056071546875
7 1 0.36062811093749997 0.93974111875 0.14676357499999998 0.7498898656249999 0.1866580484375 0.8647382421875 0.594265925 1 0.5658426390625 1 0.36062811093749997
5 0.842217784375 0 0.8744489109375 0.11439135468749999 0.9274799874999999 0.1032476453125 0.8983887312500001 0 0.842217784375 0
0 0.44368945625 0.9858319234374999 0.41454548750000003 0.882397196875 0.17384679218750002 0.93297651875 0.1870564125 0.9798587234375 0.44368945625 0.9858319234374999
0 1 0.58883210625 0.9021019406249999 0.60940395625 0.9417446859374999 0.7500998484375 1 0.7378583437499999 1 0.58883210625
6 0.6927603578125 0.6411048859374999 0.8540728703125 0.6072074140625 0.76702875625 0.2982795234375 0.60571624375 0.3321769953125 0.6927603578125 0.6411048859374999
2 0.31215368125 0.0145386421875 0.005360375 0.079006784375 0.0248637984375 0.45115427500000005 0.30253947187499997 0.3928047796875 0.2703218125 0.27511070625 0.3783890546875 0.2524343765625 0.31215368125 0.0145386421875