2 0.9426885609375001 0.798601159375 0.8905108390625 0.795569371875 0.8918852828125001 0.674908278125 0.45878699687499996 0.657296696875 0.457727484375 0.9825821484375 0.5407829828125 0.98595953125 0.941756975 0.9742923796875 0.9426885609375001 0.798601159375
1 0.466093159375 0.4270322109375 0.4635119828125 0.6484077609375001 0.9426721406249999 0.667892409375 0.9452533171875 0.4465168609375 0.466093159375 0.4270322109375
10 0.799939553125 0.25815291875 0.7979719375000001 0.42690617499999994 0.9438723484375 0.43283909375 0.9458399640625 0.26408583750000003 0.799939553125 0.25815291875
3 0.1211494765625 0.18339212031250002 0.12003756406249999 0.2787556625 0.2828100390625 0.28537466875 0.2839219515625 0.19001112656250002 0.1211494765625 0.18339212031250002
9 0.055089048437499996 0.35858185468750003 0.05389374375 0.46109766093750004 0.3242033453125 0.47208957500000004 0.3253986515625 0.36957376875 0.055089048437499996 0.35858185468750003
9 0.0521491265625 0.6148972875000001 0.05087958125000001 0.7237802375 0.3211891859375 0.734772153125 0.32245873125 0.6258892015625 0.0521491265625 0.6148972875000001
9 0.5970275453125 0.6665486484375001 0.595758 0.7754316 0.8829882921875001 0.7871115796875 0.8842578375000001 0.6782286281250001 0.5970275453125 0.6665486484375001
7 0.34814450468749997 0 0.3455086875 0.226061834375 0.7771158781249999 0.2436127796875 0.7799192140625 0.0031836734375000003 0.701627353125 0 0.34814450468749997 0
5 0.0577295640625 0 0.056945128125 0.067277453125 0.3011443609375 0.0772076109375 0.30204457812499996 0 0.0577295640625 0
0 1 0.7918601859375001 0.9643017078125 0.7904085453125 0.962164596875 0.973698578125 1 0.9725976796875001 1 0.7918601859375001
0 0.8029227375 0.0022990453125000003 0.8004895937500001 0.210978603125 0.9494694390625 0.21703674374999998 0.9519025843750001 0.0083571859375 0.8029227375 0.0022990453125000003
6 0.4605265390625 0.24526099375000002 0.4585060046875 0.41855263593750003 0.785623090625 0.431854578125 0.787643621875 0.2585629375 0.4605265390625 0.24526099375000002
2 0.4488528890625 0.9822212703125001 0.4516393703125 0.7432379359375 0.3272251328125 0.737220815625 0.3286110453125 0.6211390421874999 0.044487003125 0.6086753515625001 0.04488774375 0.7706928078125 0.05627809375 0.9662575421874999 0.4488528890625 0.9822212703125001