2 0.50034795 0.7907621671875 0.612658253125 0.8143949656249999 0.59961793125 0.8638593109375 0.824710615625 0.9126994546875 0.9559729484374999 0.45635236562500003 0.6155930984375 0.381746109375 0.50034795 0.7907621671875
1 0.6059146453124999 0.384332915625 0.3998421234375 0.341029778125 0.2723401546875 0.793546459375 0.4784126765625 0.836849596875 0.6059146453124999 0.384332915625
10 0.29889920625 0.6516414187499999 0.1418113546875 0.618631696875 0.10298803281249999 0.7564193828125 0.260075884375 0.7894291046874999 0.29889920625 0.6516414187499999
3 0.26964264843749997 0 0.2353894921875 0.12156773125 0.32416083906250004 0.1402217359375 0.36366998437500003 0 0.26964264843749997 0
9 0.44494321093750006 0 0.3893026703125 0.197473603125 0.48473186874999996 0.21752665625 0.546022596875 0 0.44494321093750006 0
9 0.7292412125000001 0.26895536875000003 0.7946051625 0.03697245625 0.6932489609375 0.015673929687499998 0.6278850109375 0.2476568421875 0.7292412125000001 0.26895536875000003
9 0.683530915625 0.5343481703124999 0.5821747109375 0.513049640625 0.5057442609375 0.784308625 0.6071004624999999 0.8056071546875 0.683530915625 0.5343481703124999
7 0 0.5658426390625 0.1352617578125 0.594265925 0.25011013437499996 0.1866580484375 0.06025888124999999 0.14676357499999998 0 0.36062811093749997 0 0.5658426390625
5 0.10161126875 0 0.0725200125 0.1032476453125 0.1255510890625 0.11439135468749999 0.157782215625 0 0.10161126875 0
0 0.8129435875000001 0.9798587234375 0.8261532078125 0.93297651875 0.5854545124999999 0.882397196875 0.55631054375 0.9858319234374999 0.8129435875000001 0.9798587234375
0 0 0.7378583437499999 0.058255314062499994 0.7500998484375 0.097898059375 0.60940395625 0 0.58883210625 0 0.7378583437499999
6 0.39428375625 0.3321769953125 0.23297124375 0.2982795234375 0.1459271296875 0.6072074140625 0.3072396421875 0.6411048859374999 0.39428375625 0.3321769953125
2 0.6216109453125 0.2524343765625 0.7296781875 0.27511070625 0.6974605281249999 0.3928047796875 0.9751362015625 0.45115427500000005 0.9946396249999999 0.079006784375 0.68784631875 0.0145386421875 0.6216109453125 0.2524343765625