0 0.35712530781249996 0.8171388109375 0.0233415234375 0.8171388109375 0.0233415234375 0.9536827203125 0.35712530781249996 0.9536827203125 0.35712530781249996 0.8171388109375
5 0.571253071875 0 0.571253071875 0.1150424921875 0.6765356265625 0.1150424921875 0.6765356265625 0 0.571253071875 0
9 0.31405405468750003 0.3357507078125 0.0664127765625 0.3357507078125 0.0664127765625 0.470906515625 0.31405405468750003 0.470906515625 0.31405405468750003 0.3357507078125
9 0.9253562656250001 0.3550424921875 0.7100245703125 0.3550424921875 0.7100245703125 0.4888385265625 0.9253562656250001 0.4888385265625 0.9253562656250001 0.3550424921875
0 0.5401474203125 0.6888385265625 0.3630958234375 0.6888385265625 0.3630958234375 0.81161473125 0.5401474203125 0.81161473125 0.5401474203125 0.6888385265625
6 0.8428255531250001 0.4998866859375 0.54601965625 0.4998866859375 0.54601965625 0.7992067984375 0.8428255531250001 0.7992067984375 0.8428255531250001 0.4998866859375
10 0.9791891890625 0.5012747875 0.84987715 0.5012747875 0.84987715 0.80470255 0.9791891890625 0.80470255 0.9791891890625 0.5012747875
1 0.3559213765625 0.481954675 0.0172481578125 0.481954675 0.0172481578125 0.800566571875 0.3559213765625 0.800566571875 0.3559213765625 0.481954675
1 0.31818181874999996 0.016430595312499997 0.02144963125 0.016430595312499997 0.02144963125 0.3169971671875 0.31818181874999996 0.3169971671875 0.31818181874999996 0.016430595312499997
1 0.9767813265624999 0.0171954671875 0.710073709375 0.0171954671875 0.710073709375 0.3453257796875 0.9767813265624999 0.3453257796875 0.9767813265624999 0.0171954671875
7 0.7004668296875 0.0157507078125 0.3271990171875 0.0157507078125 0.3271990171875 0.2792067984375 0.7004668296875 0.2792067984375 0.7004668296875 0.0157507078125
3 0.5637592140625001 0.3013597734375 0.42680589687500003 0.3013597734375 0.42680589687500003 0.491048159375 0.5637592140625001 0.491048159375 0.5637592140625001 0.3013597734375