3 0.72112980625 0.457017665625 0.6053972062499999 0.4523019234375 0.611851234375 0.674112475 0.7275838343750001 0.6788282171875 0.72112980625 0.457017665625
2 0.3898968453125 0.5140487484375 0.2116644875 0.046900575 0.0164476171875 0.1654146828125 0.19341360937500002 0.62676268125 0.3898968453125 0.5140487484375
5 0.40017029375 0.640792228125 0.296873590625 0.6365832109375 0.3022785203125 0.8223386078124999 0.4055752234375 0.8265476250000001 0.40017029375 0.640792228125
0 0.99188426875 0.0786920953125 0.7786974546875001 0.0700053984375 0.7802883703125 0.1246816578125 0.993475184375 0.1333683546875 0.99188426875 0.0786920953125
9 1 0.514477115625 0.859514790625 0.5087527828125 0.8634083499999999 0.6425657328125001 1 0.648131415625 1 0.514477115625
10 0.9671044734375001 1 0.9630530109375 0.8607602484375001 0.8674486140625 0.8568646671875 0.8716134265625 1 0.9671044734375001 1
1 0.7669402859375001 0.0808797609375 0.5592479781249999 0.07241694843749999 0.569216328125 0.4150068765625 0.7769086359374999 0.4234696890625 0.7669402859375001 0.0808797609375
2 1 0.143516915625 0.7772009984375 0.131741571875 0.7891851203125 0.5058870671875 0.8561762203125 0.507179603125 0.8603209765625 0.649625646875 1 0.652896409375 1 0.143516915625
6 0.8584422484375 1 0.8527085640625 0.8029460515625001 0.65710416875 0.7949757828124999 0.6630697640625 1 0.8584422484375 1
9 0.9528022437500001 0.6612383734375 0.7945604859375 0.6547905171874999 0.7983280984375 0.7842749296875 0.95656985625 0.7907227859375 0.9528022437500001 0.6612383734375
7 0.649898584375 1 0.6410285859375 0.6951578859375 0.4058637515625 0.685575653125 0.415012565625 1 0.649898584375 1
0 0.5684004593750001 0.613299365625 0.5608960265625 0.3931107046875 0.348682515625 0.3801522375 0.4343763921875 0.609275446875 0.5684004593750001 0.613299365625
9 0.30788965625000003 0.4572095640625 0.161406140625 0.45124081718750003 0.1652239921875 0.5824518484375 0.3117075078125 0.5884205953125 0.30788965625000003 0.4572095640625