3 0.5580856359374999 0.3821944078125 0.5580856359374999 0.2701843765625 0.34284986875 0.28645092499999997 0.34284986875 0.3984609546875 0.5580856359374999 0.3821944078125
2 0.9363509484374999 0.7236972546875 0.48956715156249997 0.5979299578124999 0.37228640625 0.8003604546875 0.8134854046875001 0.92548626875 0.9363509484374999 0.7236972546875
5 0.36684122812500003 0.7007978390625 0.36684122812500003 0.6008237015625 0.1865918890625 0.6144461328124999 0.1865918890625 0.7144202703125 0.36684122812500003 0.7007978390625
0 0.8832953734375 0 0.883295371875 0.178912753125 0.9363509484374999 0.174903053125 0.9363509499999999 0 0.8832953734375 0
9 0.383456 0 0.383456 0.15074796875000002 0.5133025421874999 0.14093475312499998 0.5133025421874999 0 0.383456 0
10 0 0.181854953125 0.17542229375 0.16859732656249998 0.1754222953125 0.076068071875 0 0.0893256984375 0 0.181854953125
1 0.925320975 0.38844757812499997 0.9253209734375 0.1874357484375 0.59288590625 0.2125596921875 0.5928859046875 0.41357152187499996 0.925320975 0.38844757812499997
2 0.3791572828125 0 0.37647500312500004 0.154466225 0.5146987390625 0.1440199 0.513302540625 0.2090022515625 0.8763143765624999 0.18263100937500001 0.874092409375 0 0.3791572828125 0
6 0.2272212921875 0.36675797656250003 0.22722129062500002 0.1774452484375 0.0008973750000000001 0.19454978750000002 0.0008973734375 0.383862515625 0.2272212921875 0.36675797656250003
9 0.36885408124999997 0.2189086359375 0.36885408124999997 0.0657567671875 0.2432077734375 0.075252546875 0.2432077734375 0.22840441718750001 0.36885408124999997 0.2189086359375
7 0.3235590484375 0.5998405546875001 0.3235590484375 0.372239859375 0.0008973750000000001 0.396625171875 0.0008973750000000001 0.6242258671875 0.3235590484375 0.5998405546875001
0 0.6138288937499999 0.4194336265625 0.40021039218750004 0.43451439374999995 0.3988141921875 0.5643735796875 0.61801749375 0.62438311875 0.6138288937499999 0.4194336265625
9 0.541540671875 0.8136349328125 0.541540671875 0.671863096875 0.41421892656250003 0.6814854984375 0.41421892656250003 0.8232573359375 0.541540671875 0.8136349328125