3 0.5869095703125 0.6414482765625 0.69786655 0.6414482765625 0.69786655 0.4288160921875 0.5869095703125 0.4288160921875 0.5869095703125 0.6414482765625
2 0.029604917187500003 0.176505746875 0.18658472343750002 0.612367815625 0.3783318703125 0.49650574687500004 0.22029850781250002 0.0551264375 0.029604917187500003 0.176505746875
5 0.2856189640625 0.7958160921874999 0.3846532046875 0.7958160921874999 0.3846532046875 0.6177471265625 0.2856189640625 0.6177471265625 0.2856189640625 0.7958160921874999
0 0.7639332750000001 0.10754022968750002 0.968323090625 0.10754022968750002 0.968323090625 0.0551264375 0.7639332750000001 0.0551264375 0.7639332750000001 0.10754022968750002
9 0.82925373125 0.6013333328125 0.980965759375 0.6013333328125 0.980965759375 0.47305747187499997 0.82925373125 0.47305747187499997 0.82925373125 0.6013333328125
10 0.8271466203125 0.980643678125 0.9188059703125001 0.980643678125 0.9188059703125001 0.806850575 0.8271466203125 0.806850575 0.8271466203125 0.980643678125
1 0.553222125 0.39443678125 0.7523441609375 0.39443678125 0.7523441609375 0.06602298906250001 0.553222125 0.06602298906250001 0.553222125 0.39443678125
2 0.7607726078125 0.11443678125000001 0.7618261640624999 0.47305747187499997 0.8260930640625 0.47167816093750004 0.8260930640625 0.608229884375 0.9851799828125 0.6054712640625 0.9883406499999999 0.1171954015625 0.7607726078125 0.11443678125000001
6 0.6269710265625 0.9792643671875 0.8145039515624999 0.9792643671875 0.8145039515624999 0.7556781609375001 0.6269710265625 0.7556781609375001 0.6269710265625 0.9792643671875
9 0.7628270406250001 0.7398850578125 0.9145390687500001 0.7398850578125 0.9145390687500001 0.6157586203125 0.7628270406250001 0.6157586203125 0.7628270406250001 0.7398850578125
7 0.388867428125 0.9792643671875 0.6143283578125 0.9792643671875 0.6143283578125 0.660505746875 0.388867428125 0.660505746875 0.388867428125 0.9792643671875
0 0.342510975 0.36960919531249997 0.41836698906249997 0.5861609203125 0.546900790625 0.584781609375 0.5458472343749999 0.3737471265625 0.342510975 0.36960919531249997
9 0.160763828125 0.570942528125 0.301202809375 0.570942528125 0.301202809375 0.4451609203125 0.160763828125 0.4451609203125 0.160763828125 0.570942528125