0 0.9930287468750001 0.13883725 0.772243196875 0.07753256875 0.727318315625 0.2175477703125 0.9851517453125 0.2891393953125 0.9930287468750001 0.13883725
5 0.17221654375 0.84750095 0.14368645156249998 0.9364193171874999 0.2505155046875 0.9660821328125 0.2790456 0.877163765625 0.17221654375 0.84750095
9 0.612638746875 0.7233090796874999 0.8639176359375 0.7930807296875 0.9083858093750001 0.6544889203124999 0.65710691875 0.5847172703125 0.612638746875 0.7233090796874999
9 0 0.5316553640625 0.2171990796875 0.5919642031250001 0.2612198671875 0.45476673593749994 0.04272515625 0.39409814375 0 0.5272575796875001 0 0.5316553640625
0 0.4993951765625 0.2975442390625 0.6790474921875 0.347427609375 0.7194426 0.2215301234375 0.5397902859375 0.1716467515625 0.4993951765625 0.2975442390625
6 0.130103165625 0.40602171406250004 0.4312688546875 0.4896452421875 0.5297494078125 0.1827156515625 0.22858371875 0.099092125 0.130103165625 0.40602171406250004
10 0 0.3683462625 0.12340469375 0.40261157187499996 0.223236721875 0.09146990625 0.098332740625 0.0567882953125 0 0.36325719843750004 0 0.3683462625
1 0.9445058156249999 0.652179878125 0.9703463031249999 0.5716440781250001 0.9841957203125 0.307381459375 0.72308743125 0.23488051875 0.6182596078125 0.5615923375 0.9445058156249999 0.652179878125
1 0.8329052421875 1 0.8902324625 0.821331021875 0.6022801703125 0.7413764078125 0.5192989406249999 1 0.8329052421875 1
1 0 0.8965224484375 0.1096557265625 0.9269701359375 0.21395227968750002 0.6019140984375 0 0.5425067859375 0 0.8965224484375
7 0.5093341328125 1 0.5806969484375 0.7775869546874999 0.2019461953125 0.6724206781250001 0.11940372031249999 0.9296768234374999 0.37266889999999997 1 0.5093341328125 1
3 0.3479505546875 0.6882211828125 0.486915584375 0.7268070718749999 0.5493257484375 0.5322963265625 0.41036071874999996 0.4937104375 0.3479505546875 0.6882211828125