0 0.6428746921874999 0.9536827203125 0.9766584765624999 0.9536827203125 0.9766584765624999 0.8171388109375 0.6428746921874999 0.8171388109375 0.6428746921874999 0.9536827203125
5 0.3234643734375 0 0.3234643734375 0.1150424921875 0.428746928125 0.1150424921875 0.428746928125 0 0.3234643734375 0
9 0.6859459453125 0.470906515625 0.9335872234375 0.470906515625 0.9335872234375 0.3357507078125 0.6859459453125 0.3357507078125 0.6859459453125 0.470906515625
9 0.074643734375 0.4888385265625 0.2899754296875 0.4888385265625 0.2899754296875 0.3550424921875 0.074643734375 0.3550424921875 0.074643734375 0.4888385265625
0 0.45985257968750004 0.81161473125 0.6369041765625 0.81161473125 0.6369041765625 0.6888385265625 0.45985257968750004 0.6888385265625 0.45985257968750004 0.81161473125
6 0.15717444687499998 0.7992067984375 0.45398034374999996 0.7992067984375 0.45398034374999996 0.4998866859375 0.15717444687499998 0.4998866859375 0.15717444687499998 0.7992067984375
10 0.0208108109375 0.80470255 0.15012285 0.80470255 0.15012285 0.5012747875 0.0208108109375 0.5012747875 0.0208108109375 0.80470255
1 0.6440786234375 0.800566571875 0.9827518421875 0.800566571875 0.9827518421875 0.481954675 0.6440786234375 0.481954675 0.6440786234375 0.800566571875
1 0.6818181812499999 0.3169971671875 0.97855036875 0.3169971671875 0.97855036875 0.016430595312499997 0.6818181812499999 0.016430595312499997 0.6818181812499999 0.3169971671875
1 0.0232186734375 0.3453257796875 0.289926290625 0.3453257796875 0.289926290625 0.0171954671875 0.0232186734375 0.0171954671875 0.0232186734375 0.3453257796875
7 0.29953317031250004 0.2792067984375 0.6728009828125 0.2792067984375 0.6728009828125 0.0157507078125 0.29953317031250004 0.0157507078125 0.29953317031250004 0.2792067984375
3 0.4362407859375 0.491048159375 0.573194103125 0.491048159375 0.573194103125 0.3013597734375 0.4362407859375 0.3013597734375 0.4362407859375 0.491048159375