3 0.41309042968750004 0.4288160921875 0.30213345 0.4288160921875 0.30213345 0.6414482765625 0.41309042968750004 0.6414482765625 0.41309042968750004 0.4288160921875
2 0.7797014921875001 0.0551264375 0.6216681296875 0.49650574687500004 0.8134152765625 0.612367815625 0.9703950828125001 0.176505746875 0.7797014921875001 0.0551264375
5 0.7143810359375 0.6177471265625 0.6153467953125 0.6177471265625 0.6153467953125 0.7958160921874999 0.7143810359375 0.7958160921874999 0.7143810359375 0.6177471265625
0 0.236066725 0.0551264375 0.031676909375 0.0551264375 0.031676909375 0.10754022968750002 0.236066725 0.10754022968750002 0.236066725 0.0551264375
9 0.17074626875 0.47305747187499997 0.019034240625 0.47305747187499997 0.019034240625 0.6013333328125 0.17074626875 0.6013333328125 0.17074626875 0.47305747187499997
10 0.1728533796875 0.806850575 0.0811940296875 0.806850575 0.0811940296875 0.980643678125 0.1728533796875 0.980643678125 0.1728533796875 0.806850575
1 0.446777875 0.06602298906250001 0.24765583906250002 0.06602298906250001 0.24765583906250002 0.39443678125 0.446777875 0.39443678125 0.446777875 0.06602298906250001
2 0.01165935 0.1171954015625 0.014820017187500001 0.6054712640625 0.1739069359375 0.608229884375 0.1739069359375 0.47167816093750004 0.2381738359375 0.47305747187499997 0.23922739218750003 0.11443678125000001 0.01165935 0.1171954015625
6 0.37302897343749997 0.7556781609375001 0.1854960484375 0.7556781609375001 0.1854960484375 0.9792643671875 0.37302897343749997 0.9792643671875 0.37302897343749997 0.7556781609375001
9 0.237172959375 0.6157586203125 0.08546093125000001 0.6157586203125 0.08546093125000001 0.7398850578125 0.237172959375 0.7398850578125 0.237172959375 0.6157586203125
7 0.611132571875 0.660505746875 0.3856716421875 0.660505746875 0.3856716421875 0.9792643671875 0.611132571875 0.9792643671875 0.611132571875 0.660505746875
0 0.45415276562500007 0.3737471265625 0.45309920937500003 0.584781609375 0.5816330109375001 0.5861609203125 0.6574890250000001 0.36960919531249997 0.45415276562500007 0.3737471265625
9 0.8392361718749999 0.4451609203125 0.698797190625 0.4451609203125 0.698797190625 0.570942528125 0.8392361718749999 0.570942528125 0.8392361718749999 0.4451609203125