3 0.5041146624999999 0.873757878125 0.4892658609375 0.5091569953125 0.34833676874999997 0.5140808484375 0.3631855703125 0.87868173125 0.5041146624999999 0.873757878125
2 0 0.44521928437499997 0.19701944375 0.4403087171875 0.1964680671875 0.3169146421875 0.29762769218749996 0.310754459375 0.2887608140625 0.031677462499999996 0 0.041766335937499996 0 0.44521928437499997
9 0.64868768125 0.033996281249999996 0.6590152234375 0.2875810890625 0.7543247875 0.28425111406250003 0.744337015625 0.03900905 0.64868768125 0.033996281249999996
7 0.5755146703125 0.8393377234375 0.96398029375 0.8257653125 0.977728896875 0.53057730625 0.973375671875 0.423687246875 0.5591761828124999 0.43815876249999997 0.5755146703125 0.8393377234375
5 0.6465184453124999 0.8946686671874999 0.638934753125 0.7084569515625 0.5704310031250001 0.7108503703125 0.5780146953124999 0.8970620874999999 0.6465184453124999 0.8946686671874999
6 0.21102023124999997 0.8573242499999999 0.19446816875 0.45090111874999994 0.0261872171875 0.456780603125 0.0427392796875 0.8632037374999999 0.21102023124999997 0.8573242499999999
8 0.31664749531249997 0.8510079749999999 0.3056483828125 0.580933246875 0.208849603125 0.584315253125 0.21984871562500002 0.8543899796875 0.31664749531249997 0.8510079749999999
10 0 0.8752002453125 0.0312527328125 0.8741083218749999 0.013953159375 0.449330596875 0 0.4498181 0 0.8752002453125
9 0.2942221203125 0.3003701828125 0.2832870796875 0.03186870625 0.18797751406250002 0.03519868125 0.1989125546875 0.3037001578125 0.2942221203125 0.3003701828125
9 0.54108218125 0.028356915625 0.551685171875 0.288705225 0.6469947390625 0.2853752515625 0.6367315140625001 0.033369684375 0.54108218125 0.028356915625
2 0.75800776875 0.29992109375 0.7644092046875001 0.4204849609375 0.9727580281250001 0.4085214640625 0.9581655874999999 0.050215331249999995 0.64181303125 0.0336359953125 0.65503856875 0.29826705468750003 0.75800776875 0.29992109375
2 0.29088641718749997 0.031603196875 0.308603553125 0.4337843171875 0.54858025625 0.4306515203125 0.54643288125 0.3046873921875 0.65057093125 0.298423146875 0.639782828125 0.033529596875 0.47816952500000004 0.025059803125000002 0.29088641718749997 0.031603196875