3 0.8340913125 0.342639871875 0.483990053125 0.3792875109375 0.49187277500000004 0.5140788109375001 0.841974034375 0.477431171875 0.8340913125 0.342639871875
2 0 0.39173486562500004 0.2849584203125 0.3593506796875 0.281811996875 0.2622310984375 0.3998991 0.24557084375 0.3831633953125 0.0015985015625000001 0 0.04170699375 0 0.39173486562500004
9 0.29508305 0.7064678046874999 0.0030172750000000003 0.737040446875 0.008348317187499999 0.828199059375 0.3004140921875 0.797626415625 0.29508305 0.7064678046874999
7 0.4302033015625 0.5904920328125 0.4536589203125 0.9915734640625 0.4927334390625 0.990891415625 0.8390817078125 0.9546366296875 0.8154279890625 0.55016776875 0.4302033015625 0.5904920328125
5 0.8708700671875 0.5445075515625 0.6920637078125 0.5632245109375 0.69589539375 0.6287447640625 0.874701753125 0.6100278046875001 0.8708700671875 0.5445075515625
6 0.790651421875 0.039864609375 0.4003911171875 0.0807159875 0.4098037375 0.241667909375 0.8000640421874999 0.20081653125 0.790651421875 0.039864609375
8 0.7980460203125 0.209626209375 0.5387117531250001 0.236772609375 0.5441260921875 0.3293555734375 0.803460359375 0.302209171875 0.7980460203125 0.209626209375
10 0.3984341671875 0 0.388134159375 0.0010781765625 0.39217131250000004 0.07011183125 0.8000562765625 0.0274155515625 0.7984529890625 0 0.3984341671875 0
9 0 0.386313196875 0.274720590625 0.3575562015625 0.26938955 0.266397590625 0 0.2945965484375 0 0.386313196875
9 0 0.7258917078125 0.2918988609375 0.695336534375 0.2865678203125 0.6041779234375 0 0.6341750578124999 0 0.7258917078125
2 0 0.781465759375 0.012737384374999999 0.999269778125 0.43893955 0.9918303906249999 0.43163545625 0.7882494531249999 0.31573297031249997 0.7989487343749999 0.3049498265625 0.7011954703125001 0 0.7302960281249999 0 0.781465759375
2 0 0.728817565625 0.304699934375 0.6969224109375001 0.3013869140625 0.5969541234375 0.42207512343750003 0.5814546671875 0.40362860468750006 0.3526609 0 0.393568415625 0 0.728817565625