3 0.158025965625 0.477431171875 0.508127225 0.5140788109375001 0.516009946875 0.3792875109375 0.1659086875 0.342639871875 0.158025965625 0.477431171875
2 1 0.04170699375 0.6168366046875 0.0015985015625000001 0.6001008999999999 0.24557084375 0.7181880031250001 0.2622310984375 0.7150415796875 0.3593506796875 1 0.39173486562500004 1 0.04170699375
9 0.6995859078125 0.797626415625 0.9916516828124999 0.828199059375 0.996982725 0.737040446875 0.70491695 0.7064678046874999 0.6995859078125 0.797626415625
7 0.1845720109375 0.55016776875 0.1609182921875 0.9546366296875 0.5072665609375 0.990891415625 0.5463410796875 0.9915734640625 0.5697966984375 0.5904920328125 0.1845720109375 0.55016776875
5 0.125298246875 0.6100278046875001 0.30410460625 0.6287447640625 0.3079362921875 0.5632245109375 0.12912993281250001 0.5445075515625 0.125298246875 0.6100278046875001
6 0.1999359578125 0.20081653125 0.5901962625 0.241667909375 0.5996088828125 0.0807159875 0.20934857812500002 0.039864609375 0.1999359578125 0.20081653125
8 0.196539640625 0.302209171875 0.4558739078125 0.3293555734375 0.461288246875 0.236772609375 0.2019539796875 0.209626209375 0.196539640625 0.302209171875
10 0.2015470109375 0 0.1999437234375 0.0274155515625 0.6078286875 0.07011183125 0.6118658406249999 0.0010781765625 0.6015658328125 0 0.2015470109375 0
9 1 0.2945965484375 0.73061045 0.266397590625 0.725279409375 0.3575562015625 1 0.386313196875 1 0.2945965484375
9 1 0.6341750578124999 0.7134321796875 0.6041779234375 0.7081011390625 0.695336534375 1 0.7258917078125 1 0.6341750578124999
2 1 0.7302960281249999 0.6950501734375 0.7011954703125001 0.6842670296875 0.7989487343749999 0.56836454375 0.7882494531249999 0.56106045 0.9918303906249999 0.987262615625 0.999269778125 1 0.781465759375 1 0.7302960281249999
2 1 0.393568415625 0.5963713953124999 0.3526609 0.5779248765625 0.5814546671875 0.6986130859374999 0.5969541234375 0.695300065625 0.6969224109375001 1 0.728817565625 1 0.393568415625