3 0.4961414140625 0.390919540625 0.15905050468749998 0.390919540625 0.15905050468749998 0.5214482765625 0.4961414140625 0.5214482765625 0.4961414140625 0.390919540625
2 0.6830707078125 0.2578850578125 0.68549495 0.35167816093750004 0.9933737375 0.35443678125 0.986101009375 0.008229884375 0.57155555625 0.01098850625 0.5691313124999999 0.2537471265625 0.6830707078125 0.2578850578125
9 0.97644444375 0.6867931031250001 0.6952323234375 0.6867931031250001 0.6952323234375 0.7750689656249999 0.97644444375 0.7750689656249999 0.97644444375 0.6867931031250001
7 0.55943434375 0.588781609375 0.188525253125 0.588781609375 0.188525253125 0.99029885 0.55943434375 0.99029885 0.55943434375 0.588781609375
5 0.30731313125000004 0.588919540625 0.135151515625 0.588919540625 0.135151515625 0.652367815625 0.30731313125000004 0.652367815625 0.30731313125000004 0.588919540625
6 0.55943434375 0.09512643750000001 0.18367676718749998 0.09512643750000001 0.18367676718749998 0.25098850625 0.55943434375 0.25098850625 0.55943434375 0.09512643750000001
8 0.4357979796875 0.2592643671875 0.18610100937500001 0.2592643671875 0.18610100937500001 0.34891954062499997 0.4357979796875 0.34891954062499997 0.4357979796875 0.2592643671875
10 0.5667070703125 0.0137471265625 0.1739797984375 0.0137471265625 0.1739797984375 0.0840919546875 0.5667070703125 0.0840919546875 0.5667070703125 0.0137471265625
9 0.9764040406250001 0.260643678125 0.69519191875 0.260643678125 0.69519191875 0.34891954062499997 0.9764040406250001 0.34891954062499997 0.9764040406250001 0.260643678125
9 0.9788686875 0.587482759375 0.697656565625 0.587482759375 0.697656565625 0.6757586203125 0.9788686875 0.6757586203125 0.9788686875 0.587482759375
2 0.986101009375 0.9944367812499999 0.9836767671875 0.6799540234375 0.68549495 0.68271264375 0.6806464640625001 0.7778850578125 0.5691313124999999 0.7792643671875 0.5739797984375 0.9958160921875001 0.986101009375 0.9944367812499999
2 0.6830707078125 0.5820229890624999 0.68549495 0.6785747125 0.988525253125 0.6785747125 0.986101009375 0.3558160921875 0.57155555625 0.35719540156249996 0.5667070703125 0.5792643671875 0.6830707078125 0.5820229890624999