3 0.6368144296875 0.87868173125 0.6516632312499999 0.5140808484375 0.5107341390625 0.5091569953125 0.4958853375 0.873757878125 0.6368144296875 0.87868173125
2 1 0.041766335937499996 0.7112391859375 0.031677462499999996 0.7023723078125 0.310754459375 0.8035319328125 0.3169146421875 0.80298055625 0.4403087171875 1 0.44521928437499997 1 0.041766335937499996
9 0.255662984375 0.03900905 0.2456752125 0.28425111406250003 0.3409847765625 0.2875810890625 0.35131231875 0.033996281249999996 0.255662984375 0.03900905
7 0.4408238171875 0.43815876249999997 0.026624328125000003 0.423687246875 0.022271103125 0.53057730625 0.03601970625 0.8257653125 0.4244853296875 0.8393377234375 0.4408238171875 0.43815876249999997
5 0.42198530468750006 0.8970620874999999 0.42956899687499994 0.7108503703125 0.361065246875 0.7084569515625 0.3534815546875 0.8946686671874999 0.42198530468750006 0.8970620874999999
6 0.9572607203124999 0.8632037374999999 0.9738127828125 0.456780603125 0.80553183125 0.45090111874999994 0.78897976875 0.8573242499999999 0.9572607203124999 0.8632037374999999
8 0.780151284375 0.8543899796875 0.791150396875 0.584315253125 0.6943516171875 0.580933246875 0.6833525046875 0.8510079749999999 0.780151284375 0.8543899796875
10 1 0.4498181 0.986046840625 0.449330596875 0.9687472671874999 0.8741083218749999 1 0.8752002453125 1 0.4498181
9 0.8010874453125 0.3037001578125 0.8120224859375 0.03519868125 0.7167129203125 0.03186870625 0.7057778796874999 0.3003701828125 0.8010874453125 0.3037001578125
9 0.3632684859375 0.033369684375 0.3530052609375 0.2853752515625 0.448314828125 0.288705225 0.45891781875 0.028356915625 0.3632684859375 0.033369684375
2 0.34496143125 0.29826705468750003 0.35818696875 0.0336359953125 0.0418344125 0.050215331249999995 0.027241971875 0.4085214640625 0.2355907953125 0.4204849609375 0.24199223124999997 0.29992109375 0.34496143125 0.29826705468750003
2 0.521830475 0.025059803125000002 0.360217171875 0.033529596875 0.34942906875 0.298423146875 0.45356711875 0.3046873921875 0.45141974375 0.4306515203125 0.691396446875 0.4337843171875 0.7091135828125 0.031603196875 0.521830475 0.025059803125000002