3 0.5038585859375 0.5214482765625 0.8409494953125 0.5214482765625 0.8409494953125 0.390919540625 0.5038585859375 0.390919540625 0.5038585859375 0.5214482765625
2 0.4308686875 0.2537471265625 0.42844444375 0.01098850625 0.013898990625 0.008229884375 0.0066262625000000006 0.35443678125 0.31450505 0.35167816093750004 0.3169292921875 0.2578850578125 0.4308686875 0.2537471265625
9 0.02355555625 0.7750689656249999 0.3047676765625 0.7750689656249999 0.3047676765625 0.6867931031250001 0.02355555625 0.6867931031250001 0.02355555625 0.7750689656249999
7 0.44056565625 0.99029885 0.811474746875 0.99029885 0.811474746875 0.588781609375 0.44056565625 0.588781609375 0.44056565625 0.99029885
5 0.69268686875 0.652367815625 0.864848484375 0.652367815625 0.864848484375 0.588919540625 0.69268686875 0.588919540625 0.69268686875 0.652367815625
6 0.44056565625 0.25098850625 0.8163232328125 0.25098850625 0.8163232328125 0.09512643750000001 0.44056565625 0.09512643750000001 0.44056565625 0.25098850625
8 0.5642020203125 0.34891954062499997 0.813898990625 0.34891954062499997 0.813898990625 0.2592643671875 0.5642020203125 0.2592643671875 0.5642020203125 0.34891954062499997
10 0.4332929296875 0.0840919546875 0.8260202015625 0.0840919546875 0.8260202015625 0.0137471265625 0.4332929296875 0.0137471265625 0.4332929296875 0.0840919546875
9 0.023595959375 0.34891954062499997 0.30480808125 0.34891954062499997 0.30480808125 0.260643678125 0.023595959375 0.260643678125 0.023595959375 0.34891954062499997
9 0.0211313125 0.6757586203125 0.302343434375 0.6757586203125 0.302343434375 0.587482759375 0.0211313125 0.587482759375 0.0211313125 0.6757586203125
2 0.4260202015625 0.9958160921875001 0.4308686875 0.7792643671875 0.31935353593750004 0.7778850578125 0.31450505 0.68271264375 0.016323232812499998 0.6799540234375 0.013898990625 0.9944367812499999 0.4260202015625 0.9958160921875001
2 0.4332929296875 0.5792643671875 0.42844444375 0.35719540156249996 0.013898990625 0.3558160921875 0.011474746875 0.6785747125 0.31450505 0.6785747125 0.3169292921875 0.5820229890624999 0.4332929296875 0.5792643671875