5 0.9772558015625 1 0.9897739859374999 0.8886584843750001 0.8725126734374999 0.86615725 0.8574646625 1 0.9772558015625 1
1 0.37886610625 0.7498823812500001 0.3990466515625 0.5827272328124999 0.34633522656250004 0.57261245625 0.35781268125 0.469966790625 0.11637224531249998 0.420764490625 0.0872480125 0.6924813140625 0.37886610625 0.7498823812500001
6 0.8489396796875001 1 0.8632193593749999 0.872991084375 0.5297671484375 0.8090050515625 0.5082934828125001 1 0.8489396796875001 1
10 0.49125612968750004 1 0.506605575 0.8634761875000001 0.380172228125 0.839214934375 0.363389634375 0.988485721875 0.42339431406249994 1 0.49125612968750004 1
7 1 0.43513868125000005 0.8073304140625 0.398167378125 0.75736338125 0.8425931875 0.989935559375 0.8872213859375 1 0.797704421875 1 0.43513868125000005
0 1 0.2914561015625 0.781443521875 0.24951737343749997 0.7672123875 0.376094503125 1 0.42076403906250004 1 0.2914561015625
9 0.4745174 0.1705658625 0.3439609609375 0.14551343125 0.32070839218749997 0.352330640625 0.45126483124999994 0.37738307187500003 0.4745174 0.1705658625
9 0.5319755921875 0.6125881671875 0.40554224687499996 0.5883269140625 0.384669728125 0.7739750359374999 0.5111030750000001 0.7982362875 0.5319755921875 0.6125881671875
2 0.4914222453125 0.0171608421875 0.4457880078125 0.015567260937499999 0.43029157500000004 0.1533984296875 0.482091684375 0.1604021296875 0.445665734375 0.48393974375 0.7348224171875 0.537996115625 0.7707467968749999 0.205796196875 0.6302560781250001 0.180267284375 0.6438956265625 0.046389315625 0.4914222453125 0.0171608421875
3 0.7756210218749999 0.6666306546875 0.5612200890625 0.6254893312500001 0.5448084109375 0.7714610421875 0.7592093453125 0.812602365625 0.7756210218749999 0.6666306546875
2 0.07295965625 0.0025478078125 0.06754910625 0.050671317187499995 0.030506531250000003 0.401453671875 0.44288819999999995 0.48340676250000003 0.4772622765625 0.1652201640625 0.3386082625 0.13580535 0.3504408671875 0.043236465625 0.146171496875 0.005104421875 0.07295965625 0.0025478078125
9 0.634701465625 0.052565571874999995 0.45413706875 0.017917131250000003 0.439579978125 0.1473934484375 0.6201443734375001 0.182041890625 0.634701465625 0.052565571874999995