5 0.007260765625 0.9777573531250001 0.135155503125 0.9777573531250001 0.135155503125 0.7667279406249999 0.007260765625 0.7667279406249999 0.007260765625 0.9777573531250001
1 0.8985167468749999 0.7446568625000001 0.8998684203125 0.4784558828125 0.6656100484375 0.4812132359375 0.6655502390625 0.5818627453125 0.6144736843749999 0.5818627453125 0.6157894734375 0.7460416671875 0.8985167468749999 0.7446568625000001
6 0.1432416265625 0.9805147062499999 0.466351675 0.9805147062499999 0.466351675 0.775 0.1432416265625 0.775 0.1432416265625 0.9805147062499999
10 0.4825119625 0.9805147062499999 0.6050239234375 0.9805147062499999 0.6050239234375 0.8315563718750001 0.4825119625 0.8315563718750001 0.4825119625 0.9805147062499999
7 0.020729665624999997 0.765318628125 0.2468899515625 0.765318628125 0.2468899515625 0.32948529375 0.020729665624999997 0.32948529375 0.020729665624999997 0.765318628125
0 0.026112440625 0.315686275 0.28729665 0.315686275 0.28729665 0.19155637187500002 0.026112440625 0.19155637187500002 0.026112440625 0.315686275
9 0.5868421046875001 0.3751225484375 0.7133492828125 0.3751225484375 0.7133492828125 0.17230392187500002 0.5868421046875001 0.17230392187500002 0.5868421046875001 0.3751225484375
9 0.48520335000000003 0.768100490625 0.6077153109375 0.768100490625 0.6077153109375 0.5860416671875 0.48520335000000003 0.5860416671875 0.48520335000000003 0.768100490625
2 0.5807894734375 0.47844362812499996 0.5807416265625001 0.1611519609375 0.630622009375 0.1639705875 0.630622009375 0.021936274999999998 0.43942583749999997 0.021899509375 0.438086125 0.152928921875 0.30210526249999997 0.15155637187499998 0.3007535890625 0.477071078125 0.5807894734375 0.47844362812499996
3 0.24833732031250003 0.736188725 0.45608851718750004 0.736188725 0.45608851718750004 0.593039215625 0.24833732031250003 0.593039215625 0.24833732031250003 0.736188725
2 0.9833732062499999 0.47573529375 0.9860287078125 0.074313725 0.7181100484375 0.072928921875 0.719461721875 0.1639705875 0.5848086125 0.1666666671875 0.5834808609375 0.47844362812499996 0.9833732062499999 0.47573529375
9 0.4474880375 0.1564950984375 0.622452153125 0.1564950984375 0.622452153125 0.029522059375 0.4474880375 0.029522059375 0.4474880375 0.1564950984375