5 0.992739234375 0.7667279406249999 0.8648444968750001 0.7667279406249999 0.8648444968750001 0.9777573531250001 0.992739234375 0.9777573531250001 0.992739234375 0.7667279406249999
1 0.3842105265625 0.7460416671875 0.385526315625 0.5818627453125 0.3344497609375 0.5818627453125 0.3343899515625 0.4812132359375 0.1001315796875 0.4784558828125 0.10148325312499999 0.7446568625000001 0.3842105265625 0.7460416671875
6 0.8567583734375 0.775 0.5336483249999999 0.775 0.5336483249999999 0.9805147062499999 0.8567583734375 0.9805147062499999 0.8567583734375 0.775
10 0.5174880374999999 0.8315563718750001 0.3949760765625 0.8315563718750001 0.3949760765625 0.9805147062499999 0.5174880374999999 0.9805147062499999 0.5174880374999999 0.8315563718750001
7 0.979270334375 0.32948529375 0.7531100484375 0.32948529375 0.7531100484375 0.765318628125 0.979270334375 0.765318628125 0.979270334375 0.32948529375
0 0.973887559375 0.19155637187500002 0.71270335 0.19155637187500002 0.71270335 0.315686275 0.973887559375 0.315686275 0.973887559375 0.19155637187500002
9 0.41315789531249997 0.17230392187500002 0.2866507171875 0.17230392187500002 0.2866507171875 0.3751225484375 0.41315789531249997 0.3751225484375 0.41315789531249997 0.17230392187500002
9 0.51479665 0.5860416671875 0.39228468906249997 0.5860416671875 0.39228468906249997 0.768100490625 0.51479665 0.768100490625 0.51479665 0.5860416671875
2 0.6992464109375 0.477071078125 0.6978947375 0.15155637187499998 0.561913875 0.152928921875 0.5605741625 0.021899509375 0.369377990625 0.021936274999999998 0.369377990625 0.1639705875 0.4192583734375 0.1611519609375 0.4192105265625 0.47844362812499996 0.6992464109375 0.477071078125
3 0.7516626796875 0.593039215625 0.5439114828125 0.593039215625 0.5439114828125 0.736188725 0.7516626796875 0.736188725 0.7516626796875 0.593039215625
2 0.4165191390625 0.47844362812499996 0.4151913875 0.1666666671875 0.280538278125 0.1639705875 0.2818899515625 0.072928921875 0.013971292187500001 0.074313725 0.01662679375 0.47573529375 0.4165191390625 0.47844362812499996
9 0.5525119625 0.029522059375 0.377547846875 0.029522059375 0.377547846875 0.1564950984375 0.5525119625 0.1564950984375 0.5525119625 0.029522059375