5 0.1425353375 1 0.1274873265625 0.86615725 0.0102260140625 0.8886584843750001 0.022744198437499998 1 0.1425353375 1
1 0.9127519875000001 0.6924813140625 0.8836277546875 0.420764490625 0.64218731875 0.469966790625 0.6536647734375001 0.57261245625 0.6009533484375 0.5827272328124999 0.6211338937499999 0.7498823812500001 0.9127519875000001 0.6924813140625
6 0.49170651718749997 1 0.4702328515625 0.8090050515625 0.136780640625 0.872991084375 0.1510603203125 1 0.49170651718749997 1
10 0.5766056859375001 1 0.636610365625 0.988485721875 0.619827771875 0.839214934375 0.49339442499999997 0.8634761875000001 0.5087438703125 1 0.5766056859375001 1
7 0 0.797704421875 0.010064440625 0.8872213859375 0.24263661875000003 0.8425931875 0.1926695859375 0.398167378125 0 0.43513868125000005 0 0.797704421875
0 0 0.42076403906250004 0.2327876125 0.376094503125 0.218556478125 0.24951737343749997 0 0.2914561015625 0 0.42076403906250004
9 0.5487351687500001 0.37738307187500003 0.6792916078125 0.352330640625 0.6560390390624999 0.14551343125 0.5254826 0.1705658625 0.5487351687500001 0.37738307187500003
9 0.488896925 0.7982362875 0.615330271875 0.7739750359374999 0.594457753125 0.5883269140625 0.4680244078125 0.6125881671875 0.488896925 0.7982362875
2 0.3561043734375 0.046389315625 0.369743921875 0.180267284375 0.229253203125 0.205796196875 0.2651775828125 0.537996115625 0.554334265625 0.48393974375 0.517908315625 0.1604021296875 0.569708425 0.1533984296875 0.5542119921875 0.015567260937499999 0.5085777546875 0.0171608421875 0.3561043734375 0.046389315625
3 0.2407906546875 0.812602365625 0.45519158906249996 0.7714610421875 0.4387799109375 0.6254893312500001 0.224378978125 0.6666306546875 0.2407906546875 0.812602365625
2 0.853828503125 0.005104421875 0.6495591328125 0.043236465625 0.6613917375 0.13580535 0.5227377234375 0.1652201640625 0.5571118 0.48340676250000003 0.96949346875 0.401453671875 0.9324508937499999 0.050671317187499995 0.9270403437500001 0.0025478078125 0.853828503125 0.005104421875
9 0.3798556265625 0.182041890625 0.560420021875 0.1473934484375 0.5458629312500001 0.017917131250000003 0.36529853437500004 0.052565571874999995 0.3798556265625 0.182041890625