7 0.30310025625 0.5183152109375 0.6427729171875 0.46508952187499997 0.6108609359375 0.013589035937499999 0.5853215078125 0.0144808921875 0.2709708625 0.063738696875 0.30310025625 0.5183152109375
10 0.9697586375 0.5770395703125 0.8962034781250001 0.5885654421875001 0.9215318859374999 0.9469195359375 0.9506128671875 0.9423626328125 0.9697586375 0.5770395703125
6 0.669859815625 0.6255316718749999 0.695083446875 0.982403328125 0.9144472546875001 0.9480296750000001 0.889223625 0.5911580187500001 0.669859815625 0.6255316718749999
2 0.3314271203125 1 0.3082242984375 0.6717193859374999 0.19520963593750001 0.692426153125 0.1846392515625 0.5428731109375 0 0.570544609375 0 0.9589182203125001 0.002903653125 1 0.3314271203125 1
2 0 0.568807821875 0.30048776718750003 0.5217222890625 0.266312778125 0.0584731890625 0 0.10260538125 0 0.568807821875
0 0.5827860078125 1 0.6823429171875001 0.9843997296874999 0.6736550484375 0.8614811140624999 0.33114853437499997 0.915150859375 0.337145659375 1 0.5827860078125 1
5 0.6137191203125 0.013489224999999999 0.6239429828125 0.1581395578125 0.9497888031249999 0.1070804921875 0.9423626328125 0.002012740625 0.6137191203125 0.013489224999999999
9 0 0.23943465156250002 0.1345184859375 0.21835600781250003 0.1253093453125 0.088062275 0 0.1076978734375 0 0.23943465156250002
9 0 0.721516065625 0.190854078125 0.6916098015625 0.1803884734375 0.5435391968750001 0 0.57180553125 0 0.721516065625
9 0.7834190125 0.45054496874999994 0.7936750640625 0.5956507046875 0.9702331890625 0.567984575 0.97464650625 0.4837734828125 0.970228940625 0.42127241406250004 0.7834190125 0.45054496874999994
3 0.5902042859375001 0.8080959140624999 0.5766267625 0.615996971875 0.3865224828125 0.6457857421875 0.40010000625000003 0.8378846843750001 0.5902042859375001 0.8080959140624999
8 0.7030862421874999 0.6098457015625 0.6929349703125001 0.466222403125 0.6264220859375 0.4766447734375 0.6365733578125 0.620268071875 0.7030862421874999 0.6098457015625
2 0.9700621234375 0.5712487171875 0.9753988093749999 0.4694186921875 0.95010146875 0.1115041890625 0.6255694640625 0.1608824 0.6500671046875001 0.466944253125 0.6954544859375 0.4613310390625 0.7064431124999999 0.6168014703125 0.9700621234375 0.5712487171875