7 0.017417782812499998 0.6681703109375 0.46561510312500004 0.6681703109375 0.46561510312500004 0.3371346375 0.017417782812499998 0.3371346375 0.017417782812499998 0.6681703109375
10 0.6247503046875 0.9881703109375 0.9882825828125 0.9881703109375 0.9882825828125 0.904039125 0.6247503046875 0.904039125 0.6247503046875 0.9881703109375
6 0.6262119359375 0.8971346375 0.98682095 0.8971346375 0.98682095 0.6833486765625 0.6262119359375 0.6833486765625 0.6262119359375 0.8971346375
2 0.992667478125 0.3316225546875 0.992667478125 0.007479862499999999 0.47000000000000003 0.007479862499999999 0.47146163281250003 0.2212773296875 0.6189159562500001 0.2212773296875 0.6159926921875 0.3316225546875 0.992667478125 0.3316225546875
2 0.01449451875 0.008860759375 0.011571254687500001 0.3330034515625 0.46853836718749997 0.33438435 0.46853836718749997 0.008860759375 0.01449451875 0.008860759375
0 0.8568818515625001 0.67093210625 0.99411693125 0.67093210625 0.99411693125 0.3371346375 0.8568818515625001 0.3371346375 0.8568818515625001 0.67093210625
5 0.018879415625 0.9895512078124999 0.163410475 0.9895512078124999 0.163410475 0.67093210625 0.018879415625 0.67093210625 0.018879415625 0.9895512078124999
9 0.018879415625 0.1950747984375 0.14734470156249999 0.1950747984375 0.14734470156249999 0.0130034515625 0.018879415625 0.0130034515625 0.018879415625 0.1950747984375
9 0.47146163281250003 0.2171346375 0.6174543234375001 0.2171346375 0.6174543234375001 0.01438435 0.47146163281250003 0.01438435 0.47146163281250003 0.2171346375
9 0.47292326406249996 0.9867894125 0.6159926921875 0.9867894125 0.6159926921875 0.804729575 0.47292326406249996 0.804729575 0.47292326406249996 0.9867894125
3 0.602667478125 0.5941311859375 0.7920706453124999 0.5941311859375 0.7920706453124999 0.408860759375 0.602667478125 0.408860759375 0.602667478125 0.5941311859375
8 0.474384896875 0.7164441890625 0.6159926921875 0.7164441890625 0.6159926921875 0.6516225546875 0.474384896875 0.6516225546875 0.474384896875 0.7164441890625
2 0.47000000000000003 0.719205984375 0.46853836718749997 0.6750747984375 0.16633373906249999 0.672313003125 0.167783190625 0.99093210625 0.6189159562500001 0.99093210625 0.6232886718749999 0.719205984375 0.47000000000000003 0.719205984375