7 0.27864563124999997 0.516485809375 0.17611618125 0.9291211640625001 0.3994476984375 0.980858371875 0.533451121875 0.9855378734375 0.6297863687499999 0.5978314296875 0.27864563124999997 0.516485809375
10 0.07991698750000001 0 0.011473351562500001 0.2754551390625 0.07053999375 0.28913857656249997 0.14238361718749998 0 0.07991698750000001 0
6 0.1501290140625 0 0.07825039218749999 0.2892794265625 0.3050203953125 0.341813196875 0.38995233125 0 0.1501290140625 0
2 0.9712729625 0.5481445234375 0.9953245140625 0.0892135765625 0.775029078125 0.0381797109375 0.6754053859375 0.4391206859375 0.7932254484375 0.46312430625 0.7542264375000001 0.62007795 0.9422375359374999 0.6649991765625 0.9712729625 0.5481445234375
2 0.8597604125 0.9969328453124999 0.94178541875 0.6668187515625 0.63347684375 0.5953956734375 0.5377412609375 0.9856876890624999 0.8597604125 0.9969328453124999
0 0.403881134375 0 0.37919910625000003 0.0993341703125 0.733269375 0.18135845 0.7695108140625 0.0355028 0.6162575828125 0 0.403881134375 0
5 0 0.8883219109375 0.17318665 0.9284425078125 0.1957884234375 0.837480440625 0 0.792123896875 0 0.8883219109375
9 0.75862073125 0.6210959375 0.94255856875 0.663707165625 0.9712729625 0.5481445234375 0.973454325 0.5065216593749999 0.7972331671874999 0.46569808593750006 0.75862073125 0.6210959375
9 0 0.44370773750000003 0.135725478125 0.4751500390625 0.1735647625 0.32286377499999996 0.009157123437500001 0.284776934375 0 0.321630275 0 0.44370773750000003
3 0.44352304531250003 0.18719299218750002 0.393429321875 0.3887979140625 0.589951928125 0.43432454218750005 0.640045653125 0.23271962031250001 0.44352304531250003 0.18719299218750002
8 0.2672120578125 0.34455820312499996 0.22975934687500002 0.49528867343750005 0.29851785 0.5112173375 0.33597055937500003 0.36048686874999997 0.2672120578125 0.34455820312499996
2 0 0.7878902531249999 0.195096809375 0.8340295265625001 0.2720949578125 0.511677578125 0.22567009218749998 0.499277396875 0.266212184375 0.33611354375 0.0100631 0.2811307765625 0 0.3216302703125 0 0.7878902531249999