7 0.7290291375 0.063738696875 0.41467849218749997 0.0144808921875 0.3891390640625 0.013589035937499999 0.35722708281250004 0.46508952187499997 0.69689974375 0.5183152109375 0.7290291375 0.063738696875
10 0.0493871328125 0.9423626328125 0.07846811406250001 0.9469195359375 0.10379652187499999 0.5885654421875001 0.0302413625 0.5770395703125 0.0493871328125 0.9423626328125
6 0.110776375 0.5911580187500001 0.0855527453125 0.9480296750000001 0.304916553125 0.982403328125 0.330140184375 0.6255316718749999 0.110776375 0.5911580187500001
2 1 0.570544609375 0.8153607484375 0.5428731109375 0.8047903640625 0.692426153125 0.6917757015625 0.6717193859374999 0.6685728796875 1 0.997096346875 1 1 0.9589182203125001 1 0.570544609375
2 1 0.10260538125 0.733687221875 0.0584731890625 0.6995122328125001 0.5217222890625 1 0.568807821875 1 0.10260538125
0 0.662854340625 1 0.668851465625 0.915150859375 0.3263449515625 0.8614811140624999 0.3176570828125 0.9843997296874999 0.4172139921875 1 0.662854340625 1
5 0.0576373671875 0.002012740625 0.050211196874999996 0.1070804921875 0.3760570171875 0.1581395578125 0.3862808796875 0.013489224999999999 0.0576373671875 0.002012740625
9 1 0.1076978734375 0.8746906546875 0.088062275 0.8654815140625001 0.21835600781250003 1 0.23943465156250002 1 0.1076978734375
9 1 0.57180553125 0.8196115265625 0.5435391968750001 0.809145921875 0.6916098015625 1 0.721516065625 1 0.57180553125
9 0.029771059375 0.42127241406250004 0.02535349375 0.4837734828125 0.0297668109375 0.567984575 0.20632493593749998 0.5956507046875 0.2165809875 0.45054496874999994 0.029771059375 0.42127241406250004
3 0.59989999375 0.8378846843750001 0.6134775171875 0.6457857421875 0.4233732375 0.615996971875 0.4097957140625 0.8080959140624999 0.59989999375 0.8378846843750001
8 0.3634266421875 0.620268071875 0.3735779140625 0.4766447734375 0.3070650296875 0.466222403125 0.29691375781249996 0.6098457015625 0.3634266421875 0.620268071875
2 0.2935568875 0.6168014703125 0.3045455140625 0.4613310390625 0.3499328953125 0.466944253125 0.37443053593750003 0.1608824 0.04989853125 0.1115041890625 0.024601190624999998 0.4694186921875 0.0299378765625 0.5712487171875 0.2935568875 0.6168014703125