7 0.9825822171875 0.3371346375 0.534384896875 0.3371346375 0.534384896875 0.6681703109375 0.9825822171875 0.6681703109375 0.9825822171875 0.3371346375
10 0.3752496953125 0.904039125 0.011717417187499999 0.904039125 0.011717417187499999 0.9881703109375 0.3752496953125 0.9881703109375 0.3752496953125 0.904039125
6 0.3737880640625 0.6833486765625 0.013179050000000001 0.6833486765625 0.013179050000000001 0.8971346375 0.3737880640625 0.8971346375 0.3737880640625 0.6833486765625
2 0.38400730781250003 0.3316225546875 0.38108404375 0.2212773296875 0.5285383671874999 0.2212773296875 0.53 0.007479862499999999 0.007332521875 0.007479862499999999 0.007332521875 0.3316225546875 0.38400730781250003 0.3316225546875
2 0.5314616328125 0.008860759375 0.5314616328125 0.33438435 0.9884287453124999 0.3330034515625 0.98550548125 0.008860759375 0.5314616328125 0.008860759375
0 0.14311814843749998 0.3371346375 0.00588306875 0.3371346375 0.00588306875 0.67093210625 0.14311814843749998 0.67093210625 0.14311814843749998 0.3371346375
5 0.981120584375 0.67093210625 0.836589525 0.67093210625 0.836589525 0.9895512078124999 0.981120584375 0.9895512078124999 0.981120584375 0.67093210625
9 0.981120584375 0.0130034515625 0.8526552984375 0.0130034515625 0.8526552984375 0.1950747984375 0.981120584375 0.1950747984375 0.981120584375 0.0130034515625
9 0.5285383671874999 0.01438435 0.3825456765625 0.01438435 0.3825456765625 0.2171346375 0.5285383671874999 0.2171346375 0.5285383671874999 0.01438435
9 0.5270767359375 0.804729575 0.38400730781250003 0.804729575 0.38400730781250003 0.9867894125 0.5270767359375 0.9867894125 0.5270767359375 0.804729575
3 0.397332521875 0.408860759375 0.20792935468749998 0.408860759375 0.20792935468749998 0.5941311859375 0.397332521875 0.5941311859375 0.397332521875 0.408860759375
8 0.525615103125 0.6516225546875 0.38400730781250003 0.6516225546875 0.38400730781250003 0.7164441890625 0.525615103125 0.7164441890625 0.525615103125 0.6516225546875
2 0.37671132812499997 0.719205984375 0.38108404375 0.99093210625 0.832216809375 0.99093210625 0.8336662609375001 0.672313003125 0.5314616328125 0.6750747984375 0.53 0.719205984375 0.37671132812499997 0.719205984375