7 0.37021363125 0.5978314296875 0.46654887812499996 0.9855378734375 0.6005523015625001 0.980858371875 0.82388381875 0.9291211640625001 0.7213543687499999 0.516485809375 0.37021363125 0.5978314296875
10 0.8576163828125001 0 0.92946000625 0.28913857656249997 0.9885266484375 0.2754551390625 0.9200830124999999 0 0.8576163828125001 0
6 0.6100476687499999 0 0.6949796046875 0.341813196875 0.9217496078125 0.2892794265625 0.8498709859375 0 0.6100476687499999 0
2 0.0577624640625 0.6649991765625 0.24577356250000001 0.62007795 0.2067745515625 0.46312430625 0.3245946140625 0.4391206859375 0.224970921875 0.0381797109375 0.0046754859374999996 0.0892135765625 0.028727037500000004 0.5481445234375 0.0577624640625 0.6649991765625
2 0.46225873906250003 0.9856876890624999 0.36652315625 0.5953956734375 0.058214581249999994 0.6668187515625 0.1402395875 0.9969328453124999 0.46225873906250003 0.9856876890624999
0 0.3837424171875 0 0.2304891859375 0.0355028 0.266730625 0.18135845 0.62080089375 0.0993341703125 0.596118865625 0 0.3837424171875 0
5 1 0.792123896875 0.8042115765625001 0.837480440625 0.8268133499999999 0.9284425078125 1 0.8883219109375 1 0.792123896875
9 0.2027668328125 0.46569808593750006 0.026545675 0.5065216593749999 0.028727037500000004 0.5481445234375 0.057441431249999994 0.663707165625 0.24137926875 0.6210959375 0.2027668328125 0.46569808593750006
9 1 0.321630275 0.9908428765625 0.284776934375 0.8264352374999999 0.32286377499999996 0.8642745218749999 0.4751500390625 1 0.44370773750000003 1 0.321630275
3 0.359954346875 0.23271962031250001 0.41004807187500003 0.43432454218750005 0.606570678125 0.3887979140625 0.5564769546874999 0.18719299218750002 0.359954346875 0.23271962031250001
8 0.664029440625 0.36048686874999997 0.70148215 0.5112173375 0.770240653125 0.49528867343750005 0.7327879421875 0.34455820312499996 0.664029440625 0.36048686874999997
2 1 0.3216302703125 0.9899369 0.2811307765625 0.7337878156250001 0.33611354375 0.7743299078125 0.499277396875 0.7279050421875 0.511677578125 0.804903190625 0.8340295265625001 1 0.7878902531249999 1 0.3216302703125