9 0.2404220703125 0.76461206875 0.171994959375 0.76461206875 0.17840487656249998 0.948168103125 0.24683198750000002 0.948168103125 0.2404220703125 0.76461206875
10 0.4231354984375 0.47868534531250007 0.3533145265625 0.47868534531250007 0.35927288281249997 0.6493103453125 0.4290938546875 0.6493103453125 0.4231354984375 0.47868534531250007
6 0.342386096875 0.42573275937500005 0.23835796406249998 0.42573275937500005 0.246165465625 0.6493103453125 0.35019359843750003 0.6493103453125 0.342386096875 0.42573275937500005
7 0.233874475 0.157456896875 0.09214813125 0.157456896875 0.10102357656250001 0.4116163796875 0.2427499203125 0.4116163796875 0.233874475 0.157456896875
5 0.1382367109375 0.4175 0.028620342187499998 0.4175 0.0315374296875 0.5010344828125 0.1411537984375 0.5010344828125 0.1382367109375 0.4175
3 0.2116311703125 0.5271551718749999 0.133165696875 0.5271551718749999 0.1401393140625 0.7268534484375 0.21860478749999998 0.7268534484375 0.2116311703125 0.5271551718749999
2 0.173063496875 0.95523706875 0.362394084375 0.9587715515624999 0.3634688765625 0.9093534484375001 0.5100801296874999 0.9093534484375001 0.5013687531250001 0.659892240625 0.27656056875 0.659892240625 0.28128244062499996 0.755193965625 0.1662012640625 0.7587284484375 0.173063496875 0.95523706875
1 0.403948165625 0.029202585937499997 0.23777169531250003 0.029202585937499997 0.246647140625 0.28336206875 0.4128236109375 0.28336206875 0.403948165625 0.029202585937499997
0 0.22796048125 0.028017240625000002 0.087628 0.028017240625000002 0.09161378437499999 0.14215517187499999 0.23194626562499998 0.14215517187499999 0.22796048125 0.028017240625000002
9 0.41327517187499996 0.296293103125 0.304349340625 0.296293103125 0.30821169843749996 0.4068965515625 0.41713752968750006 0.4068965515625 0.41327517187499996 0.296293103125
4 0.29010743125 0.8372629312500001 0.2926037796875 0.949030171875 0.358202525 0.9478663796875001 0.353227109375 0.7654741375 0.2491989765625 0.7654741375 0.251664503125 0.8360775859375 0.29010743125 0.8372629312500001