9 0.7873375 0.9388421046875 0.8542249999999999 0.9388421046875 0.8542249999999999 0.7595368421875001 0.7873375 0.7595368421875001 0.7873375 0.9388421046875
10 0.598975 0.6469052625 0.667225 0.6469052625 0.667225 0.48023157968749997 0.598975 0.48023157968749997 0.598975 0.6469052625
6 0.6761 0.6469052625 0.7777875 0.6469052625 0.7777875 0.4285052625 0.6761 0.4285052625 0.6761 0.6469052625
7 0.7730125 0.41471578906250006 0.9115500000000001 0.41471578906250006 0.9115500000000001 0.1664421046875 0.7730125 0.1664421046875 0.7730125 0.41471578906250006
5 0.875375 0.5020631578125 0.9825250000000001 0.5020631578125 0.9825250000000001 0.42046315781250004 0.875375 0.42046315781250004 0.875375 0.5020631578125
3 0.8073750000000001 0.72265263125 0.8840749999999999 0.72265263125 0.8840749999999999 0.5275789468750001 0.8073750000000001 0.5275789468750001 0.8073750000000001 0.72265263125
2 0.5286875 0.900926315625 0.6719999999999999 0.900926315625 0.6747375 0.9492 0.8596875 0.94574736875 0.8596875 0.7537894734374999 0.7470749999999999 0.7503368421875 0.7484375 0.6572421046875 0.5286875 0.6572421046875 0.5286875 0.900926315625
1 0.6023875000000001 0.2894315796875 0.764825 0.2894315796875 0.764825 0.0411578953125 0.6023875000000001 0.0411578953125 0.6023875000000001 0.2894315796875
0 0.774375 0.1514947375 0.9115500000000001 0.1514947375 0.9115500000000001 0.04 0.774375 0.04 0.774375 0.1514947375
9 0.6023875000000001 0.4101052625 0.7088625000000001 0.4101052625 0.7088625000000001 0.30206315781250004 0.6023875000000001 0.30206315781250004 0.6023875000000001 0.4101052625
4 0.7787875 0.82934736875 0.7787875 0.760378946875 0.6771 0.760378946875 0.6784625 0.9385473687499999 0.742625 0.9396842109374999 0.74125 0.8305052625 0.7787875 0.82934736875