9 0.21266250000000003 0.7595368421875001 0.14577500000000002 0.7595368421875001 0.14577500000000002 0.9388421046875 0.21266250000000003 0.9388421046875 0.21266250000000003 0.7595368421875001
10 0.401025 0.48023157968749997 0.332775 0.48023157968749997 0.332775 0.6469052625 0.401025 0.6469052625 0.401025 0.48023157968749997
6 0.32389999999999997 0.4285052625 0.2222125 0.4285052625 0.2222125 0.6469052625 0.32389999999999997 0.6469052625 0.32389999999999997 0.4285052625
7 0.22698749999999998 0.1664421046875 0.08845 0.1664421046875 0.08845 0.41471578906250006 0.22698749999999998 0.41471578906250006 0.22698749999999998 0.1664421046875
5 0.12462500000000001 0.42046315781250004 0.017474999999999997 0.42046315781250004 0.017474999999999997 0.5020631578125 0.12462500000000001 0.5020631578125 0.12462500000000001 0.42046315781250004
3 0.192625 0.5275789468750001 0.11592499999999999 0.5275789468750001 0.11592499999999999 0.72265263125 0.192625 0.72265263125 0.192625 0.5275789468750001
2 0.47131249999999997 0.6572421046875 0.2515625 0.6572421046875 0.252925 0.7503368421875 0.1403125 0.7537894734374999 0.1403125 0.94574736875 0.3252625 0.9492 0.32799999999999996 0.900926315625 0.47131249999999997 0.900926315625 0.47131249999999997 0.6572421046875
1 0.39761250000000004 0.0411578953125 0.235175 0.0411578953125 0.235175 0.2894315796875 0.39761250000000004 0.2894315796875 0.39761250000000004 0.0411578953125
0 0.22562500000000002 0.04 0.08845 0.04 0.08845 0.1514947375 0.22562500000000002 0.1514947375 0.22562500000000002 0.04
9 0.39761250000000004 0.30206315781250004 0.2911375 0.30206315781250004 0.2911375 0.4101052625 0.39761250000000004 0.4101052625 0.39761250000000004 0.30206315781250004
4 0.25875 0.8305052625 0.257375 0.9396842109374999 0.3215375 0.9385473687499999 0.3229 0.760378946875 0.22121249999999998 0.760378946875 0.22121249999999998 0.82934736875 0.25875 0.8305052625