9 0.7531680125 0.948168103125 0.8215951234375 0.948168103125 0.828005040625 0.76461206875 0.7595779296875 0.76461206875 0.7531680125 0.948168103125
10 0.5709061453125 0.6493103453125 0.6407271171875 0.6493103453125 0.6466854734374999 0.47868534531250007 0.5768645015625 0.47868534531250007 0.5709061453125 0.6493103453125
6 0.6498064015625 0.6493103453125 0.7538345343749999 0.6493103453125 0.7616420359375 0.42573275937500005 0.657613903125 0.42573275937500005 0.6498064015625 0.6493103453125
7 0.7572500796875 0.4116163796875 0.8989764234375001 0.4116163796875 0.9078518687500001 0.157456896875 0.766125525 0.157456896875 0.7572500796875 0.4116163796875
5 0.8588462015625 0.5010344828125 0.9684625703125 0.5010344828125 0.9713796578125 0.4175 0.8617632890625 0.4175 0.8588462015625 0.5010344828125
3 0.7813952125 0.7268534484375 0.8598606859375 0.7268534484375 0.866834303125 0.5271551718749999 0.7883688296875 0.5271551718749999 0.7813952125 0.7268534484375
2 0.8337987359374999 0.7587284484375 0.718717559375 0.755193965625 0.72343943125 0.659892240625 0.49863124687499993 0.659892240625 0.4899198703125 0.9093534484375001 0.6365311234375 0.9093534484375001 0.637605915625 0.9587715515624999 0.826936503125 0.95523706875 0.8337987359374999 0.7587284484375
1 0.5871763890625 0.28336206875 0.753352859375 0.28336206875 0.7622283046875 0.029202585937499997 0.596051834375 0.029202585937499997 0.5871763890625 0.28336206875
0 0.768053734375 0.14215517187499999 0.908386215625 0.14215517187499999 0.9123720000000001 0.028017240625000002 0.77203951875 0.028017240625000002 0.768053734375 0.14215517187499999
9 0.5828624703124999 0.4068965515625 0.6917883015624999 0.4068965515625 0.695650659375 0.296293103125 0.586724828125 0.296293103125 0.5828624703124999 0.4068965515625
4 0.748335496875 0.8360775859375 0.7508010234375 0.7654741375 0.646772890625 0.7654741375 0.641797475 0.9478663796875001 0.7073962203125 0.949030171875 0.7098925687500001 0.8372629312500001 0.748335496875 0.8360775859375