9 0.086953696875 0.30139824531250003 0.1549389578125 0.28615335625 0.116269665625 0.1046417296875 0.048284403125 0.11988661874999999 0.086953696875 0.30139824531250003
10 0.337258221875 0.5415196484375 0.40662834531250003 0.52596421875 0.3706832015625 0.3572396015625 0.301313078125 0.37279503125 0.337258221875 0.5415196484375
6 0.2360365546875 0.619081684375 0.33939295625 0.595905234375 0.292292421875 0.37481780625 0.1889360203125 0.3979942546875 0.2360365546875 0.619081684375
7 0.1565957453125 0.914856478125 0.29740692968750004 0.8832812375 0.243863784375 0.6319525265625 0.10305260000000001 0.6635277687500001 0.1565957453125 0.914856478125
5 0.1209838171875 0.5668606375 0.018453249999999997 0.589851903125 0.0360512515625 0.672455996875 0.1385818171875 0.6494647312499999 0.1209838171875 0.5668606375
3 0.1066382515625 0.5430137625 0.1845970546875 0.525532425 0.1425271171875 0.3280583453125 0.0645683125 0.345539684375 0.1066382515625 0.5430137625
2 0.2165384515625 0.3808408125 0.4398950015625 0.33075575156250003 0.38734162968749997 0.084072990625 0.241677078125 0.11673654062500001 0.2284838609375 0.06849277031249999 0.041243053125 0.11414139062499999 0.0826410359375 0.30846134062499997 0.1978463390625 0.2862900015625 0.2165384515625 0.3808408125
1 0.279204675 0.7569122875 0.3290605640625 0.99093320625 0.42199133906249997 0.988229196875 0.497851253125 0.971218509375 0.44430810625 0.719889796875 0.279204675 0.7569122875
0 0.3189527765625 0.9912273125000001 0.29924564375 0.898723075 0.159819321875 0.9299877765625 0.173765803125 0.9954518218749999 0.3189527765625 0.9912273125000001
9 0.3333614859375 0.7313703953124999 0.44158395937500006 0.7071027875 0.41828340468749997 0.5977312140625 0.3100609328125 0.621998821875 0.3333614859375 0.7313703953124999
4 0.2668040734375 0.2601757390625 0.2269950921875 0.08012548124999999 0.1615343796875 0.0935984609375 0.1864776734375 0.20380747656249998 0.14857381875 0.21353510625 0.163447671875 0.2833521875 0.2668040734375 0.2601757390625