0 0.200627803125 0.25743383125 0.1513602390625 0.25743383125 0.1513602390625 0.479275028125 0.200627803125 0.479275028125 0.200627803125 0.25743383125
0 0.22869955156250002 0.7622669734375 0.10177877500000002 0.7622669734375 0.10177877500000002 0.923187571875 0.22869955156250002 0.923187571875 0.22869955156250002 0.7622669734375
1 0.45115097187500003 0.48525891874999993 0.164499253125 0.48525891874999993 0.164499253125 0.7001956265625 0.45115097187500003 0.7001956265625 0.45115097187500003 0.48525891874999993
0 0.1513602390625 0.48502876875 0.10058295937499999 0.48502876875 0.10058295937499999 0.6907710015624999 0.1513602390625 0.6907710015624999 0.1513602390625 0.48502876875
2 0.54850523125 0.479275028125 0.55 0.41491369375 0.688849028125 0.41606444218750005 0.6873542593749999 0.25858457968750004 0.2110762328125 0.25743383125 0.2110762328125 0.4758342921875 0.54850523125 0.479275028125
9 0.6814050828125 0.26608745625 0.5559940203125 0.26608745625 0.5559940203125 0.412071346875 0.6814050828125 0.412071346875 0.6814050828125 0.26608745625
9 0.681390134375 0.419505178125 0.555964125 0.419505178125 0.555964125 0.5654890671875 0.681390134375 0.5654890671875 0.681390134375 0.419505178125
10 0.899372196875 0.443647871875 0.7634977578125001 0.443647871875 0.7634977578125001 0.53100115 0.899372196875 0.53100115 0.899372196875 0.443647871875
6 0.899372196875 0.5390448796875 0.6963228703125 0.5390448796875 0.6963228703125 0.7344533953125 0.899372196875 0.7344533953125 0.899372196875 0.5390448796875
5 0.899372196875 0.743647871875 0.6858594921875001 0.743647871875 0.6858594921875001 0.841346375 0.899372196875 0.841346375 0.899372196875 0.743647871875
7 0.6828849031249999 0.7080092062500001 0.23645739843750002 0.7080092062500001 0.23645739843750002 0.9229574218750001 0.6828849031249999 0.9229574218750001 0.6828849031249999 0.7080092062500001
3 0.6828101640625001 0.5817721515625001 0.5553512703125 0.5817721515625001 0.5553512703125 0.6905178359375 0.6828101640625001 0.6905178359375 0.6828101640625001 0.5817721515625001