0 0.0610679609375 0.3663576171875 0.11551472812500001 0.3749811390625 0.1543833234375 0.1295744859375 0.09993655781250001 0.12095096406250001 0.0610679609375 0.3663576171875
0 0 0.8600720546874999 0.068759978125 0.870962565625 0.09695472968749999 0.692947903125 0 0.6775917828125 0 0.8600720546874999
1 0.0368809015625 0.6130456609375 0.3536665953125 0.6632195859375 0.3913254625 0.42545086093749995 0.07453976875 0.3752769375 0.0368809015625 0.6130456609375
0 0 0.5965169875 0.02401194375 0.60032010625 0.060059854687500004 0.372722559375 0.005117515625 0.364020546875 0 0.39633127031250004 0 0.5965169875
2 0.16593013437499998 0.1314033203125 0.1276643859375 0.373003740625 0.4999624234375 0.43587167187500003 0.51289101875 0.36493508124999996 0.6661347921874999 0.3905114328125 0.692074790625 0.2160413703125 0.16593013437499998 0.1314033203125
9 0.5200131609375 0.36283996093750004 0.658607934375 0.384791215625 0.684185640625 0.22329994062499997 0.5455908671875 0.2013486859375 0.5200131609375 0.36283996093750004
9 0.49309994375 0.5325495078125 0.6317112359375 0.5545033796875 0.6572889421875 0.39301210468750003 0.51867765 0.3710582328125 0.49309994375 0.5325495078125
10 0.7284929375 0.5307235875 0.8786510421875 0.55450629375 0.8939561312500001 0.4578737640625 0.7437980265624999 0.43409105625000005 0.7284929375 0.5307235875
6 0.618609675 0.7440299703125001 0.843004359375 0.779570596875 0.877241709375 0.56340448125 0.6528470234375 0.5278638546875001 0.618609675 0.7440299703125001
5 0.5883177203125001 0.8604463859375 0.8242757359375 0.8978184640625001 0.8413934031249999 0.7897417718749999 0.6054353875 0.75236969375 0.5883177203125001 0.8604463859375
7 0.077373684375 0.8720658578125 0.5707314328125 0.95020605 0.608392315625 0.7124245953125 0.1150345671875 0.6342844046875 0.077373684375 0.8720658578125
3 0.47051648593750006 0.670752396875 0.6113743671874999 0.6930620937499999 0.6304276 0.572764715625 0.48956971875 0.5504550187499999 0.47051648593750006 0.670752396875