0 0.9000634421875 0.12095096406250001 0.8456166765625 0.1295744859375 0.8844852718749999 0.3749811390625 0.9389320390625 0.3663576171875 0.9000634421875 0.12095096406250001
0 1 0.6775917828125 0.9030452703125 0.692947903125 0.931240021875 0.870962565625 1 0.8600720546874999 1 0.6775917828125
1 0.92546023125 0.3752769375 0.6086745375 0.42545086093749995 0.6463334046875 0.6632195859375 0.9631190984375 0.6130456609375 0.92546023125 0.3752769375
0 1 0.39633127031250004 0.9948824843749999 0.364020546875 0.9399401453125 0.372722559375 0.97598805625 0.60032010625 1 0.5965169875 1 0.39633127031250004
2 0.307925209375 0.2160413703125 0.3338652078125 0.3905114328125 0.48710898125 0.36493508124999996 0.5000375765625 0.43587167187500003 0.8723356140625 0.373003740625 0.834069865625 0.1314033203125 0.307925209375 0.2160413703125
9 0.4544091328125 0.2013486859375 0.315814359375 0.22329994062499997 0.341392065625 0.384791215625 0.4799868390625 0.36283996093750004 0.4544091328125 0.2013486859375
9 0.48132235 0.3710582328125 0.3427110578125 0.39301210468750003 0.3682887640625 0.5545033796875 0.50690005625 0.5325495078125 0.48132235 0.3710582328125
10 0.2562019734375 0.43409105625000005 0.10604386875 0.4578737640625 0.12134895781249999 0.55450629375 0.2715070625 0.5307235875 0.2562019734375 0.43409105625000005
6 0.3471529765625 0.5278638546875001 0.12275829062500002 0.56340448125 0.156995640625 0.779570596875 0.38139032500000003 0.7440299703125001 0.3471529765625 0.5278638546875001
5 0.3945646125 0.75236969375 0.158606596875 0.7897417718749999 0.1757242640625 0.8978184640625001 0.4116822796875 0.8604463859375 0.3945646125 0.75236969375
7 0.8849654328125001 0.6342844046875 0.391607684375 0.7124245953125 0.42926856718749995 0.95020605 0.9226263156250001 0.8720658578125 0.8849654328125001 0.6342844046875
3 0.51043028125 0.5504550187499999 0.36957239999999997 0.572764715625 0.3886256328125 0.6930620937499999 0.5294835140624999 0.670752396875 0.51043028125 0.5504550187499999