0 0.9146478640625 0.58982184375 0.8599192765625 0.5907786890625 0.8699601875 0.83760114375 0.9246887750000001 0.8366442984375 0.9146478640625 0.58982184375
0 0.9496329125 0.09495792812500001 0.8086436984375001 0.0974229078125 0.8159272375000001 0.276464571875 0.9569164515624999 0.2739995921875 0.9496329125 0.09495792812500001
1 0.890053225 0.344278834375 0.57162781875 0.3498460109375 0.5813562218749999 0.5889864734375 0.8997816265624999 0.5834192953125 0.890053225 0.344278834375
0 0.9614808453125001 0.3535234125 0.9050751953124999 0.354509578125 0.9143874390625 0.5834201828125 0.9707930890625001 0.5824340171875 0.9614808453125001 0.3535234125
2 0.858353609375 0.8378040671875 0.84846843125 0.5948098078124999 0.47348164375 0.59753495625 0.47473429375 0.6691729703125 0.3204425671875 0.6705892812500001 0.329230828125 0.8457737218749999 0.858353609375 0.8378040671875
9 0.46820451875 0.672451803125 0.32889236718750003 0.6748874609375 0.3354998453125 0.8373104124999999 0.4748119984375 0.8348747546874999 0.46820451875 0.672451803125
9 0.4612937796875 0.501757325 0.321965021875 0.5041932734375 0.3285725015625 0.6666162250000001 0.46790125937499993 0.6641802765625 0.4612937796875 0.501757325
10 0.23231722656249998 0.5441594765625 0.0813818890625 0.54679835 0.0853356484375 0.6439883703125 0.236270984375 0.6413494984375 0.23231722656249998 0.5441594765625
6 0.29772946562499997 0.3164921015625 0.07217329375 0.3204356046875 0.0810178171875 0.5378488265625 0.3065739890625 0.533905325 0.29772946562499997 0.3164921015625
5 0.3045144921875 0.197358825 0.0673351359375 0.201505540625 0.0717571375 0.31020575 0.3089364921875 0.3060590359375 0.3045144921875 0.197358825
7 0.80003635625 0.0978296421875 0.30412494218749997 0.1064998890625 0.31385386406250004 0.345653153125 0.8097652765625 0.33698290625 0.80003635625 0.0978296421875
3 0.4563155515625 0.362637321875 0.314728575 0.3651127515625 0.3196505890625 0.4861041515625 0.46123756718750003 0.483628721875 0.4563155515625 0.362637321875