3 0.56641379375 0.41171264374999994 0.4218850578125 0.41171264374999994 0.4218850578125 0.5198275859375 0.56641379375 0.5198275859375 0.56641379375 0.41171264374999994
2 0.45977011562500003 0.561494253125 0.1057471265625 0.5603448281250001 0.1068965515625 0.7304597703125 0.21954022968750003 0.7293103453125 0.2218390796875 0.8005747124999999 0.45862068906250003 0.8005747124999999 0.45977011562500003 0.561494253125
0 0.463218390625 0.8086206890625001 0.2183908046875 0.8086206890625001 0.2183908046875 0.890229884375 0.463218390625 0.890229884375 0.463218390625 0.8086206890625001
0 0.7034482765625001 0.37413793125 0.62298850625 0.37413793125 0.62298850625 0.5557471265625 0.7034482765625001 0.5557471265625 0.7034482765625001 0.37413793125
9 0.214942528125 0.5672413796875 0.11034482812499999 0.5672413796875 0.11034482812499999 0.72471264375 0.214942528125 0.72471264375 0.214942528125 0.5672413796875
9 0.39195402343749997 0.1660919546875 0.30574712656249997 0.1660919546875 0.30574712656249997 0.3040229890625 0.39195402343749997 0.3040229890625 0.39195402343749997 0.1660919546875
9 0.485632184375 0.16494252812500002 0.3994252875 0.16494252812500002 0.3994252875 0.30287356249999997 0.485632184375 0.30287356249999997 0.485632184375 0.16494252812500002
2 0.39540229843749997 0.162643678125 0.10804597656249999 0.162643678125 0.10804597656249999 0.3706896546875 0.39540229843749997 0.3706896546875 0.39540229843749997 0.162643678125
1 0.701149425 0.16149425312500001 0.48965517187499996 0.16149425312500001 0.48965517187499996 0.364942528125 0.701149425 0.364942528125 0.701149425 0.16149425312500001
7 0.4 0.37298850625 0.11149425312500001 0.37298850625 0.11149425312500001 0.5568965515625 0.4 0.5568965515625 0.4 0.37298850625
6 0.612643678125 0.5563103453125 0.46781609218750003 0.5563103453125 0.46781609218750003 0.75401149375 0.612643678125 0.75401149375 0.612643678125 0.5563103453125
5 0.1678160921875 0.3959770109375 0.1 0.3959770109375 0.1 0.4568965515625 0.1678160921875 0.4568965515625 0.1678160921875 0.3959770109375
10 0.69770115 0.5672413796875 0.6206896546875 0.5672413796875 0.6206896546875 0.7534482765625 0.69770115 0.7534482765625 0.69770115 0.5672413796875