3 0.563219834375 0.4235310765625 0.4098783703125 0.41549479062500005 0.41054571875 0.5302021078125 0.5638871828124999 0.53823839375 0.563219834375 0.4235310765625
2 0.7798631578124999 0.7717455453125 0.8993824484375 0.7792284265625 0.8995519125 0.5988045343749999 0.5239492515624999 0.5803391734375001 0.5266445046875 0.834061621875 0.7778640171875 0.847227478125 0.7798631578124999 0.7717455453125
0 0.7815722187499999 0.8559558 0.5218161203125 0.842342559375 0.522319859375 0.928927925 0.7820759578125 0.942541165625 0.7815722187499999 0.8559558
0 0.349622046875 0.372483190625 0.26425619375 0.36800935625000003 0.265377190625 0.5606922828124999 0.35074304375 0.5651661171875 0.349622046875 0.372483190625
9 0.8947164328125 0.605865959375 0.7837408234375001 0.600049975 0.7847128265625 0.7671231453125 0.8956884359374999 0.7729391296875 0.8947164328125 0.605865959375
9 0.6849232359374999 0.1693911765625 0.5934598203125 0.16459778125 0.594311209375 0.31093924375 0.685774625 0.31573263906250004 0.6849232359374999 0.1693911765625
9 0.5855258953125 0.16296284218749998 0.49406248125 0.158169446875 0.49491387031249995 0.30451090937499997 0.5863772843749999 0.30930430468750003 0.5855258953125 0.16296284218749998
2 0.894658046875 0.176725490625 0.5897799984375001 0.160747509375 0.591064178125 0.3814792171875 0.8959422265624999 0.3974571984375 0.894658046875 0.176725490625
1 0.4897729046875 0.15428721875 0.26538266093749996 0.1425274234375 0.2666384609375 0.3583810828125 0.49102870468750004 0.370140878125 0.4897729046875 0.15428721875
7 0.89229788125 0.3997044875 0.5862003203125 0.38366259375 0.58733550625 0.57878454375 0.8934330671874999 0.5948264375 0.89229788125 0.3997044875
6 0.5153806671875001 0.574391790625 0.36172213124999997 0.5663388874999999 0.36294245625 0.776094984375 0.5166009921875 0.7841478875 0.5153806671875001 0.574391790625
5 0.9046349015624999 0.42473384999999997 0.83268368125 0.420963046875 0.8330597109375001 0.48559719218749997 0.90501093125 0.48936799531249997 0.9046349015624999 0.42473384999999997
10 0.35325301875 0.577489065625 0.2715457015625 0.5732069656250001 0.27269507656249997 0.770767940625 0.35440239375 0.7750500406249999 0.35325301875 0.577489065625