3 0.404743925 0.4396715515625 0.37052089375 0.5922906765625 0.484428628125 0.6165576140625 0.518651659375 0.4639384890625 0.404743925 0.4396715515625
2 0.5372986125 0.5859041296874999 0.45225832187500004 0.9594865218749999 0.631760184375 0.996455903125 0.657222125 0.8772486953125 0.73284918125 0.8908168015625 0.78891681875 0.6407806984375 0.5372986125 0.5859041296874999
0 0.7984825875 0.6377315890624999 0.7405097421875 0.896264065625 0.8264915515625001 0.91458165625 0.8844644 0.6560491796875 0.7984825875 0.6377315890624999
0 0.39760442500000004 0.28653235781249997 0.378552315625 0.3714960828125 0.5698921203125 0.41225917343749996 0.5889442296875 0.32729545 0.39760442500000004 0.28653235781249997
9 0.4853808234375 0.8457265765624999 0.46061308125 0.95617941875 0.6265216484375 0.9915246296875001 0.6512893890625 0.8810717875 0.4853808234375 0.8457265765624999
9 0.104652475 0.568766390625 0.0842395015625 0.6597989531249999 0.2295608734375 0.6907582624999999 0.249973846875 0.5997256984375 0.104652475 0.568766390625
9 0.1256235640625 0.4695863453125 0.105210590625 0.56061890625 0.25053196093749996 0.591578215625 0.270944934375 0.50054565625 0.1256235640625 0.4695863453125
2 0.10183595937500001 0.56435110625 0.0337927125 0.867792978125 0.2529857828125 0.9144899375 0.32102902968749997 0.6110480640625 0.10183595937500001 0.56435110625
1 0.1730229640625 0.24123095625 0.122943134375 0.464564175 0.3372921578125 0.5102291578125 0.3873719875 0.2868959390625 0.1730229640625 0.24123095625
7 0.32453974375 0.60670898125 0.2562243234375 0.911364621875 0.44998615312499995 0.9526437031249999 0.5183015734375 0.6479880609374999 0.32453974375 0.60670898125
6 0.5680359593750001 0.4233094984375 0.5337421625000001 0.576244203125 0.7420361265625 0.6206192125000001 0.7763299234375001 0.4676845078125 0.5680359593750001 0.4233094984375
5 0.293781028125 0.8570498984375 0.27772282187499997 0.9286621828125 0.341906428125 0.942335878125 0.357964634375 0.87072359375 0.293781028125 0.8570498984375
10 0.5996934796875 0.335944228125 0.5814578890625001 0.41726665 0.7776417390625 0.45906171718750005 0.7958773296875 0.3777392953125 0.5996934796875 0.335944228125