1 0.1651293109375 0.10841339218749999 0.0786206890625 0.10841339218749999 0.0786206890625 0.27443959218749997 0.1651293109375 0.27443959218749997 0.1651293109375 0.10841339218749999
8 0.2719655171875 0.258471615625 0.2530603453125 0.258471615625 0.2530603453125 0.316739446875 0.2719655171875 0.316739446875 0.2719655171875 0.258471615625
5 0.16986206875 0.543435225 0.1357758625 0.543435225 0.1357758625 0.60649199375 0.16986206875 0.60649199375 0.16986206875 0.543435225
3 0.23891379375000002 0.2675400296875 0.1904741375 0.2675400296875 0.1904741375 0.3888064046875 0.23891379375000002 0.3888064046875 0.23891379375000002 0.2675400296875
1 0.9347413796874999 0.404541484375 0.8567413796875 0.404541484375 0.8567413796875 0.5785589515625 0.9347413796874999 0.5785589515625 0.9347413796874999 0.404541484375
7 0.6038275859375 0.2337700140625 0.52586206875 0.2337700140625 0.52586206875 0.398951965625 0.6038275859375 0.398951965625 0.6038275859375 0.2337700140625
2 0.5116465515625 0.3031732171875 0.5116465515625 0.22893740937499998 0.60666379375 0.22973799062500003 0.60713793125 0.1060116453125 0.41048275937499995 0.1060116453125 0.41048275937499995 0.301572053125 0.5116465515625 0.3031732171875
2 0.6085603453124999 0.4053420671875 0.41048275937499995 0.4053420671875 0.41048275937499995 0.5897234359375 0.6085603453124999 0.5897234359375 0.6085603453124999 0.4053420671875
9 0.6052500000000001 0.41013100468749997 0.5366982765625 0.41013100468749997 0.5366982765625 0.49154294062500004 0.6052500000000001 0.49154294062500004 0.6052500000000001 0.41013100468749997
6 0.2705517234375 0.10841339218749999 0.1670258625 0.10841339218749999 0.1670258625 0.2568704515625 0.2705517234375 0.2568704515625 0.2705517234375 0.10841339218749999
7 0.2710258625 0.41013100468749997 0.13625 0.41013100468749997 0.13625 0.5809461421875 0.2710258625 0.5809461421875 0.2710258625 0.41013100468749997
9 0.6057241375 0.11000000000000001 0.5589224140625 0.11000000000000001 0.5589224140625 0.22494905312500002 0.6057241375 0.22494905312500002 0.6057241375 0.11000000000000001
9 0.1490603453125 0.2816157203125 0.0781465515625 0.2816157203125 0.0781465515625 0.3534643375 0.1490603453125 0.3534643375 0.1490603453125 0.2816157203125