1 0.0552186859375 0.78588049375 0.042522303125 0.8759983328125 0.216291496875 0.903453153125 0.2289878796875 0.8133353156249999 0.0552186859375 0.78588049375
8 0.2279549484375 0.6994012703125 0.22518034375 0.7190951828125 0.286165621875 0.72873060625 0.28894022656249996 0.70903669375 0.2279549484375 0.6994012703125
5 0.5112233093749999 0.852887396875 0.5062206687499999 0.8883957109375 0.5722182265625 0.89882305625 0.577220865625 0.8633147421875 0.5112233093749999 0.852887396875
3 0.232595471875 0.735331534375 0.2254862578125 0.7857921343750001 0.35240815468750003 0.805845275 0.35951736875 0.7553846734375 0.232595471875 0.735331534375
1 0.47810897968750005 0.03312855 0.46666135937500003 0.11438278125000001 0.6487945093749999 0.1431590703125 0.6602421296875 0.061904839062499994 0.47810897968750005 0.03312855
7 0.250806859375 0.3496088484375 0.2393643 0.4308271578125 0.41224987031250004 0.4581423703125 0.42369242968750004 0.3769240578125 0.250806859375 0.3496088484375
2 0.3099179390625 0.457112578125 0.232219984375 0.44483662031250004 0.24700304687500002 0.3459875609375 0.117576040625 0.325033709375 0.0887140703125 0.5298935140625 0.2933948625 0.562232240625 0.3099179390625 0.457112578125
2 0.43107514687500004 0.3730505421875 0.4020044171875 0.579392103125 0.5949848109375 0.609882215625 0.6240555421875 0.403540653125 0.43107514687500004 0.3730505421875
9 0.4356015875 0.37729091718749996 0.4255406375 0.4487026796875 0.5107493953125 0.46216531562499996 0.5208103453125 0.39075355 0.4356015875 0.37729091718749996
6 0.0706909390625 0.6760597625 0.055497031249999995 0.7839048171874999 0.210877709375 0.808454328125 0.226071615625 0.700609271875 0.0706909390625 0.6760597625
7 0.3865493953125 0.7254591890625 0.3667691015625 0.865858021875 0.545550575 0.8941047624999999 0.5653308671875 0.753705928125 0.3865493953125 0.7254591890625
9 0.12154290781249999 0.32716601875 0.1146740828125 0.375920353125 0.2349840359375 0.39492883125 0.2418528609375 0.34617449843750003 0.12154290781249999 0.32716601875
9 0.23414033124999997 0.8312613687500001 0.2237327125 0.9051337484375 0.298932146875 0.9170149500000001 0.3093397640625 0.8431425703125001 0.23414033124999997 0.8312613687500001