1 0.9421682390624999 0.735446640625 0.8542246578125001 0.7277775671875 0.8552070859375001 0.8960939890624999 0.9431506671875001 0.9037630625 0.9421682390624999 0.735446640625
8 0.7645847640625 0.67709904375 0.745366003125 0.6754230812500001 0.7457107921875 0.7344946796875 0.764929553125 0.7361706406249999 0.7645847640625 0.67709904375
5 0.8821001515625 0.3937469359375 0.8474485390625001 0.3907251609375 0.8478216656249999 0.45465175625 0.8824732765625001 0.4576735296875 0.8821001515625 0.3937469359375
3 0.8277826781250001 0.6095862999999999 0.7785395312500001 0.6052920765625001 0.7792571015624999 0.7282312390625 0.8285002484374999 0.7325254625000001 0.8277826781250001 0.6095862999999999
1 0.1493409015625 0.35815100312500003 0.0700470765625 0.351236228125 0.071076790625 0.5276541515625001 0.150370615625 0.5345689265625 0.1493409015625 0.35815100312500003
7 0.48677146406249994 0.5695683218750001 0.40751269375000004 0.5626566015625001 0.408490125 0.7301171281250001 0.487748896875 0.737028846875 0.48677146406249994 0.5695683218750001
2 0.605798046875 0.8767780453125 0.60464085625 0.6785200125 0.5017895343750001 0.6679284937500001 0.5022288109375 0.7431883359375 0.40563073125000004 0.7339533390625 0.4058808546875 0.859344375 0.605798046875 0.8767780453125
2 0.6029357765625 0.3863937734375 0.40157257812499997 0.36883400312500003 0.40266361875 0.555758790625 0.60402681875 0.573318559375 0.6029357765625 0.3863937734375
9 0.475207621875 0.47473947499999997 0.40551879687500003 0.4686622984375 0.4060005359375 0.5511972562499999 0.4756893609375 0.5572744328125 0.475207621875 0.47473947499999997
6 0.852400609375 0.7454209328125 0.7471575109375 0.7362432640625001 0.7480359765625 0.8867481906249999 0.853279075 0.895925859375 0.852400609375 0.7454209328125
7 0.8817693109375 0.41960314218750006 0.744757853125 0.40765513125 0.74576861875 0.5808265515625 0.882780075 0.5927745609375 0.8817693109375 0.41960314218750006
9 0.454192359375 0.74304065625 0.4066143125 0.7388916390625 0.4072945 0.8554263375 0.45487254843749997 0.85957535625 0.454192359375 0.74304065625
9 0.9421826281250001 0.655373834375 0.870092553125 0.6490872578125 0.8705177031250001 0.7219269796875001 0.942607778125 0.72821355625 0.9421826281250001 0.655373834375