1 0.0568493328125 0.9037630625 0.1447929140625 0.8960939890624999 0.1457753421875 0.7277775671875 0.0578317609375 0.735446640625 0.0568493328125 0.9037630625
8 0.235070446875 0.7361706406249999 0.2542892078125 0.7344946796875 0.254633996875 0.6754230812500001 0.2354152359375 0.67709904375 0.235070446875 0.7361706406249999
5 0.1175267234375 0.4576735296875 0.152178334375 0.45465175625 0.1525514609375 0.3907251609375 0.11789984843750001 0.3937469359375 0.1175267234375 0.4576735296875
3 0.1714997515625 0.7325254625000001 0.2207428984375 0.7282312390625 0.22146046875 0.6052920765625001 0.172217321875 0.6095862999999999 0.1714997515625 0.7325254625000001
1 0.8496293843749999 0.5345689265625 0.928923209375 0.5276541515625001 0.9299529234374999 0.351236228125 0.8506590984375 0.35815100312500003 0.8496293843749999 0.5345689265625
7 0.512251103125 0.737028846875 0.5915098750000001 0.7301171281250001 0.59248730625 0.5626566015625001 0.5132285359375001 0.5695683218750001 0.512251103125 0.737028846875
2 0.5941191453125 0.859344375 0.59436926875 0.7339533390625 0.49777118906249995 0.7431883359375 0.498210465625 0.6679284937500001 0.39535914375000003 0.6785200125 0.394201953125 0.8767780453125 0.5941191453125 0.859344375
2 0.39597318125 0.573318559375 0.59733638125 0.555758790625 0.5984274218750001 0.36883400312500003 0.39706422343750003 0.3863937734375 0.39597318125 0.573318559375
9 0.5243106390625 0.5572744328125 0.5939994640624999 0.5511972562499999 0.594481203125 0.4686622984375 0.524792378125 0.47473947499999997 0.5243106390625 0.5572744328125
6 0.146720925 0.895925859375 0.2519640234375 0.8867481906249999 0.2528424890625 0.7362432640625001 0.147599390625 0.7454209328125 0.146720925 0.895925859375
7 0.117219925 0.5927745609375 0.25423138125 0.5808265515625 0.255242146875 0.40765513125 0.1182306890625 0.41960314218750006 0.117219925 0.5927745609375
9 0.5451274515625 0.85957535625 0.5927055 0.8554263375 0.5933856875 0.7388916390625 0.545807640625 0.74304065625 0.5451274515625 0.85957535625
9 0.057392221875 0.72821355625 0.12948229687499999 0.7219269796875001 0.129907446875 0.6490872578125 0.057817371875 0.655373834375 0.057392221875 0.72821355625