2 0.9261723749999999 0.7116319828125001 0.8534962374999999 0.3204859046875 0.9229750093750001 0.3029537484375 0.8948573874999999 0.160544159375 0.5830924578125 0.239214396875 0.684572465625 0.7712986015625 0.9261723749999999 0.7116319828125001
9 0.7309638203125 0.34627926875 0.9183898953125 0.2989844890625 0.8933018015625 0.16744155624999998 0.705875728125 0.2147363359375 0.7309638203125 0.34627926875
0 0.265846953125 0.7664701375 0.4880171171875 0.7104080921875 0.4638886125 0.5838965046875 0.241718446875 0.63995855 0.265846953125 0.7664701375
5 0 0.1770577109375 0.12174434062499999 0.14633695156249998 0.10548493750000001 0.0610849734375 0 0.087702865625 0 0.1770577109375
3 0.3475606359375 0 0.1988543921875 0.03752428125 0.2303892546875 0.20286919062500003 0.397840534375 0.160614815625 0.367207803125 0 0.3475606359375 0
1 0.6122155265625 0 0.6523025312499999 0.2101858453125 0.8909269562500001 0.1499717609375 0.8623240859375001 0 0.6122155265625 0
7 0.238406165625 0.6225914609375 0.46240249218749996 0.5660686078125 0.40397482812499996 0.2597182546875 0.179978503125 0.31624111093749996 0.238406165625 0.6225914609375
2 0 0.56486528125 0.0327723359375 0.7366985625 0.1270115296875 0.7118007875 0.0855491 0.4843674421875 0.197095428125 0.4562200296875 0.14005333125 0.1521166390625 0 0.1890844078125 0 0.56486528125
9 0.43014438750000006 0 0.458695871875 0.1497023328125 0.55651776875 0.125018121875 0.5326740984375 0 0.43014438750000006 0
9 0 0.564865278125 0.03138531875 0.729426084375 0.11942690468749999 0.7072098203125 0.0792143515625 0.49636569062499997 0 0.5163545078125 0 0.564865278125
10 0.49794737031249997 0.6871028124999999 0.65062935 0.6485753 0.6302856125 0.5419081671875 0.47760363437500003 0.58043568125 0.49794737031249997 0.6871028124999999
0 0.709254771875 0.8755726515625 0.8591881000000001 0.8377387281249999 0.8412092328125 0.7434711875 0.6912759046875 0.7813051109375 0.709254771875 0.8755726515625
6 0.47544067500000003 0.56407686875 0.629035734375 0.5253189515625001 0.5758127359375 0.246257915625 0.422217678125 0.285015834375 0.47544067500000003 0.56407686875