2 0.07125101406249999 0.26270839375 0.0410560515625 0.40012507187499996 0.10741365781250001 0.4150019578125 0.0288530046875 0.79230701875 0.259628625 0.8427931015624999 0.36901065 0.3294639046875 0.07125101406249999 0.26270839375
9 0.0455497296875 0.3961886265625 0.22455613593749998 0.43632054218749994 0.25159778125 0.309414259375 0.0725913765625 0.2692823453125 0.0455497296875 0.3961886265625
0 0.44982290156250004 0.7788749 0.6620126046875 0.8264462640625 0.6880199421875 0.704393984375 0.47583023906250005 0.6568226187499999 0.44982290156250004 0.7788749
5 1 0.1411963984375 0.840317484375 0.10539675781249999 0.814310146875 0.22744903593750002 1 0.26907933125 1 0.1411963984375
3 0.548741234375 0.24887156406250002 0.7086701640624999 0.28472644687500004 0.7432276078125 0.12254857187499998 0.583298678125 0.0866936875 0.548741234375 0.24887156406250002
1 0.1287381015625 0.0014980031249999999 0.0752632640625 0.252455103125 0.303168059375 0.303549675 0.366939703125 0.0042697296874999995 0.1287381015625 0.0014980031249999999
7 0.4776563171875 0.6396766687500001 0.6915901421874999 0.6876390515625 0.754567434375 0.3920869984375 0.540633609375 0.344124615625 0.4776563171875 0.6396766687500001
2 1 0.281495809375 0.7965912765625001 0.23350637812500002 0.7349953265625 0.5268639 0.841530703125 0.5507483453125 0.796615453125 0.7701115265625 0.9011430765625 0.7947979578125001 1 0.330863003125 1 0.281495809375
9 0.3970929078125 0.21915869687499998 0.4905203875 0.24010444843749998 0.534373478125 0.034302153125 0.44094599843750004 0.013356403125 0.3970929078125 0.21915869687499998
9 0.8040046984375 0.7654946875 0.8974321765625 0.7864404375 0.9407759890625 0.5830281859374999 0.847348509375 0.5620824343749999 0.8040046984375 0.7654946875
10 0.2949803671875 0.724100784375 0.44080347499999994 0.7567932484375001 0.4627313328125 0.653885940625 0.31690822500000004 0.6211934765625 0.2949803671875 0.724100784375
0 0.090388175 0.911421903125 0.23358610781250003 0.943525821875 0.25296494687500004 0.8525810437500001 0.10976701562499999 0.8204771234375 0.090388175 0.911421903125
6 0.3184796640625 0.6052425484375 0.46517483281249994 0.638130521875 0.522542184375 0.368905884375 0.3758470140625 0.3360179125 0.3184796640625 0.6052425484375