2 0.944094828125 0.6353491124999999 0.9449310343749999 0.5031597640625 0.8813017234375 0.5031597640625 0.8796206890624999 0.14110059218749998 0.6585775859375 0.1422485203125 0.6585775859375 0.6353491124999999 0.944094828125 0.6353491124999999
9 0.94158620625 0.5076923078125 0.7699396546874999 0.5076923078125 0.7699396546874999 0.6295976328124999 0.94158620625 0.6295976328124999 0.94158620625 0.5076923078125
0 0.49698275937499997 0.239940828125 0.293517240625 0.239940828125 0.293517240625 0.35718343125 0.49698275937499997 0.35718343125 0.49698275937499997 0.239940828125
5 0.2709482765625 0.8204023671874999 0.0783275859375 0.8204023671874999 0.0783275859375 0.9376449703124999 0.2709482765625 0.9376449703124999 0.2709482765625 0.8204023671874999
3 0.5098103453125 0.7461775140625 0.35645689687500004 0.7461775140625 0.35645689687500004 0.901964496875 0.5098103453125 0.901964496875 0.5098103453125 0.7461775140625
1 0.9424224140625 0.6455739640625 0.72388793125 0.6455739640625 0.72388793125 0.9422485203125 0.9424224140625 0.9422485203125 0.9424224140625 0.6455739640625
7 0.498655171875 0.37327810625 0.293517240625 0.37327810625 0.293517240625 0.65718343125 0.498655171875 0.65718343125 0.498655171875 0.37327810625
2 0.285982759375 0.8112071000000001 0.2851465515625 0.5295976328124999 0.1829913796875 0.5295976328124999 0.181318965625 0.31925443750000004 0.080844828125 0.318106509375 0.080844828125 0.8089112421875001 0.285982759375 0.8112071000000001
9 0.6543879312499999 0.7422485203125 0.5648017234375 0.7422485203125 0.5648017234375 0.939940828125 0.6543879312499999 0.939940828125 0.6543879312499999 0.7422485203125
9 0.175456896875 0.3250059171875 0.0858706890625 0.3250059171875 0.0858706890625 0.5204023671875 0.175456896875 0.5204023671875 0.175456896875 0.3250059171875
10 0.6493706890625 0.25833136093750003 0.5095431031250001 0.25833136093750003 0.5095431031250001 0.35718343125 0.6493706890625 0.35718343125 0.6493706890625 0.25833136093750003
0 0.8000775859375 0.044544378125 0.662767240625 0.044544378125 0.662767240625 0.13190532500000002 0.8000775859375 0.13190532500000002 0.8000775859375 0.044544378125
6 0.6510431031249999 0.37213017812500004 0.5103793109375 0.37213017812500004 0.5103793109375 0.6307455625 0.6510431031249999 0.6307455625 0.6510431031249999 0.37213017812500004