2 0.3414224140625 0.6353491124999999 0.3414224140625 0.1422485203125 0.12037931093750001 0.14110059218749998 0.11869827656250001 0.5031597640625 0.055068965625 0.5031597640625 0.055905171875000007 0.6353491124999999 0.3414224140625 0.6353491124999999
9 0.05841379375 0.6295976328124999 0.2300603453125 0.6295976328124999 0.2300603453125 0.5076923078125 0.05841379375 0.5076923078125 0.05841379375 0.6295976328124999
0 0.503017240625 0.35718343125 0.7064827593749999 0.35718343125 0.7064827593749999 0.239940828125 0.503017240625 0.239940828125 0.503017240625 0.35718343125
5 0.7290517234375 0.9376449703124999 0.9216724140625001 0.9376449703124999 0.9216724140625001 0.8204023671874999 0.7290517234375 0.8204023671874999 0.7290517234375 0.9376449703124999
3 0.49018965468750003 0.901964496875 0.6435431031250001 0.901964496875 0.6435431031250001 0.7461775140625 0.49018965468750003 0.7461775140625 0.49018965468750003 0.901964496875
1 0.057577585937499995 0.9422485203125 0.27611206875 0.9422485203125 0.27611206875 0.6455739640625 0.057577585937499995 0.6455739640625 0.057577585937499995 0.9422485203125
7 0.5013448281249999 0.65718343125 0.7064827593749999 0.65718343125 0.7064827593749999 0.37327810625 0.5013448281249999 0.37327810625 0.5013448281249999 0.65718343125
2 0.9191551718750001 0.8089112421875001 0.9191551718750001 0.318106509375 0.8186810343750001 0.31925443750000004 0.8170086203125001 0.5295976328124999 0.7148534484375 0.5295976328124999 0.7140172406249999 0.8112071000000001 0.9191551718750001 0.8089112421875001
9 0.34561206875 0.939940828125 0.43519827656250004 0.939940828125 0.43519827656250004 0.7422485203125 0.34561206875 0.7422485203125 0.34561206875 0.939940828125
9 0.824543103125 0.5204023671875 0.9141293109375 0.5204023671875 0.9141293109375 0.3250059171875 0.824543103125 0.3250059171875 0.824543103125 0.5204023671875
10 0.3506293109375 0.35718343125 0.49045689687499994 0.35718343125 0.49045689687499994 0.25833136093750003 0.3506293109375 0.25833136093750003 0.3506293109375 0.35718343125
0 0.1999224140625 0.13190532500000002 0.337232759375 0.13190532500000002 0.337232759375 0.044544378125 0.1999224140625 0.044544378125 0.1999224140625 0.13190532500000002
6 0.348956896875 0.6307455625 0.4896206890625 0.6307455625 0.4896206890625 0.37213017812500004 0.348956896875 0.37213017812500004 0.348956896875 0.6307455625