2 0.63098935 0.3294639046875 0.7403713749999999 0.8427931015624999 0.9711469953125 0.79230701875 0.8925863421875 0.4150019578125 0.9589439484375 0.40012507187499996 0.9287489859375 0.26270839375 0.63098935 0.3294639046875
9 0.9274086234375 0.2692823453125 0.74840221875 0.309414259375 0.7754438640625 0.43632054218749994 0.9544502703125 0.3961886265625 0.9274086234375 0.2692823453125
0 0.5241697609375 0.6568226187499999 0.3119800578125 0.704393984375 0.3379873953125 0.8264462640625 0.5501770984375 0.7788749 0.5241697609375 0.6568226187499999
5 0 0.26907933125 0.185689853125 0.22744903593750002 0.159682515625 0.10539675781249999 0 0.1411963984375 0 0.26907933125
3 0.41670132187500003 0.0866936875 0.2567723921875 0.12254857187499998 0.2913298359375 0.28472644687500004 0.451258765625 0.24887156406250002 0.41670132187500003 0.0866936875
1 0.633060296875 0.0042697296874999995 0.696831940625 0.303549675 0.9247367359374999 0.252455103125 0.8712618984375 0.0014980031249999999 0.633060296875 0.0042697296874999995
7 0.45936639062499995 0.344124615625 0.245432565625 0.3920869984375 0.30840985781249997 0.6876390515625 0.5223436828125 0.6396766687500001 0.45936639062499995 0.344124615625
2 0 0.330863003125 0.0988569234375 0.7947979578125001 0.20338454687500002 0.7701115265625 0.158469296875 0.5507483453125 0.2650046734375 0.5268639 0.2034087234375 0.23350637812500002 0 0.281495809375 0 0.330863003125
9 0.5590540015625 0.013356403125 0.465626521875 0.034302153125 0.5094796125000001 0.24010444843749998 0.6029070921875 0.21915869687499998 0.5590540015625 0.013356403125
9 0.152651490625 0.5620824343749999 0.0592240109375 0.5830281859374999 0.1025678234375 0.7864404375 0.1959953015625 0.7654946875 0.152651490625 0.5620824343749999
10 0.6830917750000001 0.6211934765625 0.5372686671875 0.653885940625 0.559196525 0.7567932484375001 0.7050196328125 0.724100784375 0.6830917750000001 0.6211934765625
0 0.890232984375 0.8204771234375 0.7470350531250001 0.8525810437500001 0.7664138921875 0.943525821875 0.909611825 0.911421903125 0.890232984375 0.8204771234375
6 0.6241529859375 0.3360179125 0.47745781562499995 0.368905884375 0.5348251671875001 0.638130521875 0.6815203359375 0.6052425484375 0.6241529859375 0.3360179125