6 0.49202069687499994 1 0.8082381156249999 0.9656828984375 0.7912089109375 0.7718477671875 0.6650098484375 0.7838496140625 0.6556284328124999 0.695122075 0.4304019375 0.71876541875 0.45668842187500003 1 0.49202069687499994 1
2 0 0.584522503125 0.057095964062500004 0.57852880625 0.071512240625 0.7327660734375 0.26537188437500003 0.7111694875000001 0.214626590625 0.16825430937500002 0 0.18977658125000002 0 0.584522503125
0 0.4768784609375 0.133248165625 0.46451506093750006 0.0009742859374999999 0.202648846875 0.0284639140625 0.21501224687499998 0.16073779375 0.4768784609375 0.133248165625
0 0.725594978125 0 0.73216718125 0.0703148703125 0.954591815625 0.046965654687500004 0.9502020218749999 0 0.725594978125 0
1 0.6779505546875 0 0.47188693437499996 0.021631703125000002 0.505909346875 0.38563165312500003 0.7569991734375 0.359273284375 0.7234185531249999 0 0.6779505546875 0
2 0.79125591875 0.6908525046875 0.9922066656249999 0.6697575296875 0.9944868828125 0.4737961125 0.9551684687499999 0.0531351453125 0.733821471875 0.076371234375 0.79125591875 0.6908525046875
7 0.479455390625 0.149175715625 0.2272879265625 0.175647209375 0.255659159375 0.47918615000000003 0.5078266234375 0.45271465624999996 0.479455390625 0.149175715625
5 0.4143526875 0.7216962078125 0.27749256718750004 0.7360632140625001 0.29467676875 0.9199140359375001 0.4315368890625 0.9055470296875001 0.4143526875 0.7216962078125
9 0.24699558281249998 0.5618335453125 0.0638616546875 0.5810581859374999 0.07724457343749999 0.724239725 0.26037849999999996 0.705015084375 0.24699558281249998 0.5618335453125
9 0.7627908859375 0.4740952 0.644293728125 0.48653453906250005 0.6636692046875 0.6938294265625 0.7821663609375 0.6813900875 0.7627908859375 0.4740952
9 0.9055011796875 0.45781822187500004 0.7794174468749999 0.47105396875 0.7987929234375 0.6783488531249999 0.9248766546875 0.66511310625 0.9055011796875 0.45781822187500004
3 0.5777424625 0.4802882421875 0.400093715625 0.4989370703125 0.41340166875 0.6413165765625 0.591050415625 0.6226677484375001 0.5777424625 0.4802882421875