6 0.5925851703125 0.9806896546875 0.5925851703125 0.7151724140625 0.3831663328125 0.7151724140625 0.382164328125 0.797931034375 0.264929859375 0.799080459375 0.2659318640625 0.9795402296875 0.5925851703125 0.9806896546875
2 0.924248496875 0.6933333328125 0.924248496875 0.549655171875 0.988376753125 0.549655171875 0.9903807609375 0.18528735624999998 0.7438877749999999 0.18643678125000002 0.7438877749999999 0.6921839078125 0.924248496875 0.6933333328125
0 0.7428857718749999 0.0393103453125 0.499398796875 0.0393103453125 0.499398796875 0.1795402296875 0.7428857718749999 0.1795402296875 0.7428857718749999 0.0393103453125
0 0.2589178359375 0.0082758625 0.008416834375 0.0082758625 0.008416834375 0.146206896875 0.2589178359375 0.146206896875 0.2589178359375 0.0082758625
1 0.494388778125 0.07609195468749999 0.26092184375 0.07609195468749999 0.26092184375 0.41517241406250005 0.494388778125 0.41517241406250005 0.494388778125 0.07609195468749999
2 0.25791583125 0.1519540234375 0.008416834375 0.1519540234375 0.008416834375 0.724367815625 0.25791583125 0.724367815625 0.25791583125 0.1519540234375
7 0.73286573125 0.19448275937499998 0.49839679375 0.19448275937499998 0.49839679375 0.4772413796875 0.73286573125 0.4772413796875 0.73286573125 0.19448275937499998
5 0.7348697390625001 0.7163218390625 0.6076152296874999 0.7163218390625 0.6076152296874999 0.88758620625 0.7348697390625001 0.88758620625 0.7348697390625001 0.7163218390625
9 0.9182364734374999 0.552643678125 0.7479559124999999 0.552643678125 0.7479559124999999 0.6860229890625 0.9182364734374999 0.6860229890625 0.9182364734374999 0.552643678125
9 0.375651303125 0.521655171875 0.2654709421875 0.521655171875 0.2654709421875 0.7147586203125 0.375651303125 0.7147586203125 0.375651303125 0.521655171875
9 0.24989979999999998 0.5204597703125 0.13266533125 0.5204597703125 0.13266533125 0.71356321875 0.24989979999999998 0.71356321875 0.24989979999999998 0.5204597703125
3 0.6015731468750001 0.5094482765625 0.43639278593749997 0.5094482765625 0.43639278593749997 0.642080459375 0.6015731468750001 0.642080459375 0.6015731468750001 0.5094482765625