6 0.0220258359375 0.50200056875 0.024508340625 0.5553009171875 0.070333040625 0.8564913437499999 0.2455353234375 0.8338561109375 0.22746860624999998 0.7067702671875 0.3168199515625 0.6936131875 0.2823260203125 0.46689610937500003 0.0220258359375 0.50200056875
2 0.7968798421875001 0.0059101921875 0.47379610312500003 0.0153109703125 0.3978833578125 0.025548671875 0.40672965000000005 0.083692384375 0.2513192515625 0.10465125625 0.28227022812499997 0.29974231093750003 0.829314825 0.2259670828125 0.7968798421875001 0.0059101921875
0 1 0.328754421875 0.9814090703125 0.2065624625 0.8369395656249999 0.2260458296875 0.8770449515625 0.48964511093749996 1 0.47306321406249996 1 0.328754421875
0 1 0.73875008125 0.9527104203125001 0.745127621875 0.985124815625 0.958176590625 1 0.9561705015624999 1 0.73875008125
1 1 0.5472455328125 0.98976565 0.4799785765625 0.6229971171875001 0.5294415125 0.6614520749999999 0.7821930874999999 1 0.7365360234375 1 0.5472455328125
2 0.6750035078125001 1 0.9789084000000001 0.9590149453124999 0.9466590500000001 0.7470507484375 0.32750403125 0.8305508937500001 0.3532849109375 1 0.6750035078125001 1
7 0.8610473140625 0.49290960312500004 0.8224273125 0.23907325781250002 0.5165796515625 0.2803203171875 0.5551996531250001 0.5341566624999999 0.8610473140625 0.49290960312500004
5 0.2786070953125 0.4507922171875 0.2576466671875 0.31302633750000003 0.0723974734375 0.3380093140625 0.0933579015625 0.47577519375 0.2786070953125 0.4507922171875
9 0.4325347328125 0.2749828875 0.40448736875 0.090636953125 0.2602167890625 0.1100934921875 0.288264153125 0.2944394265625 0.4325347328125 0.2749828875
9 0.5455250281249999 0.79280126875 0.527376928125 0.6735198828125 0.31850535625 0.7016886046875 0.3366534546875 0.8209699921875 0.5455250281249999 0.79280126875
9 0.5686928078125 0.9364024000000001 0.5493828078125 0.8094842265625 0.34051123437499997 0.8376529515625 0.359821234375 0.964571125 0.5686928078125 0.9364024000000001
3 0.530575703125 0.605980415625 0.5033684093749999 0.4271559640625 0.35990596406250003 0.4465035171875 0.387113259375 0.62532796875 0.530575703125 0.605980415625