6 0.543311578125 1 0.5695980625 0.71876541875 0.3443715671875 0.695122075 0.3349901515625 0.7838496140625 0.2087910890625 0.7718477671875 0.191761884375 0.9656828984375 0.5079793031250001 1 0.543311578125 1
2 1 0.18977658125000002 0.785373409375 0.16825430937500002 0.734628115625 0.7111694875000001 0.928487759375 0.7327660734375 0.9429040359374999 0.57852880625 1 0.584522503125 1 0.18977658125000002
0 0.784987753125 0.16073779375 0.7973511531249999 0.0284639140625 0.5354849390624999 0.0009742859374999999 0.5231215390624999 0.133248165625 0.784987753125 0.16073779375
0 0.049797978124999996 0 0.045408184375 0.046965654687500004 0.26783281875 0.0703148703125 0.274405021875 0 0.049797978124999996 0
1 0.27658144687499997 0 0.24300082656250002 0.359273284375 0.49409065312499995 0.38563165312500003 0.528113065625 0.021631703125000002 0.3220494453125 0 0.27658144687499997 0
2 0.266178528125 0.076371234375 0.04483153125 0.0531351453125 0.0055131171875000004 0.4737961125 0.007793334375 0.6697575296875 0.20874408125000002 0.6908525046875 0.266178528125 0.076371234375
7 0.49217337656250004 0.45271465624999996 0.7443408406249999 0.47918615000000003 0.7727120734375 0.175647209375 0.520544609375 0.149175715625 0.49217337656250004 0.45271465624999996
5 0.5684631109375 0.9055470296875001 0.70532323125 0.9199140359375001 0.7225074328125001 0.7360632140625001 0.5856473125 0.7216962078125 0.5684631109375 0.9055470296875001
9 0.7396214999999999 0.705015084375 0.9227554265625001 0.724239725 0.9361383453125001 0.5810581859374999 0.7530044171875 0.5618335453125 0.7396214999999999 0.705015084375
9 0.21783363906250003 0.6813900875 0.3363307953125 0.6938294265625 0.35570627187500004 0.48653453906250005 0.23720911406249998 0.4740952 0.21783363906250003 0.6813900875
9 0.0751233453125 0.66511310625 0.20120707656249998 0.6783488531249999 0.220582553125 0.47105396875 0.0944988203125 0.45781822187500004 0.0751233453125 0.66511310625
3 0.408949584375 0.6226677484375001 0.58659833125 0.6413165765625 0.599906284375 0.4989370703125 0.4222575375 0.4802882421875 0.408949584375 0.6226677484375001