6 0.7176739796875 0.46689610937500003 0.6831800484375 0.6936131875 0.77253139375 0.7067702671875 0.7544646765625 0.8338561109375 0.929666959375 0.8564913437499999 0.975491659375 0.5553009171875 0.9779741640624999 0.50200056875 0.7176739796875 0.46689610937500003
2 0.170685175 0.2259670828125 0.717729771875 0.29974231093750003 0.7486807484375 0.10465125625 0.59327035 0.083692384375 0.6021166421874999 0.025548671875 0.526203896875 0.0153109703125 0.2031201578125 0.0059101921875 0.170685175 0.2259670828125
0 0 0.47306321406249996 0.1229550484375 0.48964511093749996 0.163060434375 0.2260458296875 0.0185909296875 0.2065624625 0 0.328754421875 0 0.47306321406249996
0 0 0.9561705015624999 0.014875184375 0.958176590625 0.0472895796875 0.745127621875 0 0.73875008125 0 0.9561705015624999
1 0 0.7365360234375 0.33854792499999997 0.7821930874999999 0.3770028828125 0.5294415125 0.01023435 0.4799785765625 0 0.5472455328125 0 0.7365360234375
2 0.6467150890625 1 0.6724959687500001 0.8305508937500001 0.05334095 0.7470507484375 0.0210916 0.9590149453124999 0.32499649218750004 1 0.6467150890625 1
7 0.444800346875 0.5341566624999999 0.48342034843750004 0.2803203171875 0.1775726875 0.23907325781250002 0.13895268593750001 0.49290960312500004 0.444800346875 0.5341566624999999
5 0.9066420984375 0.47577519375 0.9276025265625 0.3380093140625 0.7423533328125 0.31302633750000003 0.7213929046875001 0.4507922171875 0.9066420984375 0.47577519375
9 0.711735846875 0.2944394265625 0.7397832109375 0.1100934921875 0.59551263125 0.090636953125 0.5674652671875 0.2749828875 0.711735846875 0.2944394265625
9 0.6633465453125 0.8209699921875 0.68149464375 0.7016886046875 0.472623071875 0.6735198828125 0.454474971875 0.79280126875 0.6633465453125 0.8209699921875
9 0.640178765625 0.964571125 0.659488765625 0.8376529515625 0.45061719218749996 0.8094842265625 0.4313071921875 0.9364024000000001 0.640178765625 0.964571125
3 0.612886740625 0.62532796875 0.6400940359375 0.4465035171875 0.496631590625 0.4271559640625 0.46942429687500004 0.605980415625 0.612886740625 0.62532796875