3 0.5742320578125 0.241063290625 0.5742320578125 0.4701465015625 0.8259111953125 0.4701465015625 0.8259111953125 0.24106328906250002 0.5742320578125 0.241063290625
10 0.8237502546875 0.46879885000000004 0.8237502546875 0.6044448625000001 0.9341461437499999 0.6044448625000001 0.9341461437499999 0.46879885000000004 0.8237502546875 0.46879885000000004
0 0.1249677671875 0.8378617015625001 0.1249677671875 0.92242025625 0.3892132453125 0.9224202546875 0.3892132453125 0.837861703125 0.1249677671875 0.8378617015625001
2 0.5230976218750001 0.911850434375 0.8143548609375 0.911850434375 0.8131804359375 0.6097297734375 0.601784053125 0.609729771875 0.6017840515625 0.6810760515625 0.5230976218750001 0.6793144156250001 0.5230976218750001 0.911850434375
9 0.296433721875 0.0187007203125 0.296433721875 0.109425 0.4972602859375 0.10942500156249998 0.4972602859375 0.0187007203125 0.296433721875 0.0187007203125
2 0.2870383265625 0.0134158109375 0.2870383265625 0.24507101250000002 0.815529284375 0.24507101250000002 0.815529284375 0.0134158109375 0.2870383265625 0.0134158109375
0 0.8237502531249999 0.01870071875 0.8237502531249999 0.45910985000000004 0.9247507484374999 0.4591098515625 0.9247507484374999 0.0187007203125 0.8237502531249999 0.01870071875
9 0.6088306 0.6158955015625 0.6088306 0.7022156890625 0.8108315859375 0.7022156890625 0.8108315859375 0.6158954999999999 0.6088306 0.6158955015625
9 0.4021319140625 0.6810760499999999 0.4021319140625 0.82905351875 0.5148766515625 0.82905351875 0.5148766515625 0.6810760499999999 0.4021319140625 0.6810760499999999
1 0.1249677671875 0.5630464046875 0.1249677671875 0.82905351875 0.39156209375 0.82905351875 0.39156209375 0.5630464046875 0.1249677671875 0.5630464046875
4 0.2954941828125 0.11964249062500001 0.2954941828125 0.2385529578125 0.4223320140625 0.2385529578125 0.4223320140625 0.11964249062500001 0.2954941828125 0.11964249062500001
5 0.21304959375000002 0.46967966875 0.21304959375000002 0.5551190390625 0.39391094375 0.5551190390625 0.39391094375 0.46967966875 0.21304959375000002 0.46967966875
6 0.50665568125 0.4679180328125 0.50665568125 0.6044448625000001 0.8096571625 0.6044448625000001 0.8096571625 0.46791803125 0.50665568125 0.4679180328125
7 0.1273166171875 0.249475103125 0.1273166171875 0.45910985000000004 0.4246808609375 0.45910985000000004 0.4246808625 0.249475103125 0.1273166171875 0.249475103125