3 0.4878706890625 0.55786206875 0.26366379375000004 0.55786206875 0.26366379375000004 0.8041839078124999 0.4878706890625 0.8041839078124999 0.4878706890625 0.55786206875
10 0.6193103453125001 0.802068965625 0.48655172343749997 0.802068965625 0.48655172343749997 0.9101149421875 0.6193103453125001 0.9101149421875 0.6193103453125001 0.802068965625
0 0.930517240625 0.1181609203125 0.8477586203125 0.1181609203125 0.8477586203125 0.376781609375 0.930517240625 0.376781609375 0.930517240625 0.1181609203125
2 0.624482759375 0.5848275859375 0.624482759375 0.7917241374999999 0.9201724140625 0.7928735625 0.9201724140625 0.5078160921875 0.69258620625 0.5078160921875 0.6943103453125 0.5848275859375 0.624482759375 0.5848275859375
9 0.1348275859375 0.2859770109375 0.0460344828125 0.2859770109375 0.0460344828125 0.4825287359375 0.1348275859375 0.4825287359375 0.1348275859375 0.2859770109375
2 0.26758620624999996 0.276781609375 0.04086206875 0.276781609375 0.04086206875 0.7940229890625 0.26758620624999996 0.7940229890625 0.26758620624999996 0.276781609375
0 0.477068965625 0.802068965625 0.0460344828125 0.802068965625 0.0460344828125 0.9009195406250001 0.477068965625 0.9009195406250001 0.477068965625 0.802068965625
9 0.7150000000000001 0.5917241375 0.6305172406249999 0.5917241375 0.6305172406249999 0.7894252875000001 0.7150000000000001 0.7894252875000001 0.7150000000000001 0.5917241375
9 0.83913793125 0.3894252875 0.6943103453125 0.3894252875 0.6943103453125 0.49977011562499996 0.83913793125 0.49977011562499996 0.83913793125 0.3894252875
1 0.83913793125 0.1181609203125 0.578793103125 0.1181609203125 0.578793103125 0.379080459375 0.83913793125 0.379080459375 0.83913793125 0.1181609203125
4 0.261206896875 0.28505747187499997 0.1448275859375 0.28505747187499997 0.1448275859375 0.4091954015625 0.261206896875 0.4091954015625 0.261206896875 0.28505747187499997
5 0.5710344828125 0.204367815625 0.48741379374999994 0.204367815625 0.48741379374999994 0.3813793109375 0.5710344828125 0.3813793109375 0.5710344828125 0.204367815625
6 0.6193103453125001 0.4917241375 0.4856896546875 0.4917241375 0.4856896546875 0.7882758625 0.6193103453125001 0.7882758625 0.6193103453125001 0.4917241375
7 0.477068965625 0.12045977031249999 0.2718965515625 0.12045977031249999 0.2718965515625 0.411494253125 0.477068965625 0.411494253125 0.477068965625 0.12045977031249999