3 0.3780982109375 0.693363090625 0.41833698750000003 0.4458188515625 0.1488441578125 0.42994869218750004 0.10860538125000001 0.6774929328125 0.3780982109375 0.693363090625
10 0.1509213328125 0.431541209375 0.1747477375 0.284963953125 0.056538096875 0.27800270781249997 0.0327116921875 0.4245799640625 0.1509213328125 0.431541209375
0 0.6908164515624999 0 0.681040990625 0.060137501562499994 0.9639895968750001 0.0768000578125 0.976150346875 0.00198855 0.9423825718750001 0 0.6908164515624999 0
2 0.231407121875 0 0.1869939828125 0.279919653125 0.4133528703125 0.293249696875 0.42588494218750006 0.2161538671875 0.5098313140624999 0.22301920625 0.5460835015625001 0 0.231407121875 0
9 0.6365006515625 0.9511622531249999 0.65243649375 0.853126815625 0.437395553125 0.8404632734374999 0.4214597109375 0.9384987109375 0.6365006515625 0.9511622531249999
2 0.6456327453124999 0.9574655015625 0.686323296875 0.7071420046875 0.1204260796875 0.67381689375 0.07973553125 0.924140390625 0.6456327453124999 0.9574655015625
0 0 0.9136793765625001 0.0718609859375 0.917911196875 0.1492194453125 0.4420110140625 0.0410702 0.435642215625 0 0.6883012765625 0 0.9136793765625001
9 0.40689059375000003 0.286142759375 0.42205285156250005 0.19286632343750001 0.20575435937500003 0.180128725 0.1905921015625 0.2734051609375 0.40689059375000003 0.286142759375
9 0.639668334375 0.2287433546875 0.665660778125 0.0688408921875 0.5449360375000001 0.061731535937500005 0.5189435953125 0.22163399843749998 0.639668334375 0.2287433546875
1 0.9157179187500001 0.3737617734375 0.962442428125 0.0863180625 0.6769787218750001 0.0695073953125 0.6302542109375 0.35695110625000004 0.9157179187500001 0.3737617734375
4 0.6552372515625 0.8421451765624999 0.6761240359375 0.7136521265625 0.5403087046875 0.7056541000000001 0.5194219203125 0.8341471500000001 0.6552372515625 0.8421451765624999
5 0.805001721875 0.469098428125 0.8200092625 0.376773790625 0.6263466609375 0.365369196875 0.61133911875 0.45769383281250003 0.805001721875 0.469098428125
6 0.4903049453125 0.4524880765625 0.5142860687499999 0.30495901875000003 0.1898383296875 0.2858526234375 0.1658572078125 0.43338167812500006 0.4903049453125 0.4524880765625
7 0.8581235968750001 0.7124545921875 0.8949462234375 0.48592610468749997 0.576534721875 0.46717517500000005 0.5397120953125001 0.6937036625 0.8581235968750001 0.7124545921875