2 0.25277486875 0.7365517234375 0.2559162296875 0.5055172406249999 0.192041884375 0.5066666671875 0.192041884375 0.41241379375 0.050680628125 0.41241379375 0.0496335078125 0.7365517234375 0.25277486875 0.7365517234375
1 0.533403140625 0.1871264375 0.3690052359375 0.1871264375 0.3690052359375 0.404367815625 0.533403140625 0.404367815625 0.533403140625 0.1871264375
6 0.1868062828125 0.15724137968750002 0.0538219890625 0.15724137968750002 0.0538219890625 0.3239080453125 0.1868062828125 0.3239080453125 0.1868062828125 0.15724137968750002
5 0.28439790625 0.74528735625 0.2027225125 0.74528735625 0.2027225125 0.9177011500000001 0.28439790625 0.9177011500000001 0.28439790625 0.74528735625
7 0.48963350781250004 0.5165517234375 0.2582198953125 0.5165517234375 0.2582198953125 0.7314942531249999 0.48963350781250004 0.7314942531249999 0.48963350781250004 0.5165517234375
10 0.1438743453125 0.3239080453125 0.0517277484375 0.3239080453125 0.0517277484375 0.404367815625 0.1438743453125 0.404367815625 0.1438743453125 0.3239080453125
9 0.4885863875 0.4119540234375 0.3660732984375 0.4119540234375 0.3660732984375 0.5039080453125 0.4885863875 0.5039080453125 0.4885863875 0.4119540234375
0 0.1951832453125 0.14804597656250001 0.1930890046875 0.238850575 0.35853403125 0.23770115 0.3616753921875 0.075632184375 0.0517277484375 0.074482759375 0.05277486875 0.1468965515625 0.1951832453125 0.14804597656250001
0 0.5639790578125 0.5154022984375 0.49696335156250004 0.5154022984375 0.49696335156250004 0.64528735625 0.5639790578125 0.64528735625 0.5639790578125 0.5154022984375
9 0.1880628265625 0.418850575 0.056125654687500005 0.418850575 0.056125654687500005 0.5085057468749999 0.1880628265625 0.5085057468749999 0.1880628265625 0.418850575
3 0.3233298421875 0.2797586203125 0.2293507859375 0.2797586203125 0.2293507859375 0.4231264375 0.3233298421875 0.4231264375 0.3233298421875 0.2797586203125