2 0.0170517734375 0.43011655312499997 0.018871248437499998 0.47476967343750004 0.046844290625 0.785686125 0.2690516703125 0.771424659375 0.2488787421875 0.517918603125 0.179126871875 0.5236630046874999 0.1694952890625 0.4203325953125 0.0170517734375 0.43011655312499997
1 0.36224548749999996 0.3990880546875 0.5420731078125 0.387546559375 0.5198734859374999 0.14938256562500002 0.34004586406250004 0.1609240625 0.36224548749999996 0.3990880546875
6 0.0130848359375 0.332760909375 0.154724003125 0.3236703828125 0.13769254687500002 0.14095197343750002 0.0056146265625 0.14942885156250002 0.0130848359375 0.332760909375
5 0.23281303593749997 0.9735345750000001 0.322154146875 0.9678005828125 0.3045353984375 0.7787815390625 0.2151942859375 0.7845155312500001 0.23281303593749997 0.9735345750000001
7 0.2744909265625 0.7654978328125 0.5276240765625 0.749251521875 0.5056593687500001 0.5136077828125 0.2525262203125 0.5298540921875 0.2744909265625 0.7654978328125
10 0.0166911421875 0.42126604062500006 0.11598473281249999 0.4148932890625 0.10776265 0.32668440468750004 0.0130848359375 0.332760909375 0.0166911421875 0.42126604062500006
9 0.3692102625 0.5084208859375 0.5032219296875 0.49981989843749997 0.49382526406249994 0.39900974375 0.3598135953125 0.40761072968749995 0.3692102625 0.5084208859375
0 0.320634615625 0.039206334375 0.001908384375 0.05847116249999999 0.005155959375 0.13817234375 0.145916071875 0.1302828546875 0.15290448125 0.22997991093749998 0.3337600421875 0.2171047734375 0.320634615625 0.039206334375
0 0.52683249375 0.6542274140625 0.600138021875 0.6495226 0.58686523125 0.507128253125 0.513559703125 0.5118330671875 0.52683249375 0.6542274140625
9 0.030642032812499997 0.535221159375 0.1749622890625 0.52595855625 0.165800540625 0.42766865468750004 0.021480284375 0.43693125625 0.030642032812499997 0.535221159375
3 0.21140056093749998 0.42945771875 0.314200109375 0.42285995156249995 0.2995495328125 0.26568431718749996 0.19674998593749998 0.2722820828125 0.21140056093749998 0.42945771875