2 0.8305047109375 0.4203325953125 0.8208731281249999 0.5236630046874999 0.7511212578124999 0.517918603125 0.7309483296875 0.771424659375 0.9531557093749999 0.785686125 0.9811287515625 0.47476967343750004 0.9829482265625 0.43011655312499997 0.8305047109375 0.4203325953125
1 0.6599541359375001 0.1609240625 0.48012651406250006 0.14938256562500002 0.45792689218750005 0.387546559375 0.6377545125 0.3990880546875 0.6599541359375001 0.1609240625
6 0.9943853734375001 0.14942885156250002 0.8623074531249999 0.14095197343750002 0.845275996875 0.3236703828125 0.9869151640625 0.332760909375 0.9943853734375001 0.14942885156250002
5 0.7848057140625 0.7845155312500001 0.6954646015625 0.7787815390625 0.677845853125 0.9678005828125 0.7671869640625 0.9735345750000001 0.7848057140625 0.7845155312500001
7 0.7474737796875 0.5298540921875 0.49434063124999994 0.5136077828125 0.47237592343749996 0.749251521875 0.7255090734375 0.7654978328125 0.7474737796875 0.5298540921875
10 0.9869151640625 0.332760909375 0.89223735 0.32668440468750004 0.8840152671875 0.4148932890625 0.9833088578125 0.42126604062500006 0.9869151640625 0.332760909375
9 0.6401864046875 0.40761072968749995 0.5061747359375001 0.39900974375 0.49677807031250004 0.49981989843749997 0.6307897375 0.5084208859375 0.6401864046875 0.40761072968749995
0 0.6662399578125 0.2171047734375 0.84709551875 0.22997991093749998 0.8540839281249999 0.1302828546875 0.9948440406250001 0.13817234375 0.998091615625 0.05847116249999999 0.6793653843749999 0.039206334375 0.6662399578125 0.2171047734375
0 0.486440296875 0.5118330671875 0.41313476875 0.507128253125 0.399861978125 0.6495226 0.47316750625 0.6542274140625 0.486440296875 0.5118330671875
9 0.978519715625 0.43693125625 0.834199459375 0.42766865468750004 0.8250377109375 0.52595855625 0.9693579671875 0.535221159375 0.978519715625 0.43693125625
3 0.8032500140625001 0.2722820828125 0.7004504671875 0.26568431718749996 0.685799890625 0.42285995156249995 0.7885994390625 0.42945771875 0.8032500140625001 0.2722820828125