2 0.45516675624999997 0.9878606031249999 0.47062905468749994 0.9882204921875 0.7982239859375 0.9452010468750001 0.7692659578125001 0.7300803499999999 0.524630396875 0.7596245734375 0.534950621875 0.8271020796874999 0.43533173593749996 0.840512071875 0.45516675624999997 0.9878606031249999
1 0.40160136093750004 0.654257871875 0.3781662546875 0.4801653484375 0.148556871875 0.5110737421875 0.171991978125 0.685166265625 0.40160136093750004 0.654257871875
6 0.35962776875 0.9856369078125 0.342533515625 0.8586487296875 0.16637816875 0.88236151875 0.179716684375 0.9814494312500001 0.35962776875 0.9856369078125
5 0.967863615625 0.7573109687499999 0.9562206953124999 0.67081914375 0.773991028125 0.6953496140625 0.7856339453125 0.7818414406249999 0.967863615625 0.7573109687499999
7 0.763144359375 0.7250337890624999 0.7301560890625 0.47997361562499996 0.5029764359375 0.5105549375 0.5359647062499999 0.7556151109375 0.763144359375 0.7250337890624999
10 0.4464813921875 0.9876584484375 0.43369402187499995 0.8926648281249999 0.3486535109375 0.9041123796875 0.35962776875 0.9856369078125 0.4464813921875 0.9876584484375
9 0.5072265734375 0.643200446875 0.48976219531250004 0.5134627078125 0.3925730390625 0.5265456265624999 0.4100374171875 0.6562833640625 0.5072265734375 0.643200446875
0 0.05519500468750001 0.7087913890624999 0.090599934375 0.979375215625 0.16891609999999999 0.9811980453125001 0.1554651078125 0.8747988515625 0.2517379359375 0.8640972109374999 0.226938696875 0.68905935625 0.05519500468750001 0.7087913890624999
0 0.6379963765625 0.484476765625 0.6284432140625 0.4135091109375 0.4911635296875 0.43198873281249994 0.50071669375 0.5029563859375 0.6379963765625 0.484476765625
9 0.5562694171875 0.9707716921875 0.5374616234375 0.8310541265625 0.442702196875 0.843809971875 0.4615099890625 0.9835275375 0.5562694171875 0.9707716921875
3 0.44133584687500005 0.7994788890625 0.42793902812500006 0.6999578468750001 0.276408984375 0.72035575 0.2898058046875 0.81987679375 0.44133584687500005 0.7994788890625