2 0.5646682640625 0.840512071875 0.46504937812499997 0.8271020796874999 0.475369603125 0.7596245734375 0.23073404218750002 0.7300803499999999 0.2017760140625 0.9452010468750001 0.5293709453125001 0.9882204921875 0.5448332437500001 0.9878606031249999 0.5646682640625 0.840512071875
1 0.8280080218749999 0.685166265625 0.8514431281249999 0.5110737421875 0.6218337453125 0.4801653484375 0.5983986390625 0.654257871875 0.8280080218749999 0.685166265625
6 0.820283315625 0.9814494312500001 0.83362183125 0.88236151875 0.657466484375 0.8586487296875 0.64037223125 0.9856369078125 0.820283315625 0.9814494312500001
5 0.2143660546875 0.7818414406249999 0.22600897187500002 0.6953496140625 0.0437793046875 0.67081914375 0.032136384375 0.7573109687499999 0.2143660546875 0.7818414406249999
7 0.46403529375 0.7556151109375 0.4970235640625 0.5105549375 0.26984391093750004 0.47997361562499996 0.23685564062500003 0.7250337890624999 0.46403529375 0.7556151109375
10 0.64037223125 0.9856369078125 0.6513464890625 0.9041123796875 0.566305978125 0.8926648281249999 0.5535186078125001 0.9876584484375 0.64037223125 0.9856369078125
9 0.5899625828125 0.6562833640625 0.6074269609375 0.5265456265624999 0.5102378046875 0.5134627078125 0.4927734265625 0.643200446875 0.5899625828125 0.6562833640625
0 0.773061303125 0.68905935625 0.7482620640625 0.8640972109374999 0.8445348921875 0.8747988515625 0.8310839 0.9811980453125001 0.909400065625 0.979375215625 0.9448049953125001 0.7087913890624999 0.773061303125 0.68905935625
0 0.49928330625 0.5029563859375 0.5088364703125 0.43198873281249994 0.3715567859375 0.4135091109375 0.36200362343750003 0.484476765625 0.49928330625 0.5029563859375
9 0.5384900109374999 0.9835275375 0.557297803125 0.843809971875 0.4625383765625 0.8310541265625 0.4437305828125 0.9707716921875 0.5384900109374999 0.9835275375
3 0.7101941953125 0.81987679375 0.7235910156250001 0.72035575 0.5720609718749999 0.6999578468750001 0.558664153125 0.7994788890625 0.7101941953125 0.81987679375