7 0.8134946234375 0.6269 0.572365590625 0.6269 0.572365590625 0.82575 0.8134946234375 0.82575 0.8134946234375 0.6269
3 0.49620071718750003 0.7008333328125 0.371702509375 0.7008333328125 0.371702509375 0.8147333328125 0.49620071718750003 0.8147333328125 0.49620071718750003 0.7008333328125
6 0.48967741875000004 0.3464333328125 0.32275985625 0.3464333328125 0.32275985625 0.6176999999999999 0.48967741875000004 0.6176999999999999 0.48967741875000004 0.3464333328125
0 0.347544803125 0.8360833328125 0.21777777812500002 0.8360833328125 0.21777777812500002 0.9177 0.347544803125 0.9177 0.347544803125 0.8360833328125
1 0.8134946234375 0.0958666671875 0.5860752687499999 0.0958666671875 0.5860752687499999 0.31195 0.8134946234375 0.31195 0.8134946234375 0.0958666671875
9 0.7455197124999999 0.3223 0.584838709375 0.3223 0.584838709375 0.41655 0.7455197124999999 0.41655 0.7455197124999999 0.3223
5 0.5774372765625 0.13495 0.38462365625 0.13495 0.38462365625 0.2452833328125 0.5774372765625 0.2452833328125 0.5774372765625 0.13495
2 0.8122580640624999 0.61885 0.8147311828125 0.42345 0.751702509375 0.42115 0.751702509375 0.31655 0.578673834375 0.3154 0.57991039375 0.62 0.8122580640624999 0.61885
9 0.48596774218750005 0.2533333328125 0.322831540625 0.2533333328125 0.322831540625 0.3383833328125 0.48596774218750005 0.3383833328125 0.48596774218750005 0.2533333328125
2 0.3401254484375 0.8314999999999999 0.343835125 0.62115 0.31417562656250003 0.62115 0.31417562656250003 0.41655 0.089229390625 0.4154 0.09170250937499999 0.8314999999999999 0.3401254484375 0.8314999999999999
9 0.311702509375 0.42115 0.0954121859375 0.42115 0.0954121859375 0.52575 0.311702509375 0.52575 0.311702509375 0.42115
0 0.5255197125 0.8360833328125 0.5292293906250001 0.9131 0.880232975 0.9154 0.9037275984375001 0.8924166671875 0.9061827953125 0.6372333328125 0.8938351250000001 0.6223 0.820913978125 0.62345 0.8196774187500001 0.8360833328125 0.5255197125 0.8360833328125