7 0.585105046875 0.30633671875 0.8416359640625 0.2595629609375 0.803143978125 0.048453465625 0.5466130625 0.0952272234375 0.585105046875 0.30633671875
3 0.357313309375 0.26676949687499996 0.4897637203125 0.24261956875 0.467715759375 0.1216974078125 0.3352653484375 0.1458473375 0.357313309375 0.26676949687499996
6 0.373846753125 0.6525127609375 0.5514260140625 0.6201344062499999 0.4989161203125 0.3321436140625 0.321336859375 0.36452196875 0.373846753125 0.6525127609375
0 0.1673760390625 0.15303909843750002 0.3054318078125 0.127867134375 0.289633028125 0.0412186390625 0.1515772578125 0.066390603125 0.1673760390625 0.15303909843750002
1 0.7024841171875 0.867449928125 0.944429665625 0.8233355484375 0.9026017718749999 0.59393025 0.660656225 0.63804463125 0.7024841171875 0.867449928125
9 0.657337203125 0.6272963984375 0.82828155 0.5961277984375 0.8100372984374999 0.4960671 0.63909295 0.5272356984375001 0.657337203125 0.6272963984375
5 0.48059950156250003 0.8650342375 0.6857289062499999 0.8276326140625001 0.6643713546875001 0.7104970109375001 0.45924195 0.7478986359375 0.48059950156250003 0.8650342375
2 0.835972309375 0.6010329703124999 0.815724578125 0.4899841734375 0.882333928125 0.4753161890625 0.841878684375 0.26834912499999997 0.5944674203125 0.3121985890625 0.65211420625 0.635817646875 0.835972309375 0.6010329703124999
9 0.391944659375 0.7513386546875 0.5655010296875 0.7196938 0.5490376484375 0.6294003 0.375481278125 0.6610451546875 0.391944659375 0.7513386546875
2 0.351141525 0.5797384171875 0.31153649375 0.3625244234375 0.3430904609375 0.3567711296875 0.29842575781249997 0.13417223125 0.034135043749999996 0.1823608484375 0.11204967187499999 0.624593965625 0.351141525 0.5797384171875
9 0.11751434218750001 0.6172901390625001 0.34762 0.5753345484375 0.32737226875 0.464285753125 0.09726660937500001 0.5062413453125 0.11751434218750001 0.6172901390625001
0 0.5412408796875 0 0.48381297968750003 0.0108594015625 0.49477469375 0.09334389531250001 0.8077214406250001 0.036283734375 0.85019705 0.26178646875 0.9279985749999999 0.248862259375 0.9382442515625 0.23061307968750003 0.8938947328125 0 0.5412408796875 0