7 0.45338693750000003 0.0952272234375 0.196856021875 0.048453465625 0.15836403593749998 0.2595629609375 0.414894953125 0.30633671875 0.45338693750000003 0.0952272234375
3 0.6647346515625 0.1458473375 0.532284240625 0.1216974078125 0.5102362796875 0.24261956875 0.642686690625 0.26676949687499996 0.6647346515625 0.1458473375
6 0.678663140625 0.36452196875 0.5010838796875 0.3321436140625 0.44857398593750003 0.6201344062499999 0.626153246875 0.6525127609375 0.678663140625 0.36452196875
0 0.8484227421874999 0.066390603125 0.710366971875 0.0412186390625 0.6945681921875 0.127867134375 0.8326239609374999 0.15303909843750002 0.8484227421874999 0.066390603125
1 0.339343775 0.63804463125 0.097398228125 0.59393025 0.055570334374999995 0.8233355484375 0.2975158828125 0.867449928125 0.339343775 0.63804463125
9 0.36090705 0.5272356984375001 0.1899627015625 0.4960671 0.17171845 0.5961277984375 0.342662796875 0.6272963984375 0.36090705 0.5272356984375001
5 0.54075805 0.7478986359375 0.33562864531250003 0.7104970109375001 0.31427109375 0.8276326140625001 0.5194004984375 0.8650342375 0.54075805 0.7478986359375
2 0.34788579375 0.635817646875 0.40553257968749995 0.3121985890625 0.158121315625 0.26834912499999997 0.117666071875 0.4753161890625 0.18427542187499998 0.4899841734375 0.164027690625 0.6010329703124999 0.34788579375 0.635817646875
9 0.624518721875 0.6610451546875 0.4509623515625 0.6294003 0.4344989703125 0.7196938 0.608055340625 0.7513386546875 0.624518721875 0.6610451546875
2 0.8879503281250001 0.624593965625 0.9658649562500001 0.1823608484375 0.7015742421875 0.13417223125 0.6569095390624999 0.3567711296875 0.68846350625 0.3625244234375 0.648858475 0.5797384171875 0.8879503281250001 0.624593965625
9 0.902733390625 0.5062413453125 0.67262773125 0.464285753125 0.65238 0.5753345484375 0.8824856578125001 0.6172901390625001 0.902733390625 0.5062413453125
0 0.10610526718749999 0 0.0617557484375 0.23061307968750003 0.072001425 0.248862259375 0.14980295 0.26178646875 0.192278559375 0.036283734375 0.5052253062500001 0.09334389531250001 0.5161870203125 0.0108594015625 0.4587591203125 0 0.10610526718749999 0