7 0.4367450078125 0.8291788046875 0.3871310484375 0.564681290625 0.169989684375 0.600516028125 0.2196036421875 0.8650135421874999 0.4367450078125 0.8291788046875
3 0.290725453125 0.4944585859375 0.265109090625 0.3578949125 0.14073191406250002 0.37842081875 0.166348278125 0.5149844921875 0.290725453125 0.4944585859375
6 0.676382990625 0.42343671250000003 0.6420385515625 0.24034270625 0.3458192203125 0.2892276421875 0.3801636578125 0.4723216484375 0.676382990625 0.42343671250000003
0 0.08574694375 0.2134262953125 0.0026430234375 0.227140896875 0.00305350625 0.2624177296875 0.0233231671875 0.37047753437500003 0.1124474046875 0.355769403125 0.08574694375 0.2134262953125
1 1 0.644847146875 0.9698327421874999 0.484022153125 0.733872821875 0.5229625062500001 0.7806659203125 0.7724216984375001 1 0.7362251 1 0.644847146875
9 0.7553775625 0.699724325 0.7223163390625 0.5234712796875 0.6193966828125 0.5404560609375 0.65245790625 0.7167091078125 0.7553775625 0.699724325
5 0.925376971875 0.48159023124999994 0.8857042406250001 0.270090509375 0.7652218140625 0.2899736671875 0.80489454375 0.5014733890625 0.925376971875 0.48159023124999994
2 0.44528106406249995 0.8263717187499999 0.6591639406249999 0.7938715015625 0.6487069234375 0.7243200625 0.7629286328125 0.7054701062500001 0.7285825734375 0.515465503125 0.3962181453125 0.5717138328125 0.44528106406249995 0.8263717187499999
9 0.7772835734375 0.40258997812499997 0.743717175 0.22364379687499997 0.6508437875 0.2389706484375 0.6844101859375 0.4179168296875 0.7772835734375 0.40258997812499997
2 0.0648110234375 0.0743067625 0.11592575624999998 0.34680505625 0.34638825 0.31296709843750004 0.3402856015625 0.280433215625 0.5637058890625 0.2435622703125 0.520399915625 0.0060554015625 0.467116715625 0.0054353953125 0.0648110234375 0.0743067625
9 0.558173890625 0.24167844375 0.5139621 0.0059804906249999994 0.5048954828125 0.005874990625 0.3994489578125 0.0232767828125 0.44395218124999997 0.26052839843750003 0.558173890625 0.24167844375
0 0.4445323859375 0.9327118125 0.4582987546875 0.9164763609375 0.44203894374999997 0.836695465625 0.20959194375 0.8736576984375001 0.14906696875 0.5509923546875 0.06572915781250001 0.5689407125 0.135438996875 0.954375509375 0.1653706484375 0.9760052375000001 0.4445323859375 0.9327118125