7 0.7803963578124999 0.8650135421874999 0.8300103156249999 0.600516028125 0.6128689515625 0.564681290625 0.5632549921875001 0.8291788046875 0.7803963578124999 0.8650135421874999
3 0.833651721875 0.5149844921875 0.8592680859374999 0.37842081875 0.734890909375 0.3578949125 0.7092745468749999 0.4944585859375 0.833651721875 0.5149844921875
6 0.6198363421875001 0.4723216484375 0.6541807796875 0.2892276421875 0.3579614484375 0.24034270625 0.32361700937500004 0.42343671250000003 0.6198363421875001 0.4723216484375
0 0.8875525953125001 0.355769403125 0.9766768328125 0.37047753437500003 0.99694649375 0.2624177296875 0.9973569765624999 0.227140896875 0.91425305625 0.2134262953125 0.8875525953125001 0.355769403125
1 0 0.7362251 0.2193340796875 0.7724216984375001 0.266127178125 0.5229625062500001 0.030167257812499997 0.484022153125 0 0.644847146875 0 0.7362251
9 0.34754209375 0.7167091078125 0.38060331718749996 0.5404560609375 0.2776836609375 0.5234712796875 0.24462243749999998 0.699724325 0.34754209375 0.7167091078125
5 0.19510545625 0.5014733890625 0.2347781859375 0.2899736671875 0.114295759375 0.270090509375 0.074623028125 0.48159023124999994 0.19510545625 0.5014733890625
2 0.6037818546875 0.5717138328125 0.2714174265625 0.515465503125 0.2370713671875 0.7054701062500001 0.35129307656250003 0.7243200625 0.340836059375 0.7938715015625 0.5547189359375 0.8263717187499999 0.6037818546875 0.5717138328125
9 0.31558981406250003 0.4179168296875 0.3491562125 0.2389706484375 0.256282825 0.22364379687499997 0.2227164265625 0.40258997812499997 0.31558981406250003 0.4179168296875
2 0.532883284375 0.0054353953125 0.479600084375 0.0060554015625 0.4362941109375 0.2435622703125 0.6597143984375 0.280433215625 0.6536117499999999 0.31296709843750004 0.88407424375 0.34680505625 0.9351889765625 0.0743067625 0.532883284375 0.0054353953125
9 0.55604781875 0.26052839843750003 0.6005510421875 0.0232767828125 0.49510451718750004 0.005874990625 0.4860379 0.0059804906249999994 0.441826109375 0.24167844375 0.55604781875 0.26052839843750003
0 0.8346293515625 0.9760052375000001 0.864561003125 0.954375509375 0.9342708421875001 0.5689407125 0.85093303125 0.5509923546875 0.79040805625 0.8736576984375001 0.55796105625 0.836695465625 0.5417012453125001 0.9164763609375 0.5554676140625 0.9327118125 0.8346293515625 0.9760052375000001