0 0.9593666671875001 0.041820040625 0.8503166671875 0.041820040625 0.8503166671875 0.2859509203125 0.9593666671875001 0.2859509203125 0.9593666671875001 0.041820040625
10 0.9582333328124999 0.2859509203125 0.8503166671875 0.2859509203125 0.8503166671875 0.6045807765625 0.9582333328124999 0.6045807765625 0.9582333328124999 0.2859509203125
6 0.8356999999999999 0.0404294484375 0.6231333328125 0.0404294484375 0.6231333328125 0.31629856875 0.8356999999999999 0.31629856875 0.8356999999999999 0.0404294484375
2 0.34445000000000003 0.9783640078125 0.34558333281250003 0.8776891609374999 0.48496666718750003 0.8804294484374999 0.48496666718750003 0.6128425359375 0.017333332812499998 0.6128425359375 0.01845 0.975603271875 0.34445000000000003 0.9783640078125
9 0.47935 0.62112474375 0.3568166671875 0.62112474375 0.3568166671875 0.8707770968749999 0.47935 0.8707770968749999 0.47935 0.62112474375
9 0.6153666671875 0.723190184375 0.4906 0.723190184375 0.4906 0.9797546015625 0.6153666671875 0.9797546015625 0.6153666671875 0.723190184375
5 0.47485 0.0225153375 0.38043333281249997 0.0225153375 0.38043333281249997 0.134233128125 0.47485 0.134233128125 0.47485 0.0225153375
3 0.8179666671874999 0.37353783281249997 0.6 0.37353783281249997 0.6 0.565030675 0.8179666671874999 0.565030675 0.8179666671874999 0.37353783281249997
7 0.6153666671875 0.0404294484375 0.3129833328125 0.0404294484375 0.3129833328125 0.3797546015625 0.6153666671875 0.3797546015625 0.6153666671875 0.0404294484375
2 0.61875 0.71629856875 0.48834999999999995 0.71629856875 0.4861 0.9866462171875 0.9785 0.9852760734375 0.9785 0.614314928125 0.6176166671875001 0.6114723921875 0.61875 0.71629856875
9 0.22080000000000002 0.4528425359375 0.01845 0.4528425359375 0.01845 0.60871165625 0.22080000000000002 0.60871165625 0.22080000000000002 0.4528425359375
1 0.3017333328125 0.041820040625 0.017333332812499998 0.041820040625 0.017333332812499998 0.443190184375 0.3017333328125 0.443190184375 0.3017333328125 0.041820040625