0 0.0207865953125 0.893076875 0.23649355156250002 0.9220428125 0.2498703421875 0.8078769375 0.0180790828125 0.7767511375 0.0207865953125 0.893076875
10 0.2498703421875 0.8078769375 0.23663257343750002 0.9208563125 0.5716940078125 0.9658496156249999 0.584931775 0.8528702406249999 0.2498703421875 0.8078769375
6 0.019555257812499997 0.535365959375 0.013636514062499999 0.5858802140625 0.017716178125000002 0.7611592578125 0.28357597968750003 0.7968599078125 0.309650803125 0.5743210765625 0.019555257812499997 0.535365959375
2 1 0.059334529687500005 0.691587246875 0.0179197109375 0.6384358203125 0.4715471640625 0.91982205 0.5093327624999999 0.934038125 0.3630235703125 1 0.37113126093750004 1 0.059334529687500005
9 0.6628648593750001 0.33855476875 0.647834115625 0.4668365234375 0.9103609078125 0.5020896046875001 0.9253916515625 0.37380785 0.6628648593750001 0.33855476875
9 1 0.5260897609375 0.7537830171875 0.49302682343750004 0.73847831875 0.6236466828125 0.9973063390625001 0.6584030796875 1 0.6354136953125 1 0.5260897609375
5 0.1479675234375 0.294526040625 0.032617446875 0.27903639999999996 0.021035678125000002 0.377882446875 0.136385753125 0.3933720875 0.1479675234375 0.294526040625
3 0.372679553125 0.5581851671875 0.3459423296875 0.78637733125 0.5473103578125 0.8134177843750001 0.57404758125 0.5852256203125 0.372679553125 0.5581851671875
7 0.05760029531250001 0.21066585624999998 0.0205079671875 0.5272349359375 0.3773319421875 0.5751505953125 0.4144242703125 0.2585815171875 0.05760029531250001 0.21066585624999998
2 1 0.521568346875 0.7468120046875 0.4896981125 0.7308162828125 0.6262155843749999 0.6207232984375 0.610226715625 0.5794441015625 0.9884416015624999 0.6388488812500001 0.9964186968750001 0.9579186265624999 0.9945624046875 1 0.635413690625 1 0.521568346875
9 0.5227885171875 0 0.5025891234375 0.1723942265625 0.666496334375 0.1944043 0.6872433421874999 0.01733639375 0.5581406484375 0 0.5227885171875 0
1 0.0837692796875 0 0.0604426 0.199084446875 0.48251119062500003 0.2557613984375 0.5124786953125 0 0.0837692796875 0