0 0.0406333328125 0.2859509203125 0.1496833328125 0.2859509203125 0.1496833328125 0.041820040625 0.0406333328125 0.041820040625 0.0406333328125 0.2859509203125
10 0.0417666671875 0.6045807765625 0.1496833328125 0.6045807765625 0.1496833328125 0.2859509203125 0.0417666671875 0.2859509203125 0.0417666671875 0.6045807765625
6 0.1643 0.31629856875 0.3768666671875 0.31629856875 0.3768666671875 0.0404294484375 0.1643 0.0404294484375 0.1643 0.31629856875
2 0.98155 0.975603271875 0.9826666671875 0.6128425359375 0.5150333328125 0.6128425359375 0.5150333328125 0.8804294484374999 0.6544166671875 0.8776891609374999 0.6555500000000001 0.9783640078125 0.98155 0.975603271875
9 0.5206500000000001 0.8707770968749999 0.6431833328125001 0.8707770968749999 0.6431833328125001 0.62112474375 0.5206500000000001 0.62112474375 0.5206500000000001 0.8707770968749999
9 0.3846333328125 0.9797546015625 0.5094000000000001 0.9797546015625 0.5094000000000001 0.723190184375 0.3846333328125 0.723190184375 0.3846333328125 0.9797546015625
5 0.52515 0.134233128125 0.6195666671875 0.134233128125 0.6195666671875 0.0225153375 0.52515 0.0225153375 0.52515 0.134233128125
3 0.1820333328125 0.565030675 0.4 0.565030675 0.4 0.37353783281249997 0.1820333328125 0.37353783281249997 0.1820333328125 0.565030675
7 0.3846333328125 0.3797546015625 0.6870166671875 0.3797546015625 0.6870166671875 0.0404294484375 0.3846333328125 0.0404294484375 0.3846333328125 0.3797546015625
2 0.38238333281250003 0.6114723921875 0.0215 0.614314928125 0.0215 0.9852760734375 0.5139 0.9866462171875 0.51165 0.71629856875 0.38125 0.71629856875 0.38238333281250003 0.6114723921875
9 0.7792 0.60871165625 0.98155 0.60871165625 0.98155 0.4528425359375 0.7792 0.4528425359375 0.7792 0.60871165625
1 0.6982666671875 0.443190184375 0.9826666671875 0.443190184375 0.9826666671875 0.041820040625 0.6982666671875 0.041820040625 0.6982666671875 0.443190184375