0 0.9819209171875001 0.7767511375 0.7501296578125001 0.8078769375 0.7635064484375 0.9220428125 0.9792134046875001 0.893076875 0.9819209171875001 0.7767511375
10 0.415068225 0.8528702406249999 0.4283059921875 0.9658496156249999 0.7633674265625 0.9208563125 0.7501296578125001 0.8078769375 0.415068225 0.8528702406249999
6 0.690349196875 0.5743210765625 0.7164240203125 0.7968599078125 0.9822838218750001 0.7611592578125 0.9863634859375001 0.5858802140625 0.9804447421875 0.535365959375 0.690349196875 0.5743210765625
2 0 0.37113126093750004 0.065961875 0.3630235703125 0.08017795 0.5093327624999999 0.3615641796875 0.4715471640625 0.308412753125 0.0179197109375 0 0.059334529687500005 0 0.37113126093750004
9 0.0746083484375 0.37380785 0.0896390921875 0.5020896046875001 0.352165884375 0.4668365234375 0.337135140625 0.33855476875 0.0746083484375 0.37380785
9 0 0.6354136953125 0.0026936609375 0.6584030796875 0.26152168124999997 0.6236466828125 0.24621698281249998 0.49302682343750004 0 0.5260897609375 0 0.6354136953125
5 0.863614246875 0.3933720875 0.9789643218749999 0.377882446875 0.967382553125 0.27903639999999996 0.8520324765625 0.294526040625 0.863614246875 0.3933720875
3 0.42595241875 0.5852256203125 0.45268964218749996 0.8134177843750001 0.6540576703125 0.78637733125 0.627320446875 0.5581851671875 0.42595241875 0.5852256203125
7 0.5855757296874999 0.2585815171875 0.6226680578125 0.5751505953125 0.9794920328125001 0.5272349359375 0.9423997046875 0.21066585624999998 0.5855757296874999 0.2585815171875
2 0 0.635413690625 0.0420813734375 0.9945624046875 0.36115111875 0.9964186968750001 0.4205558984375 0.9884416015624999 0.3792767015625 0.610226715625 0.2691837171875 0.6262155843749999 0.25318799531249997 0.4896981125 0 0.521568346875 0 0.635413690625
9 0.4418593515625 0 0.3127566578125 0.01733639375 0.333503665625 0.1944043 0.4974108765625 0.1723942265625 0.4772114828125 0 0.4418593515625 0
1 0.48752130468750005 0 0.517488809375 0.2557613984375 0.9395574 0.199084446875 0.9162307203125 0 0.48752130468750005 0