9 0.7064884140625 0.8853448281249999 0.8179857390624999 0.8853448281249999 0.8179857390624999 0.7945402296874999 0.7064884140625 0.7945402296874999 0.7064884140625 0.8853448281249999
5 0.493048128125 0.78586206875 0.6081105171875001 0.78586206875 0.6081105171875001 0.6927586203125 0.493048128125 0.6927586203125 0.493048128125 0.78586206875
7 0.719429590625 0.78586206875 0.876292334375 0.78586206875 0.876292334375 0.5893103453124999 0.719429590625 0.5893103453124999 0.719429590625 0.78586206875
6 0.4921568625 0.68241379375 0.5991978609374999 0.68241379375 0.5991978609374999 0.49390804531250004 0.4921568625 0.49390804531250004 0.4921568625 0.68241379375
9 0.7648841359375 0.5778160921875 0.8763814609375 0.5778160921875 0.8763814609375 0.48701149375 0.7648841359375 0.48701149375 0.7648841359375 0.5778160921875
2 0.521568628125 0.7904597703125 0.52245989375 0.9904597703125001 0.705169340625 0.9916091953124999 0.705169340625 0.8904597703125001 0.821925134375 0.8893103453125001 0.8228164 0.7881609203125 0.521568628125 0.7904597703125
0 0.8878787875 0.78471264375 0.9467023171875001 0.78471264375 0.9467023171875001 0.5870114937500001 0.8878787875 0.5870114937500001 0.8878787875 0.78471264375
1 0.7657754015625 0.4778160921875 0.9288770046874999 0.4778160921875 0.9288770046874999 0.28471264375 0.7657754015625 0.28471264375 0.7657754015625 0.4778160921875
3 0.6188235296875 0.6552643671875 0.7113279859375 0.6552643671875 0.7113279859375 0.5078965515625 0.6188235296875 0.5078965515625 0.6188235296875 0.6552643671875
9 0.63253119375 0.48304597656250003 0.70390374375 0.48304597656250003 0.70390374375 0.3416091953125 0.63253119375 0.3416091953125 0.63253119375 0.48304597656250003
2 0.58573975 0.1054022984375 0.5848484843749999 0.33528735625 0.6285204984375 0.33643678125 0.6294117640625 0.48816092031249997 0.708734403125 0.48701149375 0.708734403125 0.41229885 0.7595365421875 0.41229885 0.7595365421875 0.1054022984375 0.58573975 0.1054022984375
10 0.44491978593750003 0.4812643671875 0.577718359375 0.4812643671875 0.577718359375 0.395057471875 0.44491978593750003 0.395057471875 0.44491978593750003 0.4812643671875
9 0.38163992812499997 0.5433333328125001 0.43609625625000004 0.5433333328125001 0.43609625625000004 0.45367816093749996 0.38163992812499997 0.45367816093749996 0.38163992812499997 0.5433333328125001