9 0.15177641875 0.9549841234375 0.2745064578125 0.9428210265624999 0.26632863281249997 0.8427609593750001 0.14359859375 0.8549240546875 0.15177641875 0.9549841234375
5 0.373835984375 0.8224663421875 0.5004902453125 0.8099143375000001 0.49210538593750003 0.707321103125 0.3654511265625 0.7198731078125 0.373835984375 0.8224663421875
7 0.0786363921875 0.8517219421875 0.2513021546875 0.8346099921875 0.2336007859375 0.6180242765624999 0.060935025 0.6351362265625 0.0786363921875 0.8517219421875
6 0.374330028125 0.7075015890625 0.49215479218749997 0.695824628125 0.475178040625 0.48810499218750003 0.357353278125 0.499781953125 0.374330028125 0.7075015890625
9 0.059801753125 0.62248011875 0.182531790625 0.610317021875 0.174353965625 0.5102569531250001 0.051623928124999996 0.52242005 0.059801753125 0.62248011875
2 0.1377067546875 0.8484214890624999 0.1477972859375 0.9597835781249999 0.2764190703125 0.9483134265625001 0.2800051671875 0.9921912562499999 0.4825034578125 0.9862991578125 0.4695105375 0.81809193125 0.1377067546875 0.8484214890624999
0 0.04797426875 0.6338670125 0.0157956515625 0.6370560578125 0.033600535937499995 0.85490835625 0.0657791546875 0.8517193093750001 0.04797426875 0.6338670125
1 0.006012646875 0.5167255953125001 0.1725447765625 0.5002215156250001 0.155153959375 0.2874355484375 0.0035194781250000003 0.3024632046875 0.006012646875 0.5167255953125001
3 0.248458375 0.6898170234375 0.35028212187499996 0.6797258328125 0.3370102359375 0.517337209375 0.2351864890625 0.5274283984375 0.248458375 0.6898170234375
9 0.2411206484375 0.499234971875 0.3196835703125 0.491449034375 0.30694583125 0.335595978125 0.228382909375 0.343381915625 0.2411206484375 0.499234971875
2 0.229431871875 0.4218037484375 0.2361604609375 0.504131653125 0.323577915625 0.49674503281250004 0.31089475625 0.3294588328125 0.3588629578125 0.323428128125 0.33717854687500004 0.0702087265625 0.14587273125 0.089167990625 0.173511709375 0.4273456875 0.229431871875 0.4218037484375
10 0.37985803125 0.48350636874999997 0.5260352953125 0.4690195484375 0.5182715375 0.3740258140625 0.3720942734375 0.3885126359375 0.37985803125 0.48350636874999997
9 0.5413376515625 0.5364524890625 0.601280140625 0.530511921875 0.5932058328125 0.43171843593750003 0.5332633421875 0.4376590046875 0.5413376515625 0.5364524890625