9 0.78828843125 0.9105522875000001 0.815266184375 0.8023504296875 0.72714545 0.7803794625 0.7001676953125 0.8885813203125 0.78828843125 0.9105522875000001
5 0.7425271765625 0.6828095125 0.770367528125 0.5711479609375 0.680015890625 0.54862076875 0.6521755375 0.66028231875 0.7425271765625 0.6828095125
7 0.677638240625 0.9430648203124999 0.7155925546875 0.7908383875 0.52485020625 0.7432809781249999 0.48689589375000003 0.8955074125 0.677638240625 0.9430648203124999
6 0.6442929625 0.6491300671875 0.67019246875 0.5452528234375 0.487258284375 0.499642209375 0.46135877968749994 0.603519453125 0.6442929625 0.6491300671875
9 0.47571980312499995 0.8928127703125 0.50269755625 0.7846109125 0.41457682343749996 0.7626399453125 0.38759906875 0.870841803125 0.47571980312499995 0.8928127703125
2 0.961801609375 0.649194621875 0.7679285546875 0.5999379515625 0.692808115625 0.8917256734375 0.791183571875 0.9153347390625 0.8205491078125 0.802307946875 0.9187089125 0.8267819359375 0.961801609375 0.649194621875
0 0.6622579125 1 0.67371934375 0.95403070625 0.48186154375 0.906195184375 0.467628675 0.9632800984375001 0.614904159375 1 0.6622579125 1
1 0.3659736953125 0.9195608562500001 0.4054375546875 0.7612799609375 0.2180415625 0.7145568921875001 0.17857770312500001 0.8728377875 0.3659736953125 0.9195608562500001
3 0.5908151140625 0.75137698125 0.6131973765625001 0.6616066296875001 0.47018523281249996 0.6259496984374999 0.44780297031250005 0.71572005 0.5908151140625 0.75137698125
9 0.4254832515625 0.7025024265625001 0.4427524625 0.6332393984375 0.30549605468749996 0.59901753125 0.2882268421875 0.6682805593750001 0.4254832515625 0.7025024265625001
2 0.3556583390625 0.6900724234375 0.42816274062500004 0.7081497999999999 0.44847099999999995 0.6314497734375 0.3014469421875 0.5938738671875 0.310898315625 0.5512145312500001 0.0875921984375 0.49645675312500004 0.0455405453125 0.6651167250000001 0.3433663171875 0.73937303125 0.3556583390625 0.6900724234375
10 0.45428595625 0.5796155609375 0.4864177328125 0.45074204375000004 0.402758809375 0.42988353281249997 0.370627034375 0.55875705 0.45428595625 0.5796155609375
9 0.5487870906250001 0.45719743749999997 0.561963275 0.40435064687500005 0.47495799375000003 0.38265779218749996 0.461781809375 0.43550458281250004 0.5487870906250001 0.45719743749999997