9 0.29351158593750004 0.7945402296874999 0.1820142609375 0.7945402296874999 0.1820142609375 0.8853448281249999 0.29351158593750004 0.8853448281249999 0.29351158593750004 0.7945402296874999
5 0.506951871875 0.6927586203125 0.3918894828125 0.6927586203125 0.3918894828125 0.78586206875 0.506951871875 0.78586206875 0.506951871875 0.6927586203125
7 0.280570409375 0.5893103453124999 0.12370766562499999 0.5893103453124999 0.12370766562499999 0.78586206875 0.280570409375 0.78586206875 0.280570409375 0.5893103453124999
6 0.5078431375 0.49390804531250004 0.4008021390625 0.49390804531250004 0.4008021390625 0.68241379375 0.5078431375 0.68241379375 0.5078431375 0.49390804531250004
9 0.2351158640625 0.48701149375 0.1236185390625 0.48701149375 0.1236185390625 0.5778160921875 0.2351158640625 0.5778160921875 0.2351158640625 0.48701149375
2 0.1771836 0.7881609203125 0.178074865625 0.8893103453125001 0.29483065937499997 0.8904597703125001 0.29483065937499997 0.9916091953124999 0.47754010625000004 0.9904597703125001 0.478431371875 0.7904597703125 0.1771836 0.7881609203125
0 0.1121212125 0.5870114937500001 0.053297682812500004 0.5870114937500001 0.053297682812500004 0.78471264375 0.1121212125 0.78471264375 0.1121212125 0.5870114937500001
1 0.2342245984375 0.28471264375 0.0711229953125 0.28471264375 0.0711229953125 0.4778160921875 0.2342245984375 0.4778160921875 0.2342245984375 0.28471264375
3 0.3811764703125 0.5078965515625 0.2886720140625 0.5078965515625 0.2886720140625 0.6552643671875 0.3811764703125 0.6552643671875 0.3811764703125 0.5078965515625
9 0.36746880625 0.3416091953125 0.29609625624999997 0.3416091953125 0.29609625624999997 0.48304597656250003 0.36746880625 0.48304597656250003 0.36746880625 0.3416091953125
2 0.2404634578125 0.1054022984375 0.2404634578125 0.41229885 0.29126559687500003 0.41229885 0.29126559687500003 0.48701149375 0.3705882359375 0.48816092031249997 0.3714795015625 0.33643678125 0.415151515625 0.33528735625 0.41426025 0.1054022984375 0.2404634578125 0.1054022984375
10 0.5550802140625 0.395057471875 0.42228164062499995 0.395057471875 0.42228164062499995 0.4812643671875 0.5550802140625 0.4812643671875 0.5550802140625 0.395057471875
9 0.618360071875 0.45367816093749996 0.56390374375 0.45367816093749996 0.56390374375 0.5433333328125001 0.618360071875 0.5433333328125001 0.618360071875 0.45367816093749996