9 0.26582822031250003 0.2647540984375 0.0223926375 0.2647540984375 0.0223926375 0.413715846875 0.26582822031250003 0.413715846875 0.26582822031250003 0.2647540984375
9 0.8883435578125001 0.1902732234375 0.6820858890625 0.1902732234375 0.6820858890625 0.3855737703125 0.8883435578125001 0.3855737703125 0.8883435578125001 0.1902732234375
3 0.5760122703125 0.3139890703125 0.2776993859375 0.3139890703125 0.2776993859375 0.468715846875 0.5760122703125 0.468715846875 0.5760122703125 0.3139890703125
0 0.340153375 0.8655737703125 0.016809815625 0.8655737703125 0.016809815625 0.981420765625 0.340153375 0.981420765625 0.340153375 0.8655737703125
0 0.6765030671875001 0.863907103125 0.3624539875 0.863907103125 0.3624539875 0.9863934421874999 0.6765030671875001 0.9863934421874999 0.6765030671875001 0.863907103125
6 0.5166871171875 0.028060109374999996 0.2379447859375 0.028060109374999996 0.2379447859375 0.2581147546875 0.5166871171875 0.2581147546875 0.5166871171875 0.028060109374999996
7 0.6653374234375 0.4930054640625 0.3566871171875 0.4930054640625 0.3566871171875 0.8523224046875001 0.6653374234375 0.8523224046875001 0.6653374234375 0.4930054640625
2 0.34386503125 0.4848907109375 0.273251534375 0.4848907109375 0.273251534375 0.2597814203125 0.013098159375000001 0.25316939843749997 0.01868098125 0.84901639375 0.340153375 0.8523224046875001 0.34386503125 0.4848907109375
5 0.773128834375 0.023087431250000002 0.5276380374999999 0.023087431250000002 0.5276380374999999 0.167076503125 0.773128834375 0.167076503125 0.773128834375 0.023087431250000002
1 0.97383435625 0.8523224046875001 0.98125766875 0.395491803125 0.7619631906250001 0.3971584703125 0.7619631906250001 0.47494535468750004 0.6783435578125 0.478251365625 0.6802147234375 0.8506830593749999 0.97383435625 0.8523224046875001
10 0.22865030625 0.028060109374999996 0.10788343593750001 0.028060109374999996 0.10788343593750001 0.25480874375 0.22865030625 0.25480874375 0.22865030625 0.028060109374999996