9 0.20229060781250002 0.7297957265624999 0.1794333984375 0.9757630531249999 0.3346591609375 0.976670271875 0.35751636875 0.7307029453125 0.20229060781250002 0.7297957265624999
9 0.1851870140625 0.0781992921875 0.1651385046875 0.2939420921875 0.3686516640625 0.29513152656249997 0.3887001734375 0.0793887265625 0.1851870140625 0.0781992921875
3 0.2837462546875 0.40564716093750003 0.254749859375 0.7176784984375 0.4159830765625 0.7186208281249999 0.44497947031249996 0.40658949062499994 0.2837462546875 0.40564716093750003
0 0.9285854890625 0.95485261875 0.9563184359375001 0.6564172984375001 0.835599940625 0.655711759375 0.8072763828125 0.96050268125 0.9285854890625 0.95485261875
0 0.9636109265625 0.6331211031249999 0.9790930640625 0.46651720937499996 0.9856914765625 0.3045805515625 0.866556809375 0.30388426874999996 0.8360308375000001 0.6323754593750001 0.9636109265625 0.6331211031249999
6 0 0.7577949828125 0.19266176562499998 0.7589209968749999 0.2197558765625 0.4673601984375 0 0.4660758328125 0 0.7577949828125
7 0.47897301406250004 0.31330448906249997 0.448971809375 0.6361486359375 0.823398440625 0.638336978125 0.8533996453125001 0.31549283125 0.47897301406250004 0.31330448906249997
2 0.821791340625 0.655631053125 0.439269496875 0.6495109484375 0.4324057734375 0.7233717328125 0.19783037812499998 0.7220007546875 0.16782706249999998 0.97569521875 0.4461601578125 0.977321940625 0.7902530984375 0.9612955546874999 0.821791340625 0.655631053125
5 0 0.4546150921875 0.1259538046875 0.45535123125 0.14981582499999999 0.19857109687500002 0.0070320390625 0.197736596875 0 0.27340864374999996 0 0.4546150921875
1 0.4065526765625 0 0.38848768906250003 0.211651478125 0.469545603125 0.212125221875 0.46486270156250004 0.29961038906250004 0.853137459375 0.2999213859375 0.8826776875 0 0.4065526765625 0
10 0 0.893911325 0.1765746046875 0.8949433171875001 0.1883132984375 0.7686227640625 0 0.767522165625 0 0.893911325