9 0.75561289375 0.384844878125 0.9783483531250001 0.3835499640625 0.9839522687500001 0.22318887968749998 0.7612168109375 0.22448379531249998 0.75561289375 0.384844878125
9 0.31729689687499996 0.1469003578125 0.09594406875 0.1481872359375 0.0885968921875 0.35843320312500004 0.3099497203125 0.3571463265625 0.31729689687499996 0.1469003578125
3 0.74662463125 0.277560553125 0.4264794421875 0.279421778125 0.4206586453125 0.445989059375 0.7408038343750001 0.44412783281249996 0.74662463125 0.277560553125
0 0.9550138328125 0.8700232578125 0.6588493609375 0.8717450671875 0.6544912171874999 0.99645728125 0.9484772796875 0.9947481359375001 0.9550138328125 0.8700232578125
0 0.630439571875 1 0.6349793578125 0.8700899953125001 0.297946303125 0.872049403125 0.293474990625 1 0.630439571875 1
6 0.499694803125 0.005814475 0.49224834531250006 0.21890152812500002 0.7913906921875 0.21716240625 0.798654809375 0.009293190625 0.499694803125 0.005814475
7 0.6551215421875 0.47076903750000004 0.32388237656249996 0.4726947609375 0.3103649328125 0.8595085171875001 0.6416040984375 0.85758279375 0.6551215421875 0.47076903750000004
2 0.9843448828125 0.21195392968750001 0.7534372859375 0.2191768984375 0.7449687109375 0.46151273125000003 0.6691873015625001 0.4619533015625 0.659347875 0.8574796359375 0.9559218250000001 0.852697721875 0.9740247906249999 0.5072725874999999 0.9843448828125 0.21195392968750001
5 0.4839208140625 0.12096487656249999 0.4879449046875 0.0058119703124999995 0.2244876359375 0.0073436312500000005 0.22046354531249998 0.12249653593750001 0.4839208140625 0.12096487656249999
1 0 0.8611969437500001 0.29446049531249996 0.8578365437500001 0.310479421875 0.45689275 0.2208643828125 0.4538554625 0.2237907125 0.37011591718750003 0 0.3697107296875 0 0.8611969437500001
10 0.8086234328125 0.0094091859375 0.8014897671875 0.21354541093749999 0.9310950734375 0.2127919265625 0.9381497390625 0.0109163609375 0.8086234328125 0.0094091859375