9 0.2186838828125 0.155214140625 0.205031675 0.031356245312499996 0.0699194765625 0.0329393328125 0.083571684375 0.1567972265625 0.2186838828125 0.155214140625
2 1 0.36240217656249996 0.9769303 0.15310530312499998 0.7999644781249999 0.1573099078125 0.8264447953125 0.43841613593749995 0.7694607390625 0.439083809375 0.7847689453125 0.5915878625000001 0.8480808906249999 0.5938398390625 0.8749569328125 0.8240469609375 1 0.8225818515625001 1 0.65428770625 0.9938697546874999 0.5951254484375 1 0.5947067265625 1 0.36240217656249996
2 1 0.8281632671875 0.875286496875 0.8270368921875001 0.8495804687499999 0.5938222703125 0.627313 0.593432746875 0.673515778125 1 1 1 1 0.8281632671875
2 0.3652159875 0.5994974859375 0.3170995765625 0.1629675515625 0.22046729843750001 0.15811219062499998 0.20746349999999997 0.0313277515625 0.0660611734375 0.0329845390625 0.08133588281250001 0.1627361625 0.12828227812499998 0.602273596875 0.3652159875 0.5994974859375
3 0.3060296609375 0.690753184375 0.325534384375 0.8677072703125001 0.43018010625 0.8664811546875001 0.4106753828125 0.6895270703125 0.3060296609375 0.690753184375
9 1 0.6916082609374999 0.989667621875 0.597869096875 0.854555425 0.599452184375 0.8783170234375 0.8150262125 1 0.813600475 1 0.6916082609374999
9 0.0945667484375 0.32329789999999997 0.0132122203125 0.324251115625 0.021084895312499997 0.5174603859375 0.029658809375 0.59524611875 0.124419796875 0.5941358203125 0.0945667484375 0.32329789999999997
0 0.0127631140625 0.31322924375 0.09331536562500001 0.3122854265625 0.06253404375 0.033025865625 0.0013749 0.0337424578125 0.0127631140625 0.31322924375
2 0.3043746015625 1 0.26207999531250004 0.6037496015625 0.12528311718750001 0.6023087390625 0.09031620312500001 0.312320565625 0.012671909375000002 0.3109909140625 0.021084895312499997 0.517460384375 0.0742727140625 1 0.3043746015625 1
6 0.3154170796875 0.16268788750000002 0.36389601250000003 0.6025067421875 0.524501078125 0.6006249609375 0.476022146875 0.16080610312500002 0.3154170796875 0.16268788750000002
8 0.3658172875 1 0.35600285781249996 0.9109598546875001 0.2960196421875 0.9116626671875 0.30575660312499997 1 0.3658172875 1
5 0.5156624296875 0.030033915625 0.5297159265625 0.1575324671875 0.6661777468750001 0.1559335671875 0.653183353125 0.0380435984375 0.5156624296875 0.030033915625
10 0.4052452578125 0.158940971875 0.390942159375 0.0291779640625 0.29946775312499996 0.030249753125 0.3137708515625 0.1600127609375 0.4052452578125 0.158940971875
7 0.4778842484375 0.1640774578125 0.5240232734375 0.5826678046875 0.7159695687500001 0.5804188031249999 0.6698305437500001 0.1618284546875 0.4778842484375 0.1640774578125
9 1 0.8283449031250001 0.8784780359375001 0.829768753125 0.8972417343749999 1 1 1 1 0.8283449031250001