9 0.17929385 0.10771264375 0.00820045625 0.10771264375 0.00820045625 0.23198850625 0.17929385 0.23198850625 0.17929385 0.10771264375
0 0.731389521875 0.9021609203125 0.591708428125 0.9021609203125 0.591708428125 0.99471264375 0.731389521875 0.99471264375 0.731389521875 0.9021609203125
2 0.5865148062500001 0.7657471265625 0.583781321875 0.7078160921875 0.4443735765625 0.7091954015625 0.4443735765625 0.7616091953125 0.18742596875 0.7657471265625 0.1846924828125 0.99471264375 0.583781321875 0.9974712640625001 0.5892482921875 0.8995402296874999 0.796993165625 0.8981609203125 0.796993165625 0.7671264375 0.5865148062500001 0.7657471265625
2 0.5865148062500001 0.7671264375 0.7997266515625 0.7671264375 0.8024601359375 0.8995402296874999 0.9883371296875 0.9009195406250001 0.9856036453125 0.564367815625 0.583781321875 0.56298850625 0.5865148062500001 0.7671264375
2 0.18742596875 0.3216091953125 0.5865148062500001 0.3216091953125 0.5865148062500001 0.1036781609375 0.1846924828125 0.105057471875 0.0015945328125 0.1036781609375 0.0027334859375 0.1708045984375 0.0027334859375 0.23471264375 0.18195899843750002 0.23333333281250002 0.18742596875 0.3216091953125
3 0.8309794984375 0.258 0.6692027328125 0.258 0.6692027328125 0.3542528734375 0.8309794984375 0.3542528734375 0.8309794984375 0.258
9 0.7887927109375 0.7711264375 0.591708428125 0.7711264375 0.591708428125 0.8954022984375 0.7887927109375 0.8954022984375 0.7887927109375 0.7711264375
9 0.5790432796875 0.0110344828125 0.33143507968749997 0.0110344828125 0.33143507968749997 0.1009540234375 0.5790432796875 0.1009540234375 0.5790432796875 0.0110344828125
0 0.3213667421875 0.0016091953125 0.00974943125 0.0016091953125 0.00974943125 0.100919540625 0.3213667421875 0.100919540625 0.3213667421875 0.0016091953125
2 0.9856036453125 0.0016091953125 0.3186332578125 0.00298850625 0.3213667421875 0.0981609203125 0.5865148062500001 0.100919540625 0.58929385 0.22643678125000002 0.9828701593750001 0.22505747187499997 0.9856036453125 0.0016091953125
6 0.5892482921875 0.32009195468749996 0.1871526203125 0.32009195468749996 0.1871526203125 0.46781609218750003 0.5892482921875 0.46781609218750003 0.5892482921875 0.32009195468749996
8 0.9828701593750001 0.22643678125000002 0.8707972671875 0.22643678125000002 0.8707972671875 0.2816091953125 0.9828701593750001 0.2816091953125 0.9828701593750001 0.22643678125000002
5 0.18473804062500002 0.5174712640625 0.034350796875 0.5174712640625 0.034350796875 0.64298850625 0.18473804062500002 0.64298850625 0.18473804062500002 0.5174712640625
10 0.1846924828125 0.318850575 0.039817767187500006 0.318850575 0.039817767187500006 0.40298850625 0.1846924828125 0.40298850625 0.1846924828125 0.318850575
7 0.5728473796875 0.4691954015625 0.190159453125 0.4691954015625 0.190159453125 0.6457471265625 0.5728473796875 0.6457471265625 0.5728473796875 0.4691954015625
9 0.9747152625 0.7697816093750001 0.802255125 0.7697816093750001 0.802255125 0.894057471875 0.9747152625 0.894057471875 0.9747152625 0.7697816093750001