9 0.13180921875 0.0061391125 0.11729835468750001 0.1615306296875 0.2419988828125 0.17390034375000002 0.25711984062500004 0.0119755484375 0.13180921875 0.0061391125
0 0.875831690625 0.6542764890625 0.8627481671874999 0.79438311875 0.9556161546874999 0.8035951906250001 0.9686996750000001 0.6634885625 0.875831690625 0.6542764890625
2 0.8734324765625001 0.651548009375 0.9701233765625 0.6557218 0.9790930640625 0.5596687078125 0.991552121875 0.2539015171875 0.7768197140625 0.23518453749999998 0.7486001078125 0.4925030625 0.6960072125 0.48728609218749996 0.6815652703125 0.6269812531250001 0.739438225 0.635489190625 0.7211073546875 0.8467460578124999 0.8525895984374999 0.859788484375 0.8734324765625001 0.651548009375
2 0.8419007453124999 1 0.8534615453125 0.8654093984375001 0.7208513171875001 0.8494878703125 0.7408222484375 0.6356264796875 0.5362427890625 0.6125659359375 0.50140546875 1 0.8419007453124999 1
2 0.114128434375 0.1666814296875 0.0751068859375 0.5695906078124999 0.29378261875 0.5912822249999999 0.33116410625000003 0.1909775703125 0.2430986703125 0.1767074671875 0.259750334375 0.012098065625 0.1279157140625 0.0059577703125 0.114128434375 0.1666814296875
3 0.22221092343749999 0.6678907609375 0.20705776718750002 0.8301603765625 0.30363955 0.839740840625 0.3187927078125 0.677471225 0.22221092343749999 0.6678907609375
9 0.744349446875 0.6412340609375 0.725889134375 0.83891875625 0.8505896640625 0.8512884703125 0.869049975 0.653603775 0.744349446875 0.6412340609375
9 0 0.55457664375 0.0730732765625 0.561825175 0.0962660140625 0.313462640625 0.0060392078125 0.3045125609375 0 0.3691842265625 0 0.55457664375
0 0 0.293720940625 0.0971744859375 0.3033601984375 0.1249595546875 0.005820084375 0.025517715625 0.00118850625 0 0.27444836875 0 0.293720940625
2 0 0.965355559375 0.159775515625 0.9792348578125001 0.19802468281250002 0.5845968125 0.07233883906250001 0.56931603125 0.0944064375 0.30308562031249997 0 0.29097799687500003 0 0.965355559375
6 0.32966728437500004 0.1905523703125 0.29200415468749996 0.5938730203125 0.440233084375 0.6085766421875001 0.47789621406249994 0.20525599374999998 0.32966728437500004 0.1905523703125
8 0.171657078125 0.8669578234375 0.16115953593750001 0.9793721453125 0.21652048281249997 0.98486369375 0.22701802343750002 0.8724493734375001 0.171657078125 0.8669578234375
5 0.5420335656249999 0.05693105625 0.52794723125 0.207776453125 0.65389338125 0.220269725 0.6679797171875 0.0694243296875 0.5420335656249999 0.05693105625
10 0.34222208906249996 0.0426451078125 0.328652096875 0.18796117968749998 0.4130775375 0.196335790625 0.42664752968749997 0.05101971875 0.34222208906249996 0.0426451078125
7 0.478998596875 0.208409275 0.443153334375 0.592263053125 0.6203083578124999 0.6098360078125 0.6561536203125 0.22598223125 0.478998596875 0.208409275
9 0.8353406718749999 1 0.84797925625 0.864658040625 0.723278728125 0.8522883265625 0.7094850265625 1 0.8353406718749999 1