3 0.4808767484375 0.4442453234375 0.4672484203125 0.5552391562500001 0.577649209375 0.5687946687500001 0.5912775375 0.45780083437499997 0.4808767484375 0.4442453234375
9 0.5205973421875 0.34372313593750004 0.5114195578125 0.4184702015625 0.6790810546875 0.4390564453125 0.6882588390625 0.364309378125 0.5205973421875 0.34372313593750004
10 0.725390425 0.339179175 0.7128875734375 0.4410067203125 0.811956628125 0.45317087031250003 0.8244594781249999 0.351343325 0.725390425 0.339179175
2 0.585378334375 0.887205884375 0.7060525609375 0.8998221718750001 0.719824090625 0.7750532890625 0.296361034375 0.7208579203125 0.27866007187499997 0.8902382265625001 0.5803230234375001 0.9283781031249999 0.585378334375 0.887205884375
0 0.3175104546875 0.5486097187500001 0.29689225 0.716531509375 0.3837733359375 0.727199165625 0.404391540625 0.5592773734375001 0.3175104546875 0.5486097187500001
6 0.6401800265625 0.44088193125 0.6226230312500001 0.5838721875 0.7918096953125 0.604645696875 0.8093666921875 0.4616554421875 0.6401800265625 0.44088193125
9 0.609852803125 0.76375115625 0.5952215828125 0.8829128718750001 0.698839384375 0.8956355374999999 0.713470603125 0.776473821875 0.609852803125 0.76375115625
1 0.2010815171875 0.198918525 0.1792666171875 0.3765866265625 0.39716502187499997 0.40334118593749996 0.418979921875 0.22567308437500003 0.2010815171875 0.198918525
1 0.445581571875 0.16076765312500002 0.425630015625 0.3232600375 0.6344576828124999 0.34890085000000004 0.6544092375 0.18640846718749998 0.445581571875 0.16076765312500002
5 0.739062434375 0.605871403125 0.7290860718750001 0.6871223484375 0.8403564734375 0.7007846359375 0.8503328343750001 0.619533690625 0.739062434375 0.605871403125
7 0.41770538906250004 0.564213075 0.3973533765625 0.7299669078125001 0.7144011078125 0.7688954734375 0.7347531203125001 0.603141640625 0.41770538906250004 0.564213075