3 0.48350238125 0.55096109375 0.5828436390625 0.5321248046875 0.561241478125 0.43266230468750005 0.46190022031250005 0.45149859374999995 0.48350238125 0.55096109375
9 0.6035992828125 0.5028894828125 0.6704991031249999 0.490204478125 0.63769271875 0.33915454375 0.570792896875 0.3518395484375 0.6035992828125 0.5028894828125
10 0.56617040625 0.321254415625 0.6573076921875 0.30397369687500003 0.6379228140625 0.2147202046875 0.5467855296875 0.23200092187500002 0.56617040625 0.321254415625
2 0.3479929140625 0.7157791375 0.263141303125 0.33440004375 0.151340334375 0.35416819843749997 0.17296025625 0.46301436249999994 0.1361104640625 0.4700015234375 0.196133184375 0.74171226875 0.3479929140625 0.7157791375
0 0.3518651234375 0.7150449203125 0.5021578156250001 0.6865476312500001 0.4851577625 0.6082745484375 0.3348650703125 0.6367718375 0.3518651234375 0.7150449203125
6 0.44444877343750006 0.4115368984375 0.5724273421875 0.3872706328125 0.5393225265625 0.234846640625 0.411343959375 0.2591129046875 0.44444877343750006 0.4115368984375
9 0.1760153375 0.45382612031249997 0.28266698125 0.43360369531250004 0.2623920484375 0.34025213593750003 0.1557404046875 0.3604745609375 0.1760153375 0.45382612031249997
1 0.6695879890625 0.80206933125 0.828603784375 0.7719180375 0.7859675265625 0.5756085671875 0.6269517296875 0.6057598609375 0.6695879890625 0.80206933125
1 0.6970511734375 0.5752502453125 0.842484459375 0.5476743578125001 0.801623075 0.359536915625 0.6561897906249999 0.387112803125 0.6970511734375 0.5752502453125
5 0.341970578125 0.320871165625 0.41469147812499996 0.30708241406250003 0.39291915781250003 0.206836459375 0.320198259375 0.22062521093749998 0.341970578125 0.320871165625
7 0.3312116359375 0.624601328125 0.47956397031250003 0.5964719546875 0.41752712656249996 0.310836671875 0.26917479375000003 0.338966046875 0.3312116359375 0.624601328125