3 0.5380997796875 0.45149859374999995 0.438758521875 0.43266230468750005 0.4171563609375 0.5321248046875 0.51649761875 0.55096109375 0.5380997796875 0.45149859374999995
9 0.429207103125 0.3518395484375 0.36230728125 0.33915454375 0.329500896875 0.490204478125 0.39640071718750003 0.5028894828125 0.429207103125 0.3518395484375
10 0.45321447031249995 0.23200092187500002 0.3620771859375 0.2147202046875 0.34269230781250004 0.30397369687500003 0.43382959374999996 0.321254415625 0.45321447031249995 0.23200092187500002
2 0.8038668156250001 0.74171226875 0.8638895359375001 0.4700015234375 0.82703974375 0.46301436249999994 0.8486596656250001 0.35416819843749997 0.7368586968749999 0.33440004375 0.6520070859375 0.7157791375 0.8038668156250001 0.74171226875
0 0.6651349296875 0.6367718375 0.5148422375 0.6082745484375 0.49784218437499994 0.6865476312500001 0.6481348765625 0.7150449203125 0.6651349296875 0.6367718375
6 0.588656040625 0.2591129046875 0.4606774734375 0.234846640625 0.4275726578125 0.3872706328125 0.5555512265625 0.4115368984375 0.588656040625 0.2591129046875
9 0.8442595953125 0.3604745609375 0.7376079515625 0.34025213593750003 0.71733301875 0.43360369531250004 0.8239846625 0.45382612031249997 0.8442595953125 0.3604745609375
1 0.3730482703125 0.6057598609375 0.2140324734375 0.5756085671875 0.17139621562500001 0.7719180375 0.3304120109375 0.80206933125 0.3730482703125 0.6057598609375
1 0.343810209375 0.387112803125 0.19837692499999998 0.359536915625 0.157515540625 0.5476743578125001 0.3029488265625 0.5752502453125 0.343810209375 0.387112803125
5 0.679801740625 0.22062521093749998 0.6070808421875 0.206836459375 0.585308521875 0.30708241406250003 0.658029421875 0.320871165625 0.679801740625 0.22062521093749998
7 0.73082520625 0.338966046875 0.5824728734375 0.310836671875 0.5204360296874999 0.5964719546875 0.6687883640625001 0.624601328125 0.73082520625 0.338966046875