3 0.58636206875 0.4700242125 0.485732759375 0.4700242125 0.485732759375 0.5699273609375 0.58636206875 0.5699273609375 0.58636206875 0.4700242125
9 0.6805 0.4944309921875 0.6127327593749999 0.4944309921875 0.6127327593749999 0.6461501203125 0.6805 0.6461501203125 0.6805 0.4944309921875
10 0.707017240625 0.6765012109375 0.6146982765625 0.6765012109375 0.6146982765625 0.7661501203125 0.707017240625 0.7661501203125 0.707017240625 0.6765012109375
2 0.2021896546875 0.6116707015625 0.204155171875 0.720629540625 0.3171034484375 0.7192493953125 0.319068965625 0.3358111375 0.165844828125 0.33857142812499996 0.16486206875 0.6116707015625 0.2021896546875 0.6116707015625
0 0.475232759375 0.3358111375 0.3229913796875 0.3358111375 0.3229913796875 0.4144309921875 0.475232759375 0.4144309921875 0.475232759375 0.3358111375
6 0.60683620625 0.6116707015625 0.4771982765625 0.6116707015625 0.4771982765625 0.7647699765625 0.60683620625 0.7647699765625 0.60683620625 0.6116707015625
9 0.31513793125 0.6199757875 0.2071034484375 0.6199757875 0.2071034484375 0.7137409203125 0.31513793125 0.7137409203125 0.31513793125 0.6199757875
1 0.774793103125 0.1937409203125 0.6137155171875001 0.1937409203125 0.6137155171875001 0.390920096875 0.774793103125 0.390920096875 0.774793103125 0.1937409203125
1 0.8356810343750001 0.407530265625 0.68836206875 0.407530265625 0.68836206875 0.5965012109375001 0.8356810343750001 0.5965012109375001 0.8356810343750001 0.407530265625
5 0.47031896562500003 0.71788135625 0.396655171875 0.71788135625 0.396655171875 0.8185714281250001 0.47031896562500003 0.8185714281250001 0.47031896562500003 0.71788135625
7 0.4722844828125 0.42684019375000004 0.3220086203125 0.42684019375000004 0.3220086203125 0.7137409203125 0.4722844828125 0.7137409203125 0.4722844828125 0.42684019375000004