1 0.9586832734374999 0.3391111109375 0.773131671875 0.3391111109375 0.773131671875 0.5494603171875 0.9586832734374999 0.5494603171875 0.9586832734374999 0.3391111109375
3 0.5614946625 0.385269840625 0.43857651249999996 0.385269840625 0.43857651249999996 0.47542857187500004 0.5614946625 0.47542857187500004 0.5614946625 0.385269840625
0 0.7641281140625 0.0919682546875 0.5669750890625 0.0919682546875 0.5669750890625 0.2092380953125 0.7641281140625 0.2092380953125 0.7641281140625 0.0919682546875
7 0.765409253125 0.21841269843750002 0.5669750890625 0.21841269843750002 0.5669750890625 0.449523809375 0.765409253125 0.449523809375 0.765409253125 0.21841269843750002
5 0.7693950171874999 0.45165079375 0.670071175 0.45165079375 0.670071175 0.6345079359375 0.7693950171874999 0.6345079359375 0.7693950171874999 0.45165079375
6 0.6661921703125 0.5194603171875001 0.47935943124999997 0.5194603171875001 0.47935943124999997 0.6345079359375 0.6661921703125 0.6345079359375 0.6661921703125 0.5194603171875001
10 0.47291815000000004 0.5228888890625 0.3801423484375 0.5228888890625 0.3801423484375 0.6333650796875 0.47291815000000004 0.6333650796875 0.47291815000000004 0.5228888890625
9 0.37370106718749996 0.421873015625 0.28220640625 0.421873015625 0.28220640625 0.56095238125 0.37370106718749996 0.56095238125 0.37370106718749996 0.421873015625
9 0.272562278125 0.3707936515625 0.181103203125 0.3707936515625 0.181103203125 0.5166666671875 0.272562278125 0.5166666671875 0.272562278125 0.3707936515625
2 0.275765125 0.521873015625 0.279644128125 0.3620952375 0.378861209375 0.3620952375 0.378861209375 0.1483174609375 0.1765480421875 0.1483174609375 0.173985765625 0.521873015625 0.275765125 0.521873015625
1 0.5630960859374999 0.1483174609375 0.3840213515625 0.1483174609375 0.3840213515625 0.3620952375 0.5630960859374999 0.3620952375 0.5630960859374999 0.1483174609375