1 0.7244054546875 0.267879534375 0.754190578125 0.0748852890625 0.5327115921875001 0.027057967187499997 0.50292646875 0.2200522109375 0.7244054546875 0.267879534375
3 0.6221009421875 0.60535885 0.641832015625 0.47751034062500003 0.5469028984375 0.457010853125 0.5271718265625001 0.5848593625 0.6221009421875 0.60535885
0 0.951532203125 0.5384983828125 0.9831796109375001 0.3334373703125 0.859704909375 0.3067736015625 0.8280575015625 0.5118346140625001 0.951532203125 0.5384983828125
7 0.818397459375 0.5097485749999999 0.8502505203125 0.3033550359375 0.6069110953125 0.25080705625 0.5750580375000001 0.45720059375 0.818397459375 0.5097485749999999
5 0.58936770625 0.3494856171875 0.605311371875 0.246177803125 0.4127790828125 0.204601378125 0.396835415625 0.3079091921875 0.58936770625 0.3494856171875
6 0.48735687656250004 0.532429059375 0.5173476499999999 0.33810228593749997 0.39621275 0.3119437859375 0.36622197500000003 0.506270559375 0.48735687656250004 0.532429059375
10 0.467820365625 0.6348462703125 0.48271292656250003 0.538349146875 0.3663913328125 0.5132300578125 0.351498771875 0.60972718125 0.467820365625 0.6348462703125
9 0.5584602078125 0.7596786 0.5731471171875 0.6645140046875 0.42670892968749996 0.63289138125 0.41202201718750003 0.7280559765625 0.5584602078125 0.7596786
9 0.5960129390625 0.876451115625 0.6106941359375 0.781323534375 0.4571028359375 0.7481562296875001 0.44242163906250004 0.8432838109375 0.5960129390625 0.876451115625
2 0.8620050812500001 0.7213455015625 0.6369161140624999 0.672738621875 0.6209895828125 0.7759353921875001 0.4521351421875 0.7436411406250001 0.4357973109375 0.8495029625000001 0.8295293562499999 0.9317736359375001 0.8620050812500001 0.7213455015625
1 0.862833396875 0.7159783828124999 0.891578840625 0.5297207968750001 0.6664898734375 0.48111391562500005 0.6377444296875 0.6673715 0.862833396875 0.7159783828124999