1 0.65377783125 0.20293307343749997 0.6594850531249999 0.0069478890625 0.43698918593749997 0.010828415625 0.43128196250000006 0.2068135984375 0.65377783125 0.20293307343749997
3 0.5946633578125 0.5571518359375001 0.5984440921874999 0.42732198906249996 0.503079125 0.42898523906249997 0.4992983921875 0.558815084375 0.5946633578125 0.5571518359375001
0 0.9088510109374999 0.41612256406250003 0.9149150718750001 0.2078836078125 0.7908734578125001 0.210047003125 0.7848093984375 0.418285959375 0.9088510109374999 0.41612256406250003
7 0.77510500625 0.41845521249999995 0.7812084718750001 0.2088630796875 0.5367518 0.21312662031250001 0.530648334375 0.422718753125 0.77510500625 0.41845521249999995
5 0.5315695687499999 0.31386480625 0.5346245859375001 0.208955975 0.34120831875 0.212329325 0.3381533 0.3172381578125 0.5315695687499999 0.31386480625
6 0.45397843125000004 0.5165512390625 0.459725059375 0.3192128765625 0.33803398906250004 0.3213352765625 0.3322873625 0.5186736390625 0.45397843125000004 0.5165512390625
10 0.44730014218749997 0.6214105546875001 0.4501537546875 0.5234179640625001 0.3332980921875 0.5254560296874999 0.33044448125 0.6234486218749999 0.44730014218749997 0.6214105546875001
9 0.5511368734375 0.722989903125 0.553951078125 0.6263504875 0.40684054375 0.6289162265625 0.4040263390625 0.725555640625 0.5511368734375 0.722989903125
9 0.6020560781250001 0.828835834375 0.604869190625 0.7322340078125 0.45057270625 0.734925075 0.44775959531250004 0.8315269015625001 0.6020560781250001 0.828835834375
2 0.843461875 0.6158536328124999 0.6173394531249999 0.619797409375 0.6142877203125 0.7245934765625 0.445164228125 0.731638178125 0.442033684375 0.8391406 0.8372390968750001 0.8295428875 0.843461875 0.6158536328124999
1 0.843620590625 0.6104033375 0.8491285968750001 0.421259215625 0.623006175 0.42520299218749996 0.61749816875 0.6143471125 0.843620590625 0.6104033375