1 0.0413167265625 0.5494603171875 0.226868328125 0.5494603171875 0.226868328125 0.3391111109375 0.0413167265625 0.3391111109375 0.0413167265625 0.5494603171875
3 0.4385053375 0.47542857187500004 0.5614234875 0.47542857187500004 0.5614234875 0.385269840625 0.4385053375 0.385269840625 0.4385053375 0.47542857187500004
0 0.23587188593750003 0.2092380953125 0.4330249109375 0.2092380953125 0.4330249109375 0.0919682546875 0.23587188593750003 0.0919682546875 0.23587188593750003 0.2092380953125
7 0.234590746875 0.449523809375 0.4330249109375 0.449523809375 0.4330249109375 0.21841269843750002 0.234590746875 0.21841269843750002 0.234590746875 0.449523809375
5 0.2306049828125 0.6345079359375 0.329928825 0.6345079359375 0.329928825 0.45165079375 0.2306049828125 0.45165079375 0.2306049828125 0.6345079359375
6 0.3338078296875 0.6345079359375 0.52064056875 0.6345079359375 0.52064056875 0.5194603171875001 0.3338078296875 0.5194603171875001 0.3338078296875 0.6345079359375
10 0.52708185 0.6333650796875 0.6198576515625 0.6333650796875 0.6198576515625 0.5228888890625 0.52708185 0.5228888890625 0.52708185 0.6333650796875
9 0.6262989328125 0.56095238125 0.71779359375 0.56095238125 0.71779359375 0.421873015625 0.6262989328125 0.421873015625 0.6262989328125 0.56095238125
9 0.727437721875 0.5166666671875 0.8188967968749999 0.5166666671875 0.8188967968749999 0.3707936515625 0.727437721875 0.3707936515625 0.727437721875 0.5166666671875
2 0.8260142343749999 0.521873015625 0.8234519578124999 0.1483174609375 0.621138790625 0.1483174609375 0.621138790625 0.3620952375 0.720355871875 0.3620952375 0.724234875 0.521873015625 0.8260142343749999 0.521873015625
1 0.43690391406250007 0.3620952375 0.6159786484375 0.3620952375 0.6159786484375 0.1483174609375 0.43690391406250007 0.1483174609375 0.43690391406250007 0.3620952375