1 0.864867334375 0.6727318578125 0.9032689203125001 0.4995354109375 0.572316325 0.446402340625 0.533914740625 0.6195987875 0.864867334375 0.6727318578125
3 0.7979180484375 0.4288168921875 0.81560319375 0.34905445 0.5868310390625 0.312326025 0.56914589375 0.39208846875000003 0.7979180484375 0.4288168921875
1 0.941506809375 0.32589573125000004 0.9829455109375 0.139001465625 0.6520109859375001 0.085871296875 0.610572284375 0.2727655640625 0.941506809375 0.32589573125000004
6 0.30266023125 0.58832728125 0.34226501875 0.40970422500000003 0.0409275875 0.3613257453125 0.0013228 0.5399488046875 0.30266023125 0.58832728125
0 0.9960608046875 0.33853361249999997 0.8910766875 0.321678846875 0.8539287625 0.4892211140625 0.9940456421875 0.5117162984375 0.9960608046875 0.33853361249999997
2 0.3574406671875 0.0336751078125 0.11033843437499999 0.0466251875 0.07770230312500001 0.18913709375 0.42211633437499996 0.2444313421875 0.4354097875 0.1844760328125 0.61595571875 0.21211137500000002 0.6454322546875 0.079168134375 0.3574406671875 0.0336751078125
9 0.61388905625 0.2086887015625 0.64162676875 0.083587790625 0.4734943203125 0.056594821875 0.4457566078125 0.18169573125 0.61388905625 0.2086887015625
10 0 0.624096603125 0.3222725546875 0.675836128125 0.3391930828125 0.599522209375 0.00151880625 0.5453100015625 0 0.5521600265625 0 0.624096603125
9 0.5187822718749999 0.6189821671875 0.5437797859375 0.5062399265625 0.33390785156249997 0.4725458546875 0.3089103359375 0.5852880953125 0.5187822718749999 0.6189821671875
7 0.5440465859375 0.437014425 0.5801116296875 0.27435610625 0.0844958453125 0.19478704375 0.0484308015625 0.3574453609375 0.5440465859375 0.437014425
5 0.155121809375 0.3438013265625 0.1669054359375 0.290655540625 0.045824778125 0.271216540625 0.03404115 0.3243623265625 0.155121809375 0.3438013265625