1 0.8390967937499999 0.6846030546875 0.8927825703125001 0.5113219640625 0.55981949375 0.4172506328125 0.5061337171875 0.5905317234374999 0.8390967937499999 0.6846030546875
3 0.68068760625 0.783165528125 0.7054116046875001 0.7033641046875 0.4752496984375 0.638336965625 0.4505256984375 0.7181383890624999 0.68068760625 0.783165528125
1 0.45208681562499997 0.7641488625 0.3941551203125 0.9511344671874999 0.5240996953125 0.987847425 0.7428967265625 0.9942137671875001 0.7850317140625 0.85821505625 0.45208681562499997 0.7641488625
6 0 0.4472872625 0.274806190625 0.5249276546874999 0.33017405625 0.34621730156249997 0.027006049999999997 0.26056390625 0 0.3477310859375 0 0.4472872625
0 0.7362920640625 0.840368740625 0.8692336984375 0.87792845 0.9211668468750001 0.7103043015625 0.7882252125 0.67274459375 0.7362920640625 0.840368740625
0 0 0.87620164375 0.19864471875 0.9323243015625 0.2061218765625 0.9081903484374999 0 0.849955184375 0 0.87620164375
2 0 0.8446703203125001 0.3846298265625 0.9543763765625 0.4258383 0.8213681656249999 0.2448907390625 0.7688264609375 0.2634751109375 0.7088418515625 0 0.6344028046875 0 0.8446703203125001
9 0.38339056718750003 0.9487407718749999 0.42216814999999996 0.8235787218749999 0.253014328125 0.7757880625 0.21423674531249998 0.9009501109375 0.38339056718750003 0.9487407718749999
10 0.369672146875 0.35177685625 0.393327203125 0.2754256421875 0.053601614062500004 0.17944371406249998 0.029946554687499998 0.255794928125 0.369672146875 0.35177685625
9 0.5105814343749999 0.5241056046875 0.5455281953125 0.4113082671875 0.33438132343750004 0.3516534015625 0.2994345625 0.46445074062499997 0.5105814343749999 0.5241056046875
7 0 0.6296125375 0.424776940625 0.7496238390625 0.47519620781249994 0.5868860296875 0 0.452629884375 0 0.6296125375
5 0 0.5427878046875 0.051595829687500004 0.5573650625 0.06806945156250001 0.504193303125 0 0.4849617890625 0 0.5427878046875