1 0.5913793109375 0.5482882890624999 0.420793103125 0.5482882890624999 0.420793103125 0.8783063062500001 0.5913793109375 0.8783063062500001 0.5913793109375 0.5482882890624999
3 0.3696206890625 0.5336396390625 0.29106034531249997 0.5336396390625 0.29106034531249997 0.761765765625 0.3696206890625 0.761765765625 0.3696206890625 0.5336396390625
1 0.24981034531250002 0.5480540546875 0.065732759375 0.5480540546875 0.065732759375 0.8780540546875001 0.24981034531250002 0.8780540546875001 0.24981034531250002 0.5480540546875
6 0.5969482765625 0.01845045 0.421017240625 0.01845045 0.421017240625 0.3189369375 0.5969482765625 0.3189369375 0.5969482765625 0.01845045
0 0.41851724062500006 0.8285945953124999 0.2535 0.8285945953124999 0.2535 0.9829909906250001 0.41851724062500006 0.9829909906250001 0.41851724062500006 0.8285945953124999
0 0.056517240625 0.015765765625 0.007094828124999999 0.015765765625 0.007094828124999999 0.3645585578125 0.056517240625 0.3645585578125 0.056517240625 0.015765765625
2 0.19130172343750002 0.5402882890625 0.19258620625 0.360540540625 0.25163793125 0.360540540625 0.25163793125 0.017099098437499998 0.0616465515625 0.01845045 0.06036206875 0.5402882890625 0.19130172343750002 0.5402882890625
9 0.18836206875 0.369909909375 0.0651465515625 0.369909909375 0.0651465515625 0.5375675671875 0.18836206875 0.5375675671875 0.18836206875 0.369909909375
10 0.677181034375 0.019783784375 0.6020172406250001 0.019783784375 0.6020172406250001 0.3565045046875 0.677181034375 0.3565045046875 0.677181034375 0.019783784375
9 0.5931034484375 0.32430630625 0.48206034531249997 0.32430630625 0.48206034531249997 0.5335855859375 0.5931034484375 0.5335855859375 0.5931034484375 0.32430630625
7 0.416181034375 0.024846846875000002 0.25597413750000003 0.024846846875000002 0.25597413750000003 0.5190630625 0.416181034375 0.5190630625 0.416181034375 0.024846846875000002
5 0.38691379375 0.003927928125 0.334568965625 0.003927928125 0.334568965625 0.1246666671875 0.38691379375 0.1246666671875 0.38691379375 0.003927928125