1 0.49386628281249995 0.5905317234374999 0.44018050625000005 0.4172506328125 0.1072174296875 0.5113219640625 0.16090320625 0.6846030546875 0.49386628281249995 0.5905317234374999
3 0.5494743015625 0.7181383890624999 0.5247503015625 0.638336965625 0.29458839531250003 0.7033641046875 0.31931239375 0.783165528125 0.5494743015625 0.7181383890624999
1 0.2149682859375 0.85821505625 0.2571032734375 0.9942137671875001 0.4759003046875 0.987847425 0.6058448796875 0.9511344671874999 0.547913184375 0.7641488625 0.2149682859375 0.85821505625
6 1 0.3477310859375 0.97299395 0.26056390625 0.66982594375 0.34621730156249997 0.725193809375 0.5249276546874999 1 0.4472872625 1 0.3477310859375
0 0.2117747875 0.67274459375 0.078833153125 0.7103043015625 0.1307663015625 0.87792845 0.26370793593749997 0.840368740625 0.2117747875 0.67274459375
0 1 0.849955184375 0.7938781234375 0.9081903484374999 0.80135528125 0.9323243015625 1 0.87620164375 1 0.849955184375
2 1 0.6344028046875 0.7365248890625 0.7088418515625 0.7551092609375 0.7688264609375 0.5741617 0.8213681656249999 0.6153701734375 0.9543763765625 1 0.8446703203125001 1 0.6344028046875
9 0.7857632546875 0.9009501109375 0.746985671875 0.7757880625 0.57783185 0.8235787218749999 0.6166094328125 0.9487407718749999 0.7857632546875 0.9009501109375
10 0.9700534453125 0.255794928125 0.9463983859375 0.17944371406249998 0.6066727968750001 0.2754256421875 0.6303278531250001 0.35177685625 0.9700534453125 0.255794928125
9 0.7005654375 0.46445074062499997 0.6656186765625 0.3516534015625 0.45447180468750004 0.4113082671875 0.489418565625 0.5241056046875 0.7005654375 0.46445074062499997
7 1 0.452629884375 0.5248037921875001 0.5868860296875 0.5752230593750001 0.7496238390625 1 0.6296125375 1 0.452629884375
5 1 0.4849617890625 0.9319305484375 0.504193303125 0.9484041703124999 0.5573650625 1 0.5427878046875 1 0.4849617890625