1 0.46608525937499995 0.6195987875 0.42768367500000004 0.446402340625 0.0967310796875 0.4995354109375 0.13513266562499998 0.6727318578125 0.46608525937499995 0.6195987875
3 0.43085410625 0.39208846875000003 0.4131689609375 0.312326025 0.18439680625 0.34905445 0.2020819515625 0.4288168921875 0.43085410625 0.39208846875000003
1 0.389427715625 0.2727655640625 0.3479890140625 0.085871296875 0.0170544890625 0.139001465625 0.058493190625000004 0.32589573125000004 0.389427715625 0.2727655640625
6 0.9986772 0.5399488046875 0.9590724125 0.3613257453125 0.65773498125 0.40970422500000003 0.69733976875 0.58832728125 0.9986772 0.5399488046875
0 0.0059543578125 0.5117162984375 0.1460712375 0.4892211140625 0.10892331250000001 0.321678846875 0.003939195312499999 0.33853361249999997 0.0059543578125 0.5117162984375
2 0.3545677453125 0.079168134375 0.38404428125 0.21211137500000002 0.5645902125 0.1844760328125 0.577883665625 0.2444313421875 0.9222976968750001 0.18913709375 0.8896615656250001 0.0466251875 0.6425593328125 0.0336751078125 0.3545677453125 0.079168134375
9 0.5542433921875001 0.18169573125 0.5265056796875001 0.056594821875 0.35837323125 0.083587790625 0.38611094375 0.2086887015625 0.5542433921875001 0.18169573125
10 1 0.5521600265625 0.99848119375 0.5453100015625 0.6608069171875 0.599522209375 0.6777274453125 0.675836128125 1 0.624096603125 1 0.5521600265625
9 0.6910896640625 0.5852880953125 0.6660921484375 0.4725458546875 0.45622021406249996 0.5062399265625 0.481217728125 0.6189821671875 0.6910896640625 0.5852880953125
7 0.9515691984375 0.3574453609375 0.9155041546874999 0.19478704375 0.41988837031250004 0.27435610625 0.4559534140625 0.437014425 0.9515691984375 0.3574453609375
5 0.96595885 0.3243623265625 0.954175221875 0.271216540625 0.8330945640625 0.290655540625 0.844878190625 0.3438013265625 0.96595885 0.3243623265625