0 0.3144100296875 0.0008400453125 0.0174041296875 0.0008400453125 0.0174041296875 0.1415304953125 0.3144100296875 0.1415304953125 0.3144100296875 0.0008400453125
6 0.812949853125 0.14814729531249998 0.4692772859375 0.14814729531249998 0.4692772859375 0.3931070203125 0.812949853125 0.3931070203125 0.812949853125 0.14814729531249998
9 0.9805457234375 0.459321059375 0.823554571875 0.459321059375 0.823554571875 0.6744879171875 0.9805457234375 0.6744879171875 0.9805457234375 0.459321059375
7 0.4629056046875 0.14814729531249998 0.0131563421875 0.14814729531249998 0.0131563421875 0.532140390625 0.4629056046875 0.532140390625 0.4629056046875 0.14814729531249998
9 0.29336283124999996 0.843268125 0.0132595875 0.843268125 0.0132595875 0.9807019562500001 0.29336283124999996 0.9807019562500001 0.29336283124999996 0.843268125
1 0.46079646093750004 0.5387687 0.015280235937500001 0.5387687 0.015280235937500001 0.836697353125 0.46079646093750004 0.836697353125 0.46079646093750004 0.5387687
2 0.4629056046875 0.8400115078124999 0.006799409375 0.8383544296875 0.008923303125 0.9856616796875001 0.9869026546875 0.984004603125 0.9869026546875 0.6827617953125 0.46715339218749996 0.681116225 0.4629056046875 0.8400115078124999
3 0.7664011796875 0.41812428125 0.586814159375 0.41812428125 0.586814159375 0.591254315625 0.7664011796875 0.591254315625 0.7664011796875 0.41812428125
5 0.456548671875 0.11835442968750001 0.33138643125 0.11835442968750001 0.33138643125 0.2375258921875 0.456548671875 0.2375258921875 0.456548671875 0.11835442968750001
10 0.9890265484375 0.15146145 0.823554571875 0.15146145 0.823554571875 0.45104718125 0.9890265484375 0.45104718125 0.9890265484375 0.15146145
4 0.45724188750000005 0.84537399375 0.30550147499999997 0.84537399375 0.30550147499999997 0.97754890625 0.45724188750000005 0.97754890625 0.45724188750000005 0.84537399375