0 0.6855899703125 0.1415304953125 0.9825958703125 0.1415304953125 0.9825958703125 0.0008400453125 0.6855899703125 0.0008400453125 0.6855899703125 0.1415304953125
6 0.187050146875 0.3931070203125 0.5307227140624999 0.3931070203125 0.5307227140624999 0.14814729531249998 0.187050146875 0.14814729531249998 0.187050146875 0.3931070203125
9 0.0194542765625 0.6744879171875 0.176445428125 0.6744879171875 0.176445428125 0.459321059375 0.0194542765625 0.459321059375 0.0194542765625 0.6744879171875
7 0.5370943953125 0.532140390625 0.9868436578124999 0.532140390625 0.9868436578124999 0.14814729531249998 0.5370943953125 0.14814729531249998 0.5370943953125 0.532140390625
9 0.70663716875 0.9807019562500001 0.9867404125 0.9807019562500001 0.9867404125 0.843268125 0.70663716875 0.843268125 0.70663716875 0.9807019562500001
1 0.5392035390625 0.836697353125 0.9847197640625 0.836697353125 0.9847197640625 0.5387687 0.5392035390625 0.5387687 0.5392035390625 0.836697353125
2 0.5328466078125 0.681116225 0.0130973453125 0.6827617953125 0.0130973453125 0.984004603125 0.991076696875 0.9856616796875001 0.993200590625 0.8383544296875 0.5370943953125 0.8400115078124999 0.5328466078125 0.681116225
3 0.23359882031249998 0.591254315625 0.413185840625 0.591254315625 0.413185840625 0.41812428125 0.23359882031249998 0.41812428125 0.23359882031249998 0.591254315625
5 0.543451328125 0.2375258921875 0.66861356875 0.2375258921875 0.66861356875 0.11835442968750001 0.543451328125 0.11835442968750001 0.543451328125 0.2375258921875
10 0.0109734515625 0.45104718125 0.176445428125 0.45104718125 0.176445428125 0.15146145 0.0109734515625 0.15146145 0.0109734515625 0.45104718125
4 0.5427581125 0.97754890625 0.694498525 0.97754890625 0.694498525 0.84537399375 0.5427581125 0.84537399375 0.5427581125 0.97754890625