0 0.3136300890625 1 0.301990528125 0.87531803125 0.028848690625 0.90081691875 0.03810783125 1 0.3136300890625 1
6 0.46887450625 0.852519503125 0.840696553125 0.8178084234374999 0.81596208125 0.5528549375 0.44414003593749996 0.587566015625 0.46887450625 0.852519503125
9 0.820749540625 0.4801653859375 0.990599496875 0.4643092125 0.9688733218750001 0.23158030312500003 0.7990233625000001 0.24743647656249998 0.820749540625 0.4801653859375
7 0 0.591792246875 0.028180570312499997 0.89366005 0.4619809359375 0.853163046875 0.42320776093749995 0.43782819999999995 0 0.47733633906249995 0 0.591792246875
9 0 0.1378813890625 0.20836241093750002 0.11842992187500001 0.200205509375 0.031053896874999997 0 0.049743884375000005 0 0.1378813890625
1 0 0.47010454375000005 0.42025657812499995 0.43087190781249995 0.390173640625 0.10862613437499999 0 0.1450504078125 0 0.47010454375000005
2 0 0.14287164531250002 0.3921209 0.104828453125 0.41276084687500003 0.2762638375 0.9699382734374999 0.22246959375 0.9502020218749999 0.0110566015625 0.473796109375 0.0055131171875000004 0 0.049743884375000005 0 0.14287164531250002
3 0.5687780171875 0.54863555625 0.763074625 0.5304971890625 0.745593059375 0.34323617500000003 0.5512964515625 0.3613745421875 0.5687780171875 0.54863555625
5 0.322697603125 0.8986711171874999 0.4581116140625 0.886029675 0.4460784390625 0.7571313671875 0.31066442968749997 0.7697728078125 0.322697603125 0.8986711171874999
10 0.8518352406249999 0.8131526859375 0.9908244890625 0.8001774812500001 0.9944868828125 0.4854321625 0.9933338656249999 0.4730811375 0.8215849828125 0.48911458281250003 0.8518352406249999 0.8131526859375
4 0.385451809375 0.099600315625 0.37750754531249997 0.014502040625 0.213338403125 0.0298278875 0.22128266874999997 0.1149261640625 0.385451809375 0.099600315625