0 0.1260476546875 0.979523121875 0.10994846250000001 0.7026890609375 0.015524571875 0.70544070625 0.031335546874999995 0.9773186734375001 0.1260476546875 0.979523121875
6 0.36847400625 0.5298063265625 0.347171246875 0.1634942140625 0.08609820781250001 0.1711022484375 0.10740096875 0.5374143625000001 0.36847400625 0.5298063265625
9 0.4083524515625 0 0.41708346875 0.15013440625000002 0.646403884375 0.14345168749999998 0.6380614984374999 0 0.4083524515625 0
7 0.5170478703125 0.5322796046875 0.1077959203125 0.54420578125 0.13312123125 0.9796877609375001 0.5189107859375001 0.9886671125 0.543547184375 0.9879491734375 0.5170478703125 0.5322796046875
9 1 0.6992234140625 0.8591506296875 0.7033279625 0.875140728125 0.9782860718749999 1 0.9746474968750001 1 0.6992234140625
1 0.5242429234375 0.5343218249999999 0.5506115 0.987743309375 0.8681377359375 0.9784901484375 0.8417691578125 0.525068665625 0.5242429234375 0.5343218249999999
2 0.646796546875 0 0.67555995 0.5231250546874999 0.8451705781250001 0.5227176453125 0.8700145499999999 0.9784354562500001 1 0.9746474984375 1 0.5252065265625 0.9685654109374999 0 0.646796546875 0
3 0.5723697265625 0.3983725515625 0.5612379109375001 0.2069551734375 0.376719478125 0.2123323015625 0.38785129375 0.40374967812499996 0.5723697265625 0.3983725515625
5 0.211206090625 0.6816128781249999 0.20344782968750003 0.5482055296875 0.07643733593749999 0.55190679375 0.08419559531250001 0.6853141421875 0.211206090625 0.6816128781249999
10 0.0796859546875 0 0.08897302343749999 0.15969600625 0.40826533749999994 0.1503913796875 0.3995193765625 0 0.0796859546875 0
4 1 0.6602211296875 0.9921061812499999 0.5244827843750001 0.851236875 0.5285879125 0.8606426 0.6903242781250001 1 0.6862632078125 1 0.6602211296875