0 0.9686644531249999 0.9773186734375001 0.9844754281249999 0.70544070625 0.8900515375 0.7026890609375 0.8739523453125001 0.979523121875 0.9686644531249999 0.9773186734375001
6 0.89259903125 0.5374143625000001 0.9139017921875 0.1711022484375 0.652828753125 0.1634942140625 0.63152599375 0.5298063265625 0.89259903125 0.5374143625000001
9 0.36193850156249996 0 0.353596115625 0.14345168749999998 0.58291653125 0.15013440625000002 0.5916475484375 0 0.36193850156249996 0
7 0.45645281562499995 0.9879491734375 0.48108921406249994 0.9886671125 0.86687876875 0.9796877609375001 0.8922040796875 0.54420578125 0.4829521296875 0.5322796046875 0.45645281562499995 0.9879491734375
9 0 0.9746474968750001 0.12485927187500001 0.9782860718749999 0.1408493703125 0.7033279625 0 0.6992234140625 0 0.9746474968750001
1 0.1582308421875 0.525068665625 0.13186226406249998 0.9784901484375 0.44938849999999997 0.987743309375 0.4757570765625 0.5343218249999999 0.1582308421875 0.525068665625
2 0.031434589062500004 0 0 0.5252065265625 0 0.9746474984375 0.12998545 0.9784354562500001 0.15482942187499998 0.5227176453125 0.32444005 0.5231250546874999 0.353203453125 0 0.031434589062500004 0
3 0.61214870625 0.40374967812499996 0.623280521875 0.2123323015625 0.43876208906249997 0.2069551734375 0.42763027343750004 0.3983725515625 0.61214870625 0.40374967812499996
5 0.9158044046875 0.6853141421875 0.9235626640625 0.55190679375 0.7965521703125 0.5482055296875 0.788793909375 0.6816128781249999 0.9158044046875 0.6853141421875
10 0.6004806234375 0 0.5917346625000001 0.1503913796875 0.9110269765625001 0.15969600625 0.9203140453125 0 0.6004806234375 0
4 0 0.6862632078125 0.13935740000000002 0.6903242781250001 0.148763125 0.5285879125 0.00789381875 0.5244827843750001 0 0.6602211296875 0 0.6862632078125