1 0.3386009890625 1 0.2951957046875 0.8233234812499999 0.11122874375 0.855125121875 0.14682110937499998 1 0.3386009890625 1
2 0.56949273125 1 0.710093996875 0.9719814 0.6506403265625 0.735256121875 0.6161843328125001 0.7426914499999999 0.5910414546875 0.6508989859375001 0.4596298984375 0.675094640625 0.540725928125 1 0.56949273125 1
0 0.208192234375 0.4375385265625 0.35735463749999996 0.41175341093749995 0.3350463640625 0.3209499984375 0.18588396093749998 0.3467351125 0.208192234375 0.4375385265625
7 0.3308416609375 0.947318671875 0.514808621875 0.91551703125 0.4363811015625 0.5962862828125 0.2524141390625 0.628087921875 0.3308416609375 0.947318671875
5 0.44475973281250003 0.6673117765625001 0.5752768328125 0.6447498015625001 0.5536715046875 0.5568076421875 0.42315440468750004 0.57936961875 0.44475973281250003 0.6673117765625001
6 0.426923725 0.5683399687499999 0.602189546875 0.5380424578125 0.5652414703125 0.3876493046875 0.38997565 0.41794681406249995 0.426923725 0.5683399687499999
10 0.36640434375000003 0.4116680828125 0.5255109046875 0.3841639609375 0.50320263125 0.293360546875 0.34409606875 0.32086466874999997 0.36640434375000003 0.4116680828125
9 0.13410990312499999 0.7372822296875 0.2633839859375 0.7149351296875001 0.2417728453125 0.6269693234375 0.11249876406249999 0.6493164218749999 0.13410990312499999 0.7372822296875
0 0.5223429796875 1 0.5337824734375001 0.9980225 0.5146113031249999 0.9199883171875 0.3331303796875 0.9513602062500001 0.3450800390625 1 0.5223429796875 1
9 0.11219618125 0.8430637890625 0.23525516249999998 0.8217910703125 0.21364402187499998 0.7338252640625 0.090585040625 0.7550979828125 0.11219618125 0.8430637890625
9 0.48631565156249995 0.7650797093749999 0.6131036937500001 0.7431623609375 0.592180975 0.6579986921875001 0.46539293437499996 0.6799160390625001 0.48631565156249995 0.7650797093749999
2 0.063323853125 0.6548589781249999 0.10329781093749998 0.6435116625 0.129289071875 0.7440318218749999 0.267612859375 0.72159939375 0.1796688625 0.3478094921875 0.0197438265625 0.3767346453125 0.026642903125 0.508376871875 0.063323853125 0.6548589781249999
3 0.30057980156249997 0.6017788265624999 0.3862238796875 0.586973875 0.35327851093749996 0.45287331249999996 0.2676344328125 0.4676782640625 0.30057980156249997 0.6017788265624999