1 0.7679775656250001 0.022345865625 0.7918296640625 0.22749697656249998 0.9825319968749999 0.21968519843749998 0.9602385609375 0.0279400890625 0.7679775656250001 0.022345865625
2 0.3903607734375 0.0260072609375 0.4199141578125 0.26905956249999996 0.45582372656250003 0.26612593906250004 0.469402078125 0.3606421140625 0.605816928125 0.35359147343749997 0.5653317 0.016449471875 0.5442801671875 0.015836935937499998 0.3903607734375 0.0260072609375
0 0.829965409375 0.6223135359375 0.675341896875 0.628647409375 0.6861739375 0.7218134296875001 0.84079745 0.71547955625 0.829965409375 0.6223135359375
7 0.77178149375 0.0996048265625 0.581079159375 0.1074166046875 0.6191605515624999 0.43495339375000003 0.809862884375 0.42714161562499997 0.77178149375 0.0996048265625
5 0.6198869765625 0.36325368281250003 0.48459140312500004 0.368795821875 0.4950821203125 0.4590261421875 0.6303776937500001 0.453484003125 0.6198869765625 0.36325368281250003
6 0.6251226234375 0.463962209375 0.4434399953125 0.4714045109375 0.46138056250000004 0.62571073125 0.6430631890625 0.6182684296875001 0.6251226234375 0.463962209375
10 0.6661529421875 0.627561165625 0.5012211953125 0.634317296875 0.5120532359375 0.7274833171874999 0.6769849828125001 0.7207271859375 0.6661529421875 0.627561165625
9 0.944023125 0.3338868578125 0.81001608125 0.33937621562500003 0.8205096203125001 0.429630796875 0.9545166640625 0.42414143906249996 0.944023125 0.3338868578125
0 0.7699852109374999 0.0952904515625 0.7614822625000001 0.0221568703125 0.662082403125 0.0192646296875 0.5725511531249999 0.0229321171875 0.5818599375 0.10299666562500001 0.7699852109374999 0.0952904515625
9 0.9799845171875001 0.2315517125 0.8524201171874999 0.23677715781250003 0.8629136562499999 0.32703174062499996 0.99047805625 0.32180629375 0.9799845171875001 0.2315517125
9 0.5904391375 0.26067260625 0.45900915312499996 0.266056396875 0.46916842187499996 0.353435934375 0.6005984062499999 0.34805214218749997 0.5904391375 0.26067260625
2 1 0.425737065625 0.96309409375 0.431103340625 0.9497887703125001 0.3278000703125 0.8065927703125 0.332203184375 0.847240096875 0.71521564375 1 0.7077933062499999 1 0.425737065625
3 0.75759844375 0.447065946875 0.6688187765625 0.45070264687500006 0.68481578125 0.588292359375 0.77359545 0.5846556609375 0.75759844375 0.447065946875