1 0.853178890625 1 0.8887712562500001 0.855125121875 0.7048042953125 0.8233234812499999 0.6613990109375 1 0.853178890625 1
2 0.459274071875 1 0.5403701015625 0.675094640625 0.40895854531250003 0.6508989859375001 0.38381566718750004 0.7426914499999999 0.3493596734375 0.735256121875 0.289906003125 0.9719814 0.43050726875 1 0.459274071875 1
0 0.8141160390625 0.3467351125 0.6649536359375 0.3209499984375 0.6426453624999999 0.41175341093749995 0.791807765625 0.4375385265625 0.8141160390625 0.3467351125
7 0.7475858609375 0.628087921875 0.5636188984375 0.5962862828125 0.485191378125 0.91551703125 0.6691583390625 0.947318671875 0.7475858609375 0.628087921875
5 0.5768455953125 0.57936961875 0.4463284953125 0.5568076421875 0.42472316718750003 0.6447498015625001 0.5552402671875 0.6673117765625001 0.5768455953125 0.57936961875
6 0.61002435 0.41794681406249995 0.43475852968749995 0.3876493046875 0.397810453125 0.5380424578125 0.573076275 0.5683399687499999 0.61002435 0.41794681406249995
10 0.65590393125 0.32086466874999997 0.49679736874999997 0.293360546875 0.4744890953125 0.3841639609375 0.63359565625 0.4116680828125 0.65590393125 0.32086466874999997
9 0.8875012359375001 0.6493164218749999 0.7582271546875 0.6269693234375 0.7366160140625 0.7149351296875001 0.8658900968750001 0.7372822296875 0.8875012359375001 0.6493164218749999
0 0.6549199609375 1 0.6668696203125 0.9513602062500001 0.485388696875 0.9199883171875 0.4662175265625 0.9980225 0.4776570203125 1 0.6549199609375 1
9 0.909414959375 0.7550979828125 0.786355978125 0.7338252640625 0.7647448375 0.8217910703125 0.8878038187499999 0.8430637890625 0.909414959375 0.7550979828125
9 0.534607065625 0.6799160390625001 0.40781902499999995 0.6579986921875001 0.38689630625000004 0.7431623609375 0.5136843484375 0.7650797093749999 0.534607065625 0.6799160390625001
2 0.9733570968749999 0.508376871875 0.9802561734375 0.3767346453125 0.8203311375 0.3478094921875 0.732387140625 0.72159939375 0.8707109281250001 0.7440318218749999 0.8967021890625 0.6435116625 0.9366761468749999 0.6548589781249999 0.9733570968749999 0.508376871875
3 0.7323655671875 0.4676782640625 0.6467214890624999 0.45287331249999996 0.6137761203125 0.586973875 0.6994201984374999 0.6017788265624999 0.7323655671875 0.4676782640625