1 0.22511247499999998 0.0334712640625 0.0435173828125 0.0334712640625 0.0435173828125 0.236229884375 0.22511247499999998 0.236229884375 0.22511247499999998 0.0334712640625
2 0.5453578734375 0.3493333328125 0.5478118609375 0.25967816093749996 0.5821676890624999 0.261057471875 0.5833946828125 0.03071264375 0.41652351718749997 0.026574712499999997 0.4152965234375 0.3479540234375 0.5453578734375 0.3493333328125
0 0.3797137015625 0.6100229890625 0.2324744375 0.6100229890625 0.2324744375 0.69829885 0.3797137015625 0.69829885 0.3797137015625 0.6100229890625
7 0.41161554218749996 0.114850575 0.23002045 0.114850575 0.23002045 0.4251954015625 0.41161554218749996 0.4251954015625 0.41161554218749996 0.114850575
5 0.531860940625 0.3576091953125 0.40302658437499994 0.3576091953125 0.40302658437499994 0.4431034484375 0.531860940625 0.4431034484375 0.531860940625 0.3576091953125
6 0.5821676890624999 0.452781609375 0.40916155468750004 0.452781609375 0.40916155468750004 0.59898850625 0.5821676890624999 0.59898850625 0.5821676890624999 0.452781609375
10 0.5453578734375 0.608643678125 0.3883026578125 0.608643678125 0.3883026578125 0.696919540625 0.5453578734375 0.696919540625 0.5453578734375 0.608643678125
9 0.2202044984375 0.34243678125 0.09259713750000001 0.34243678125 0.09259713750000001 0.4279540234375 0.2202044984375 0.4279540234375 0.2202044984375 0.34243678125
0 0.41038854843749994 0.034850575 0.23124744375 0.034850575 0.23124744375 0.11071264375 0.41038854843749994 0.11071264375 0.41038854843749994 0.034850575
9 0.16871165625 0.2473218390625 0.0472392640625 0.2473218390625 0.0472392640625 0.3328390796875 0.16871165625 0.3328390796875 0.16871165625 0.2473218390625
9 0.5447852765625 0.2597356328125 0.41963190156249996 0.2597356328125 0.41963190156249996 0.3425287359375 0.5447852765625 0.3425287359375 0.5447852765625 0.2597356328125
2 0.22633946875 0.69829885 0.22265848593749998 0.33554022968749997 0.08646216718750001 0.33691954062499996 0.0852351734375 0.434850575 0.0447443765625 0.43071264375 0.0435173828125 0.696919540625 0.22633946875 0.69829885
3 0.36628834375 0.4419655171875 0.281748465625 0.4419655171875 0.281748465625 0.5723333328125 0.36628834375 0.5723333328125 0.36628834375 0.4419655171875