1 0.774887525 0.236229884375 0.9564826171874999 0.236229884375 0.9564826171874999 0.0334712640625 0.774887525 0.0334712640625 0.774887525 0.236229884375
2 0.5847034765625 0.3479540234375 0.5834764828125001 0.026574712499999997 0.41660531718750005 0.03071264375 0.41783231093750006 0.261057471875 0.45218813906250005 0.25967816093749996 0.45464212656249997 0.3493333328125 0.5847034765625 0.3479540234375
0 0.6202862984374999 0.69829885 0.7675255625 0.69829885 0.7675255625 0.6100229890625 0.6202862984374999 0.6100229890625 0.6202862984374999 0.69829885
7 0.5883844578125 0.4251954015625 0.76997955 0.4251954015625 0.76997955 0.114850575 0.5883844578125 0.114850575 0.5883844578125 0.4251954015625
5 0.468139059375 0.4431034484375 0.5969734156250001 0.4431034484375 0.5969734156250001 0.3576091953125 0.468139059375 0.3576091953125 0.468139059375 0.4431034484375
6 0.41783231093750006 0.59898850625 0.5908384453125 0.59898850625 0.5908384453125 0.452781609375 0.41783231093750006 0.452781609375 0.41783231093750006 0.59898850625
10 0.45464212656249997 0.696919540625 0.6116973421874999 0.696919540625 0.6116973421874999 0.608643678125 0.45464212656249997 0.608643678125 0.45464212656249997 0.696919540625
9 0.7797955015625 0.4279540234375 0.9074028625 0.4279540234375 0.9074028625 0.34243678125 0.7797955015625 0.34243678125 0.7797955015625 0.4279540234375
0 0.5896114515625 0.11071264375 0.76875255625 0.11071264375 0.76875255625 0.034850575 0.5896114515625 0.034850575 0.5896114515625 0.11071264375
9 0.83128834375 0.3328390796875 0.9527607359375001 0.3328390796875 0.9527607359375001 0.2473218390625 0.83128834375 0.2473218390625 0.83128834375 0.3328390796875
9 0.4552147234375 0.3425287359375 0.5803680984375 0.3425287359375 0.5803680984375 0.2597356328125 0.4552147234375 0.2597356328125 0.4552147234375 0.3425287359375
2 0.9564826171874999 0.696919540625 0.9552556234375 0.43071264375 0.9147648265624999 0.434850575 0.9135378328125 0.33691954062499996 0.7773415140625 0.33554022968749997 0.77366053125 0.69829885 0.9564826171874999 0.696919540625
3 0.63371165625 0.5723333328125 0.718251534375 0.5723333328125 0.718251534375 0.4419655171875 0.63371165625 0.4419655171875 0.63371165625 0.5723333328125