3 0.758492646875 0.2640145984375 0.6308455875 0.2640145984375 0.6308455875 0.4042700734375 0.758492646875 0.4042700734375 0.758492646875 0.2640145984375
7 0.6903308828125 0.4362043796875 0.3735661765625 0.4362043796875 0.3735661765625 0.643248175 0.6903308828125 0.643248175 0.6903308828125 0.4362043796875
9 0.5125 0.65 0.3596691171875 0.65 0.3596691171875 0.74255474375 0.5125 0.74255474375 0.5125 0.65
9 0.883492646875 0.05069343125 0.786397059375 0.05069343125 0.786397059375 0.1985401453125 0.883492646875 0.1985401453125 0.883492646875 0.05069343125
9 0.5110294125 0.245255475 0.41393382343749996 0.245255475 0.41393382343749996 0.3598540140625 0.5110294125 0.3598540140625 0.5110294125 0.245255475
1 0.513897059375 0.43218978124999996 0.5111029406250001 0.3646350359375 0.40691176406249996 0.3646350359375 0.40691176406249996 0.23773722656250001 0.1693014703125 0.2335766421875 0.1720955875 0.43083941562500006 0.513897059375 0.43218978124999996
2 0.77926470625 0.27083941562499997 0.7834558828125 0.203248175 0.887647059375 0.2046350359375 0.8904411765625 0.0459854015625 0.5083455875 0.039087590625 0.513897059375 0.26394160625 0.77926470625 0.27083941562499997
2 0.776507353125 0.6473722625 0.3527205875 0.6446350359374999 0.3513235296875 0.7466788328125 0.5083455875 0.7494525546874999 0.5083455875 0.8611678828124999 0.777867646875 0.85843065625 0.776507353125 0.6473722625
6 0.887647059375 0.3646350359375 0.7904044125 0.36598540156250003 0.7904411765625 0.43905109531250003 0.693125 0.43773722656249997 0.694522059375 0.556350365625 0.8862500000000001 0.554963503125 0.887647059375 0.3646350359375
5 0.7834558828125 0.561715328125 0.6903308828125 0.561715328125 0.6903308828125 0.6473722625 0.7834558828125 0.6473722625 0.7834558828125 0.561715328125
0 0.369375 0.43908759062499997 0.27073529375 0.43908759062499997 0.27073529375 0.643248175 0.369375 0.643248175 0.369375 0.43908759062499997