3 0.22305933281249998 0.237345003125 0.24256466250000003 0.36928131249999996 0.3899554203125 0.339127646875 0.37045009218749997 0.2071913375 0.22305933281249998 0.237345003125
7 0.414424584375 0.2707779140625 0.462828359375 0.5981866765625 0.6804051984374999 0.553674121875 0.632001421875 0.226265359375 0.414424584375 0.2707779140625
9 0.666270490625 0.40862020781249997 0.6896240765625 0.566586575 0.7868874046875 0.5466881375 0.76353381875 0.38872176875000003 0.666270490625 0.40862020781249997
9 0 0.25326477812500003 0.149989984375 0.22257935468749998 0.135153125 0.122221121875 0 0.1498711734375 0 0.25326477812500003
9 0.2411599125 0.49715664375 0.2559967703125 0.5975148781249999 0.3764253375 0.572877221875 0.36158848125 0.4725189875 0.2411599125 0.49715664375
1 0.4371660234375 0.4540034421875 0.3666014921875 0.4714151109375 0.38252260625 0.5791073640625 0.249169059375 0.6063892515625 0.2811052625 0.8528783109375 0.48797652343750003 0.8075805828125 0.4371660234375 0.4540034421875
2 0 0.351126334375 0.024913653124999997 0.544254890625 0.2603584765625 0.4901752859375 0.227057240625 0.2144076796875 0.1553869578125 0.224607178125 0.14092326093750002 0.11661676406249999 0 0.1429387484375 0 0.351126334375
2 0.623166971875 0.136306509375 0.6850479625 0.5749220109375 0.792496559375 0.554427515625 0.7714173640624999 0.3915328109375 0.88881604375 0.36751501875 0.8447547828124999 0.08952485 0.623166971875 0.136306509375
6 0.3090630203125 0.082218203125 0.3253414140625 0.1824381203125 0.402118596875 0.1666916546875 0.41560845156250004 0.2675603578125 0.5400423765625 0.24061559843749997 0.5092876421875 0.042743296874999996 0.3090630203125 0.082218203125
5 0.5320905890625001 0.1475399625 0.5463207140625 0.24379418749999998 0.6363353171874999 0.2253787171875 0.6221051906249999 0.1291244921875 0.5320905890625001 0.1475399625
0 0.46649869062500005 0.6018988234375 0.4815715015625 0.7038530609375 0.6961184484375 0.659960371875 0.6810456390625 0.5580061328125 0.46649869062500005 0.6018988234375