3 0.31346700156249996 0.177259396875 0.2921291203125 0.3078198203125 0.4347505296875 0.327126665625 0.4560884109375 0.19656624375 0.31346700156249996 0.177259396875
7 0.47716727499999995 0.27067961406249996 0.424215896875 0.5946740265625 0.6347522640625 0.623174609375 0.6877036421875 0.2991801953125 0.47716727499999995 0.27067961406249996
9 0.664842596875 0.4819992390625 0.639294909375 0.6383182703125 0.7334109359375 0.6510588796875 0.7589586234375 0.49473984687500006 0.664842596875 0.4819992390625
9 0.11744276093749999 0.020041757812499998 0.10121195937500001 0.11935341562499999 0.2515526640625 0.13970523125 0.2677834671875 0.040393573437500004 0.11744276093749999 0.020041757812499998
9 0.25302470625 0.427788346875 0.236793903125 0.5271000046875 0.3533255796875 0.5428750499999999 0.36955638125 0.44356339218749996 0.25302470625 0.427788346875
1 0.4435917265625 0.4505876625 0.37443034375 0.44414631406250005 0.3570134203125 0.5507155078125 0.227975003125 0.5332474109375 0.18402455625 0.7757080968750001 0.38508198125000004 0.800004384375 0.4435917265625 0.4505876625
2 0.32387926718750004 0.1569527140625 0.25584845624999997 0.1433616203125 0.274675634375 0.036983332812500005 0.11381685 0.012286553125 0.042930390624999995 0.40215341718750003 0.27250541250000004 0.4274274875 0.32387926718750004 0.1569527140625
2 0.7063028265625 0.21160456875000003 0.6326779078125 0.6446868765625 0.73620951875 0.66016264375 0.765278328125 0.49993859374999994 0.8788781546875001 0.51531675 0.9211489046875 0.23926643749999998 0.7063028265625 0.21160456875000003
6 0.4373746359375 0.05900810937499999 0.4224923953125 0.158656065625 0.4967967609375 0.168676309375 0.4791930515625 0.268032728125 0.6000405843750001 0.2829314578125 0.63068016875 0.0866366875 0.4373746359375 0.05900810937499999
5 0.6203625046875 0.1927063578125 0.6047954375 0.28795680468749996 0.6918972984375 0.299747896875 0.7074643640625 0.20449745 0.6203625046875 0.1927063578125
0 0.42644713593750005 0.5993577515624999 0.40995821406250005 0.7002487671875001 0.6175627343750001 0.7283524625 0.6340516546875 0.62746144375 0.42644713593750005 0.5993577515624999