7 0.9865372171875 0.16892980468750002 0.6956094937499999 0.16892980468750002 0.6956094937499999 0.501116225 0.9865372171875 0.501116225 0.9865372171875 0.16892980468750002
1 0.6880690406250001 0.163187571875 0.452092771875 0.163187571875 0.452092771875 0.4620368234375 0.6880690406250001 0.4620368234375 0.6880690406250001 0.163187571875
0 0.9765156421875 0.050794015625 0.6881769140625 0.050794015625 0.6881769140625 0.1625201375 0.9765156421875 0.1625201375 0.9765156421875 0.050794015625
0 0.3067313921875 0.008032220312500001 0.0196871625 0.008032220312500001 0.0196871625 0.107341771875 0.3067313921875 0.107341771875 0.3067313921875 0.008032220312500001
10 0.5337648328125 0.7758342921875 0.4208414234375 0.7758342921875 0.4208414234375 0.9860644421875 0.5337648328125 0.9860644421875 0.5337648328125 0.7758342921875
9 0.612642934375 0.563187571875 0.4941100328125 0.563187571875 0.4941100328125 0.763187571875 0.612642934375 0.763187571875 0.612642934375 0.563187571875
9 0.48118662343749996 0.5620368234375 0.2904638625 0.5620368234375 0.2904638625 0.6930724968749999 0.48118662343749996 0.6930724968749999 0.48118662343749996 0.5620368234375
9 0.4456310671875 0.13904487968749998 0.3238727078125 0.13904487968749998 0.3238727078125 0.363187571875 0.4456310671875 0.363187571875 0.4456310671875 0.13904487968749998
2 0.0210895359375 0.46433832031250005 0.0232470328125 0.7712313 0.292621359375 0.770080553125 0.2937001078125 0.701116225 0.48980582500000003 0.6988147296875 0.4887270765625 0.5608860765625 0.368047465625 0.5585845796875 0.3658899671875 0.4654890671875 0.0210895359375 0.46433832031250005
2 0.4456310671875 0.1137629453125 0.0232470328125 0.1137629453125 0.0232470328125 0.46433832031250005 0.4456310671875 0.46433832031250005 0.4456310671875 0.1137629453125
5 0.9907335484375001 0.730794015625 0.78501618125 0.730794015625 0.78501618125 0.8563060984374999 0.9907335484375001 0.8563060984374999 0.9907335484375001 0.730794015625
3 0.8587378640625 0.5546950515625 0.6657281546875 0.5546950515625 0.6657281546875 0.6911507484375 0.8587378640625 0.6911507484375 0.8587378640625 0.5546950515625
6 0.779978425 0.984591484375 0.7786407765625001 0.7349827390625 0.622233009375 0.7321749140625 0.622233009375 0.7735558109375 0.5394821999999999 0.774936709375 0.5407659109375 0.984591484375 0.779978425 0.984591484375