7 0.013462782812499999 0.501116225 0.30439050624999997 0.501116225 0.30439050624999997 0.16892980468750002 0.013462782812499999 0.16892980468750002 0.013462782812499999 0.501116225
1 0.31193095937500004 0.4620368234375 0.5479072281249999 0.4620368234375 0.5479072281249999 0.163187571875 0.31193095937500004 0.163187571875 0.31193095937500004 0.4620368234375
0 0.023484357812500002 0.1625201375 0.3118230859375 0.1625201375 0.3118230859375 0.050794015625 0.023484357812500002 0.050794015625 0.023484357812500002 0.1625201375
0 0.6932686078125 0.107341771875 0.9803128375 0.107341771875 0.9803128375 0.008032220312500001 0.6932686078125 0.008032220312500001 0.6932686078125 0.107341771875
10 0.4662351671875 0.9860644421875 0.5791585765625 0.9860644421875 0.5791585765625 0.7758342921875 0.4662351671875 0.7758342921875 0.4662351671875 0.9860644421875
9 0.387357065625 0.763187571875 0.5058899671875 0.763187571875 0.5058899671875 0.563187571875 0.387357065625 0.563187571875 0.387357065625 0.763187571875
9 0.5188133765625 0.6930724968749999 0.7095361375 0.6930724968749999 0.7095361375 0.5620368234375 0.5188133765625 0.5620368234375 0.5188133765625 0.6930724968749999
9 0.5543689328125 0.363187571875 0.6761272921875 0.363187571875 0.6761272921875 0.13904487968749998 0.5543689328125 0.13904487968749998 0.5543689328125 0.363187571875
2 0.6341100328125 0.4654890671875 0.631952534375 0.5585845796875 0.5112729234375 0.5608860765625 0.510194175 0.6988147296875 0.7062998921875 0.701116225 0.707378640625 0.770080553125 0.9767529671874999 0.7712313 0.9789104640625 0.46433832031250005 0.6341100328125 0.4654890671875
2 0.5543689328125 0.46433832031250005 0.9767529671874999 0.46433832031250005 0.9767529671874999 0.1137629453125 0.5543689328125 0.1137629453125 0.5543689328125 0.46433832031250005
5 0.0092664515625 0.8563060984374999 0.21498381875 0.8563060984374999 0.21498381875 0.730794015625 0.0092664515625 0.730794015625 0.0092664515625 0.8563060984374999
3 0.1412621359375 0.6911507484375 0.3342718453125 0.6911507484375 0.3342718453125 0.5546950515625 0.1412621359375 0.5546950515625 0.1412621359375 0.6911507484375
6 0.45923408906249996 0.984591484375 0.46051780000000003 0.774936709375 0.37776699062499997 0.7735558109375 0.37776699062499997 0.7321749140625 0.2213592234375 0.7349827390625 0.220021575 0.984591484375 0.45923408906249996 0.984591484375