7 0.8634416390625 0.38784561875 0.9177668125 0.1201409609375 0.565701840625 0.029134639062500002 0.5113766656250001 0.296839296875 0.8634416390625 0.38784561875
1 0.8178204296875 0.6442218640624999 0.867926396875 0.3973087046875 0.5511935390625 0.31543548593750004 0.501087575 0.5623486453125001 0.8178204296875 0.6442218640624999
0 1 0.14139766250000002 0.92456004375 0.12189696406249999 0.8686566750000001 0.39737868125000003 0.9870686609374999 0.42798734843749997 1 0.36426404687499997 1 0.14139766250000002
0 0.91868848125 1 0.9513952437500001 0.838826978125 0.846142853125 0.8116199749999999 0.8079149890625 1 0.91868848125 1
10 0.025109125 0.3493714734375 0.005206528125 0.44744788125 0.0054531859375 0.46864570156249996 0.161876228125 0.509079959375 0.18585379375 0.3909228421875 0.025109125 0.3493714734375
9 0.40280553125 0.4906725734375 0.4279741875 0.366645978125 0.216005878125 0.3118536578125 0.1908372203125 0.4358802546875 0.40280553125 0.4906725734375
9 0.3607839796875 0.7040724796875 0.40128105312500006 0.504510209375 0.2624040015625 0.4686114671875 0.22190692812499999 0.6681737375 0.3607839796875 0.7040724796875
9 0.81618228125 0.78499876875 0.8420358140624999 0.6575972234374999 0.604480075 0.596190734375 0.578626540625 0.7235922796875001 0.81618228125 0.78499876875
2 0.4096628953125 1 0.47912489062499997 0.6516009453125 0.380916509375 0.6238388593749999 0.404101765625 0.4969355375 0.2581483015625 0.4580196359375 0.21406901875 0.662583828125 0.140748703125 0.6448189953125001 0.0829047109375 0.9236005328125 0.37846193906250003 1 0.4096628953125 1
2 0.8007525781249999 1 0.8688306562499999 0.6645235015625001 0.49727630781250004 0.5684793140625 0.409708028125 1 0.8007525781249999 1
5 0.1737798890625 0.008093928125 0.153915825 0.10598045468749999 0.286938746875 0.1403659453125 0.3124698015625 0.014553515625 0.1737798890625 0.008093928125
3 0.44824675156250005 0.3134270171875 0.4892294234375 0.1114718046875 0.3446080046875 0.0740881859375 0.303625334375 0.276043396875 0.44824675156250005 0.3134270171875
6 0.28114564375 0.14588928437499998 0.07732386875 0.09206663125 0.026521475 0.3424116671875 0.1880190859375 0.3851863921875 0.20705349218750002 0.29897860781249996 0.2509106859375 0.3103153828125 0.28114564375 0.14588928437499998