7 0.488623334375 0.296839296875 0.43429815937500005 0.029134639062500002 0.0822331875 0.1201409609375 0.1365583609375 0.38784561875 0.488623334375 0.296839296875
1 0.498912425 0.5623486453125001 0.4488064609375 0.31543548593750004 0.132073603125 0.3973087046875 0.1821795703125 0.6442218640624999 0.498912425 0.5623486453125001
0 0 0.36426404687499997 0.0129313390625 0.42798734843749997 0.131343325 0.39737868125000003 0.07543995625 0.12189696406249999 0 0.14139766250000002 0 0.36426404687499997
0 0.1920850109375 1 0.15385714687500002 0.8116199749999999 0.04860475625 0.838826978125 0.08131151875 1 0.1920850109375 1
10 0.81414620625 0.3909228421875 0.8381237718750001 0.509079959375 0.9945468140625 0.46864570156249996 0.994793471875 0.44744788125 0.974890875 0.3493714734375 0.81414620625 0.3909228421875
9 0.8091627796875001 0.4358802546875 0.783994121875 0.3118536578125 0.5720258125 0.366645978125 0.5971944687499999 0.4906725734375 0.8091627796875001 0.4358802546875
9 0.778093071875 0.6681737375 0.7375959984375 0.4686114671875 0.5987189468749999 0.504510209375 0.6392160203125 0.7040724796875 0.778093071875 0.6681737375
9 0.421373459375 0.7235922796875001 0.395519925 0.596190734375 0.1579641859375 0.6575972234374999 0.18381771875 0.78499876875 0.421373459375 0.7235922796875001
2 0.6215380609375 1 0.9170952890624999 0.9236005328125 0.859251296875 0.6448189953125001 0.78593098125 0.662583828125 0.7418516984375 0.4580196359375 0.595898234375 0.4969355375 0.619083490625 0.6238388593749999 0.520875109375 0.6516009453125 0.5903371046875 1 0.6215380609375 1
2 0.5902919718749999 1 0.5027236921875 0.5684793140625 0.13116934375 0.6645235015625001 0.199247421875 1 0.5902919718749999 1
5 0.6875301984375 0.014553515625 0.713061253125 0.1403659453125 0.846084175 0.10598045468749999 0.8262201109375 0.008093928125 0.6875301984375 0.014553515625
3 0.696374665625 0.276043396875 0.6553919953125 0.0740881859375 0.5107705765625 0.1114718046875 0.5517532484375 0.3134270171875 0.696374665625 0.276043396875
6 0.7490893140625 0.3103153828125 0.7929465078125 0.29897860781249996 0.8119809140625 0.3851863921875 0.973478525 0.3424116671875 0.92267613125 0.09206663125 0.7188543562499999 0.14588928437499998 0.7490893140625 0.3103153828125