9 0.5957155171874999 0.07935316875000001 0.49613793125 0.07935316875000001 0.49613793125 0.316144890625 0.5957155171874999 0.316144890625 0.5957155171874999 0.07935316875000001
6 0.9848189656249999 0.1632600265625 0.8231982765625 0.1632600265625 0.8231982765625 0.4598188875 0.9848189656249999 0.4598188875 0.9848189656249999 0.1632600265625
0 0.7856724140625 0.0206209578125 0.6010775859375 0.0206209578125 0.6010775859375 0.1621216046875 0.7856724140625 0.1621216046875 0.7856724140625 0.0206209578125
10 0.9840517234374999 0.018318240625000003 0.7910344828125 0.018318240625000003 0.7910344828125 0.1552134546875 0.9840517234374999 0.1552134546875 0.9840517234374999 0.018318240625000003
2 0.7067758625 0.7299353171875 0.707543103125 0.8149935312500001 0.9840517234374999 0.8149935312500001 0.98558620625 0.4655627421875 0.6056724140624999 0.46441138437499996 0.6071982765625 0.731086675 0.7067758625 0.7299353171875
9 0.7067758625 0.4701681765625 0.6094999999999999 0.4701681765625 0.6094999999999999 0.7264812421875 0.7067758625 0.7264812421875 0.7067758625 0.4701681765625
1 0.4923103453125 0.07591203125 0.268655171875 0.07591203125 0.268655171875 0.4598188875 0.4923103453125 0.4598188875 0.4923103453125 0.07591203125
7 0.6026034484375 0.4654463125 0.270181034375 0.4654463125 0.270181034375 0.8161707625 0.6026034484375 0.8161707625 0.6026034484375 0.4654463125
5 0.3536724140625 0.7160284609375 0.2709482765625 0.7160284609375 0.2709482765625 0.8207373875 0.3536724140625 0.8207373875 0.3536724140625 0.7160284609375
1 0.26558620624999996 0.6229236734375 0.0174224140625 0.6229236734375 0.0174224140625 0.9885510999999999 0.26558620624999996 0.9885510999999999 0.26558620624999996 0.6229236734375
3 0.8057155171874999 0.198861578125 0.6141206890625 0.198861578125 0.6141206890625 0.40963777500000004 0.8057155171874999 0.40963777500000004 0.8057155171874999 0.198861578125