9 0.079825475 0.497334046875 0.078609965625 0.601603790625 0.327356134375 0.6175150406250001 0.3285716421875 0.5132452953125 0.079825475 0.497334046875
6 0.47393730156249997 1 0.47550671875 0.8653711218750001 0.16397606250000002 0.8454438109375 0.1622703921875 0.991760865625 0.2910756859375 1 0.47393730156249997 1
0 0.0168472015625 0.60327200625 0.0159108484375 0.683594909375 0.0185461421875 0.796817865625 0.1632382328125 0.8060732109375 0.16549151875 0.612780159375 0.0168472015625 0.60327200625
10 0.0228759578125 0.9828443874999999 0.15381758750000002 0.9912201749999999 0.15591586875000002 0.8112237500000001 0.01867711875 0.8024451625 0.0228759578125 0.9828443874999999
2 0.8473211781250001 1 0.8500241453124999 0.768132209375 0.760681125 0.76161331875 0.76310611875 0.6574209390625 0.4829863328125 0.6379038984375 0.479866740625 1 0.8473211781250001 1
9 0.4889870328125 0.6422986703125 0.4877996203125 0.7441582328125 0.7570526703125 0.761381221875 0.758240084375 0.6595216578125 0.4889870328125 0.6422986703125
1 0.07898741718749999 0.25890093125 0.076257334375 0.493094875 0.47954575312500003 0.51889154375 0.4822758359375 0.2846976 0.07898741718749999 0.25890093125
7 0.4881687375 0.286673496875 0.48411097031250006 0.6347598624999999 0.8525417703124999 0.6583268359375001 0.8565995359375 0.31024046875 0.4881687375 0.286673496875
5 0.7513921781249999 0.3043147890625 0.7503823921875 0.390936940625 0.8603775562499999 0.3979728703125 0.8613873406250001 0.31135071875000003 0.7513921781249999 0.3043147890625
1 1 0.0545470765625 0.6566816921874999 0.03258644375 0.6536524421875 0.29244386875 1 0.3145982703125 1 0.0545470765625
3 0.20392709999999997 0.628906609375 0.2015883671875 0.829529503125 0.423005615625 0.8436926359375001 0.4253443484375 0.6430697421875 0.20392709999999997 0.628906609375