9 0.70839784375 0.4481298296875 0.707749146875 0.559495653125 0.973037978125 0.579573521875 0.9736866750000001 0.46820769999999995 0.70839784375 0.4481298296875
6 0.8765886234375 0.9921343828125 0.8775512671874999 0.8268716765624999 0.545302515625 0.8017260734375 0.5443061296875 0.97278113125 0.8765886234375 0.9921343828125
0 1 0.587613578125 0.8802737 0.5785523265625 0.87907115625 0.7849999390625 1 0.794152203125 1 0.587613578125
10 1 0.800151690625 0.8867757484375 0.7915825328125 0.8856044875 0.9926594968750001 1 0.999322278125 1 0.800151690625
2 0.5072726046875 0.970624175 0.53790208125 0.9724081375000001 0.5415743984375 0.558059565625 0.2427956671875 0.5371543265625001 0.243436890625 0.6486177750000001 0.1481371984375 0.6422636500000001 0.14638361718749998 0.9433109906249999 0.5072726046875 0.970624175
9 0.2479403546875 0.540119034375 0.24730665 0.64891065 0.5344661578125 0.6706437609375 0.5350998609375 0.5618521453125 0.2479403546875 0.540119034375
1 0.5489150875 0.18153480625 0.5474580859375 0.4316668234375 0.977566878125 0.46421877343749995 0.9790238812500001 0.2140867578125 0.5489150875 0.18153480625
7 0.1496674859375 0.153025775 0.14750191875000002 0.5248011640625 0.5404349125000001 0.5545395359375 0.542600478125 0.182764146875 0.1496674859375 0.153025775
5 0.14454628593750002 0.15349663593750001 0.1440073796875 0.24601385781250001 0.2613176828125 0.2548922609375 0.2618565890625 0.16237503749999999 0.14454628593750002 0.15349663593750001
1 0.008315040625 0 0.007516289062500001 0.1371262984375 0.366201165625 0.1642726671875 0.36715804375 0 0.008315040625 0
3 0.602884796875 0.57215229375 0.6016366515625 0.7864285828125 0.837779075 0.8043005640625 0.8390272203125001 0.5900242734375001 0.602884796875 0.57215229375