9 0.026313325 0.46820769999999995 0.026962021875 0.579573521875 0.292250853125 0.559495653125 0.29160215625 0.4481298296875 0.026313325 0.46820769999999995
6 0.45569387031249997 0.97278113125 0.454697484375 0.8017260734375 0.12244873281249999 0.8268716765624999 0.12341137656250001 0.9921343828125 0.45569387031249997 0.97278113125
0 0 0.794152203125 0.12092884374999999 0.7849999390625 0.1197263 0.5785523265625 0 0.587613578125 0 0.794152203125
10 0 0.999322278125 0.11439551249999999 0.9926594968750001 0.1132242515625 0.7915825328125 0 0.800151690625 0 0.999322278125
2 0.8536163828125 0.9433109906249999 0.8518628015624999 0.6422636500000001 0.756563109375 0.6486177750000001 0.7572043328125 0.5371543265625001 0.4584256015625 0.558059565625 0.46209791874999995 0.9724081375000001 0.4927273953125 0.970624175 0.8536163828125 0.9433109906249999
9 0.4649001390625 0.5618521453125 0.46553384218750005 0.6706437609375 0.75269335 0.64891065 0.7520596453125 0.540119034375 0.4649001390625 0.5618521453125
1 0.02097611875 0.2140867578125 0.022433121875 0.46421877343749995 0.4525419140625 0.4316668234375 0.4510849125 0.18153480625 0.02097611875 0.2140867578125
7 0.45739952187500005 0.182764146875 0.45956508749999997 0.5545395359375 0.85249808125 0.5248011640625 0.8503325140625 0.153025775 0.45739952187500005 0.182764146875
5 0.7381434109375 0.16237503749999999 0.7386823171875 0.2548922609375 0.8559926203125 0.24601385781250001 0.8554537140624999 0.15349663593750001 0.7381434109375 0.16237503749999999
1 0.63284195625 0 0.6337988343750001 0.1642726671875 0.9924837109375 0.1371262984375 0.9916849593749999 0 0.63284195625 0
3 0.16097277968749998 0.5900242734375001 0.16222092500000002 0.8043005640625 0.3983633484375 0.7864285828125 0.397115203125 0.57215229375 0.16097277968749998 0.5900242734375001