9 0.4042844828125 0.316144890625 0.50386206875 0.316144890625 0.50386206875 0.07935316875000001 0.4042844828125 0.07935316875000001 0.4042844828125 0.316144890625
6 0.015181034375 0.4598188875 0.1768017234375 0.4598188875 0.1768017234375 0.1632600265625 0.015181034375 0.1632600265625 0.015181034375 0.4598188875
0 0.2143275859375 0.1621216046875 0.3989224140625 0.1621216046875 0.3989224140625 0.0206209578125 0.2143275859375 0.0206209578125 0.2143275859375 0.1621216046875
10 0.0159482765625 0.1552134546875 0.2089655171875 0.1552134546875 0.2089655171875 0.018318240625000003 0.0159482765625 0.018318240625000003 0.0159482765625 0.1552134546875
2 0.39280172343749997 0.731086675 0.3943275859375 0.46441138437499996 0.01441379375 0.4655627421875 0.0159482765625 0.8149935312500001 0.292456896875 0.8149935312500001 0.2932241375 0.7299353171875 0.39280172343749997 0.731086675
9 0.2932241375 0.7264812421875 0.39049999999999996 0.7264812421875 0.39049999999999996 0.4701681765625 0.2932241375 0.4701681765625 0.2932241375 0.7264812421875
1 0.5076896546875 0.4598188875 0.731344828125 0.4598188875 0.731344828125 0.07591203125 0.5076896546875 0.07591203125 0.5076896546875 0.4598188875
7 0.3973965515625 0.8161707625 0.729818965625 0.8161707625 0.729818965625 0.4654463125 0.3973965515625 0.4654463125 0.3973965515625 0.8161707625
5 0.6463275859375 0.8207373875 0.7290517234375 0.8207373875 0.7290517234375 0.7160284609375 0.6463275859375 0.7160284609375 0.6463275859375 0.8207373875
1 0.73441379375 0.9885510999999999 0.9825775859375 0.9885510999999999 0.9825775859375 0.6229236734375 0.73441379375 0.6229236734375 0.73441379375 0.9885510999999999
3 0.1942844828125 0.40963777500000004 0.3858793109375 0.40963777500000004 0.3858793109375 0.198861578125 0.1942844828125 0.198861578125 0.1942844828125 0.40963777500000004