3 0.4468432203125 0.757476415625 0.640550846875 0.757476415625 0.640550846875 0.5844693390625 0.4468432203125 0.5844693390625 0.4468432203125 0.757476415625
7 0.325180084375 0.40694575468750005 0.64237288125 0.40694575468750005 0.64237288125 0.023490565625 0.325180084375 0.023490565625 0.325180084375 0.40694575468750005
1 0.6473305078125 0.362806603125 0.9843432203125 0.362806603125 0.9843432203125 0.0221108484375 0.6473305078125 0.0221108484375 0.6473305078125 0.362806603125
1 0.011822034375 0.3972877359375 0.31786016875 0.3972877359375 0.31786016875 0.0221108484375 0.011822034375 0.0221108484375 0.011822034375 0.3972877359375
9 0.7502860171875 0.5117688671875 0.9769067796875 0.5117688671875 0.9769067796875 0.37108490625 0.7502860171875 0.37108490625 0.7502860171875 0.5117688671875
10 0.0154131359375 0.937983490625 0.31539194843749996 0.937983490625 0.31539194843749996 0.8137028296875 0.0154131359375 0.8137028296875 0.0154131359375 0.937983490625
0 0.32270127187500003 0.937983490625 0.64248940625 0.937983490625 0.64248940625 0.8261202828125 0.32270127187500003 0.8261202828125 0.32270127187500003 0.937983490625
0 0.9857097453125 1 0.9857097453125 0.8840448109375 0.6511652546875 0.8840448109375 0.6511652546875 1 0.9857097453125 1
5 0.3264194921875 0.1172877359375 0.42677966093749997 0.1172877359375 0.42677966093749997 0.008325471875 0.3264194921875 0.008325471875 0.3264194921875 0.1172877359375
2 0.6473305078125 0.8772877359375 0.9869491531250001 0.87590801875 0.988061440625 0.3655660375 0.7452118640625 0.3669457546875 0.7452118640625 0.5145283015625 0.6473305078125 0.5103891515625001 0.6473305078125 0.8772877359375
6 0.0154131359375 0.8097051890625 0.3190995765625 0.8097051890625 0.3190995765625 0.5488797171875001 0.0154131359375 0.5488797171875001 0.0154131359375 0.8097051890625
9 0.013675846875 0.5407311328125 0.2167372875 0.5407311328125 0.2167372875 0.40004717031250003 0.013675846875 0.40004717031250003 0.013675846875 0.5407311328125