3 0.5387718828125 0.3315015921875 0.584844975 0.518924928125 0.754197434375 0.4708905859375 0.7081243421875001 0.2834672484375 0.5387718828125 0.3315015921875
7 0 0.5293845875 0.06465377343749999 0.79239333125 0.44000882187499996 0.6859293734375 0.36456495312500004 0.379026990625 0 0.4824304953125 0 0.5293845875
1 0 0.47729925156249997 0.320179034375 0.3864851625 0.24002102656250002 0.0604058671875 0 0.1284843125 0 0.47729925156249997
1 0.5048355859375 0.9907817906249999 0.43229585156250006 0.69569330625 0.0650442328125 0.7998588437499999 0.1136561125 0.9976098546875001 0.5048355859375 0.9907817906249999
9 0.24989320468749998 0.065302634375 0.303794640625 0.2845713328125 0.4415067828125 0.24551130156249998 0.3876053453125 0.026242603125000003 0.24989320468749998 0.065302634375
10 0.9118511687499999 0.8727132375 0.9797292125 0.853460625 0.984704903125 0.6396846546875 0.962156965625 0.5479606234375 0.8405016203125 0.5824663796875 0.9118511687499999 0.8727132375
0 0.7748570875 0.2625330359375 0.85091825625 0.5719465593749999 0.9604184531250001 0.5408884328125 0.8843572859375 0.2314749109375 0.7748570875 0.2625330359375
0 0.770974609375 0 0.8294944750000001 0.23805626562499999 0.9383828765625 0.207171665625 0.8874551765625001 0 0.770974609375 0
5 0.0256437078125 0.6983003578125 0.0495142375 0.795404628125 0.1561747734375 0.7651519296875 0.1323042453125 0.6680476609375 0.0256437078125 0.6983003578125
2 0.4410405921875 0 0.241837796875 0.0560421328125 0.30094980625 0.290630078125 0.4454148078125 0.24965469687500003 0.46464403593750003 0.3455097828125 0.8237922234375 0.24364266406250001 0.76282663125 0 0.4410405921875 0
6 0.5803908 0.6524055328125 0.6526221999999999 0.9462397328125001 0.9079379734374999 0.8738231578125 0.8357065718750001 0.57998895625 0.5803908 0.6524055328125
9 0.459048934375 0.792769403125 0.5073468171875 0.9892430953125 0.645058959375 0.950183065625 0.5967610750000001 0.753709371875 0.459048934375 0.792769403125