3 0.5524435999999999 0.5760820203125 0.359276640625 0.5636907250000001 0.3462035390625 0.7363904156250001 0.5393704968749999 0.748781709375 0.5524435999999999 0.5760820203125
7 0.7161569359375 0.0238826296875 0.399849475 0.00359210625 0.370874078125 0.386366 0.6871815406249999 0.406656521875 0.7161569359375 0.0238826296875
1 0.0574496 0 0.033193559375 0.3204297515625 0.36926561874999997 0.3419881359375 0.395009940625 0.00189770625 0.36542674062499997 0 0.0574496 0
1 1 0.04070666875 0.7235606796875 0.0229736125 0.695210825 0.3974839109375 1 0.4170355578125 1 0.04070666875
9 0.2659719328125 0.3436657640625 0.039983703125 0.32916905 0.0293530640625 0.469603053125 0.25534129375000003 0.4840997671875 0.2659719328125 0.3436657640625
10 0.9653477031250001 0.8325063984375 0.666206178125 0.8133170375000001 0.6568150390625 0.9373768859375 0.955956565625 0.956566246875 0.9653477031250001 0.8325063984375
0 0.65797894375 0.8252448578125 0.3390833875 0.8047883140625001 0.33063055937499997 0.9164527703124999 0.6495261171875 0.9369093140625001 0.65797894375 0.8252448578125
0 0.011149265625 0.9581655859374999 0.3172927125 0.9778041078124999 0.3260547484375 0.8620549390625 0.0097948515625 0.84176746875 0.011149265625 0.9581655859374999
5 0.7160669234375 0.0086651953125 0.615986875 0.0022452515625 0.6077532546875 0.11101391875 0.7078333015625 0.1174338640625 0.7160669234375 0.0086651953125
2 0.3303893828125 0.8555551749999999 0.35811369531250004 0.4893084703125 0.2601927703125 0.4871788890625 0.27134469375000003 0.33985855625 0.029277203125 0.3229464328125 0.0072452609375 0.6226562312499999 0.0097006609375 0.8336727265625001 0.3303893828125 0.8555551749999999
6 0.9853587890625001 0.56815380625 0.682519984375 0.548727271875 0.662810975 0.8090893265625001 0.9656497828124999 0.8285158609375 0.9853587890625001 0.56815380625
9 0.9983376078124999 0.4196968265625 0.7958429421875 0.406707178125 0.7852123046874999 0.5471411828125 0.9877069687500001 0.56013083125 0.9983376078124999 0.4196968265625