3 0.5531567796875 0.5844693390625 0.35944915312500003 0.5844693390625 0.35944915312500003 0.757476415625 0.5531567796875 0.757476415625 0.5531567796875 0.5844693390625
7 0.674819915625 0.023490565625 0.35762711875000003 0.023490565625 0.35762711875000003 0.40694575468750005 0.674819915625 0.40694575468750005 0.674819915625 0.023490565625
1 0.3526694921875 0.0221108484375 0.0156567796875 0.0221108484375 0.0156567796875 0.362806603125 0.3526694921875 0.362806603125 0.3526694921875 0.0221108484375
1 0.988177965625 0.0221108484375 0.68213983125 0.0221108484375 0.68213983125 0.3972877359375 0.988177965625 0.3972877359375 0.988177965625 0.0221108484375
9 0.24971398281249998 0.37108490625 0.023093220312500003 0.37108490625 0.023093220312500003 0.5117688671875 0.24971398281249998 0.5117688671875 0.24971398281249998 0.37108490625
10 0.9845868640625 0.8137028296875 0.6846080515625 0.8137028296875 0.6846080515625 0.937983490625 0.9845868640625 0.937983490625 0.9845868640625 0.8137028296875
0 0.677298728125 0.8261202828125 0.35751059375 0.8261202828125 0.35751059375 0.937983490625 0.677298728125 0.937983490625 0.677298728125 0.8261202828125
0 0.34883474531249997 1 0.34883474531249997 0.8840448109375 0.0142902546875 0.8840448109375 0.0142902546875 1 0.34883474531249997 1
5 0.6735805078125 0.008325471875 0.5732203390625 0.008325471875 0.5732203390625 0.1172877359375 0.6735805078125 0.1172877359375 0.6735805078125 0.008325471875
2 0.3526694921875 0.5103891515625001 0.2547881359375 0.5145283015625 0.2547881359375 0.3669457546875 0.011938559375000001 0.3655660375 0.013050846875 0.87590801875 0.3526694921875 0.8772877359375 0.3526694921875 0.5103891515625001
6 0.9845868640625 0.5488797171875001 0.6809004234375 0.5488797171875001 0.6809004234375 0.8097051890625 0.9845868640625 0.8097051890625 0.9845868640625 0.5488797171875001
9 0.9863241531250001 0.40004717031250003 0.7832627125 0.40004717031250003 0.7832627125 0.5407311328125 0.9863241531250001 0.5407311328125 0.9863241531250001 0.40004717031250003