0 0 0.9335425718750001 0.05186642500000001 0.938985628125 0.08477105 0.5634584015625 0 0.5545622125 0 0.9335425718750001
5 0.6538396875 0.9939577500000001 0.6625681640625001 0.8943431453124999 0.576466796875 0.8853073468750001 0.567079275 0.992443340625 0.6538396875 0.9939577500000001
7 0.3936448515625 0.5496878484375001 0.3561079125 0.9780818140624999 0.47816952968750004 0.990891415625 0.6552635437500001 0.993982603125 0.6914552546875 0.5809411828125 0.3936448515625 0.5496878484375001
0 0.434691565625 0 0.4250718765625 0.10978564531249999 0.734163065625 0.14222282656250002 0.745301409375 0.015105393750000001 0.6013633781250001 0 0.434691565625 0
1 0.0921603140625 0.56036593125 0.058440103125 0.945201109375 0.3505983390625 0.9758612828125001 0.38431855000000004 0.5910261046875 0.0921603140625 0.56036593125
2 0.13582697187499998 0 0.0891583203125 0.5620769484375 0.2939738390625 0.5817291796874999 0.3050564734375 0.4228336203125 0.3950653546875 0.43596323124999997 0.430571434375 0 0.13582697187499998 0
9 0.1062313984375 0.4000495609375 0.0921745359375 0.5604748640625 0.284136309375 0.5806200484375 0.298193171875 0.42019474375000004 0.1062313984375 0.4000495609375
9 1 0.45528846562499997 0.8110249187499999 0.435456715625 0.7969680578125 0.59588201875 0.988929828125 0.616027203125 1 0.4896877953125 1 0.45528846562499997
6 1 0.1736203015625 0.7352722625 0.145838784375 0.71113651875 0.42129031093749997 1 0.451604721875 1 0.1736203015625
10 1 0.0418344125 0.7467144515624999 0.015253682812499999 0.7355761078125 0.14237111875 1 0.170120746875 1 0.0418344125
1 0.9581655874999999 0.999269778125 0.9917365796875 0.6161375671875 0.698188853125 0.585331575 0.6623709671875 0.9941066640624999 0.9581655874999999 0.999269778125
3 0.43456289375 0.1818472015625 0.41720903906249995 0.3798997515625 0.5681808140625 0.39574329375 0.58553466875 0.1976907421875 0.43456289375 0.1818472015625