0 0.9870982140625 0.0089873421875 0.61967261875 0.0089873421875 0.61967261875 0.1069159953125 0.9870982140625 0.1069159953125 0.9870982140625 0.0089873421875
5 0.9995833328125 0.61035673125 0.8816815468750001 0.61035673125 0.8816815468750001 0.694499425 0.9995833328125 0.694499425 0.9995833328125 0.61035673125
7 0.9942410718750001 0.4048446484375 0.5748958328125 0.4048446484375 0.5748958328125 0.695880321875 0.9942410718750001 0.695880321875 0.9942410718750001 0.4048446484375
0 0.1452083328125 0.39795166875 0.011443453125 0.39795166875 0.011443453125 0.7000115078125 0.1452083328125 0.7000115078125 0.1452083328125 0.39795166875
1 0.9924553578124999 0.1138089765625 0.61592261875 0.1138089765625 0.61592261875 0.399321059375 0.9924553578124999 0.399321059375 0.9924553578124999 0.1138089765625
2 0.46449404687499996 0.3965707703125 0.46092261875 0.30829689375 0.616101190625 0.31104718125 0.6178869046875 0.11104718124999999 0.0132142859375 0.10829689375 0.0132142859375 0.3938089765625 0.46449404687499996 0.3965707703125
9 0.6160267859374999 0.113831990625 0.45906250000000004 0.113831990625 0.45906250000000004 0.301426928125 0.6160267859374999 0.301426928125 0.6160267859374999 0.113831990625
9 0.5786458328124999 0.799321059375 0.42168154687500004 0.799321059375 0.42168154687500004 0.9869159953125 0.5786458328124999 0.9869159953125 0.5786458328124999 0.799321059375
6 0.41811011875000004 0.7013924046875 0.148601190625 0.7013924046875 0.148601190625 0.9924280781249999 0.41811011875000004 0.9924280781249999 0.41811011875000004 0.7013924046875
10 0.1452083328125 0.7013924046875 0.0096577375 0.7013924046875 0.0096577375 0.98829689375 0.1452083328125 0.98829689375 0.1452083328125 0.7013924046875
1 0.9870982140625 0.7027733031250001 0.5784672625 0.7027733031250001 0.5784672625 0.9910471812500001 0.9870982140625 0.9910471812500001 0.9870982140625 0.7027733031250001
3 0.4078869046875 0.4132566171875 0.2141071421875 0.4132566171875 0.2141071421875 0.560794015625 0.4078869046875 0.560794015625 0.4078869046875 0.4132566171875