0 1 0.5545622125 0.91522895 0.5634584015625 0.948133575 0.938985628125 1 0.9335425718750001 1 0.5545622125
5 0.43292072499999995 0.992443340625 0.423533203125 0.8853073468750001 0.33743183593750004 0.8943431453124999 0.3461603125 0.9939577500000001 0.43292072499999995 0.992443340625
7 0.3085447453125 0.5809411828125 0.34473645625 0.993982603125 0.5218304703125 0.990891415625 0.6438920875 0.9780818140624999 0.6063551484375 0.5496878484375001 0.3085447453125 0.5809411828125
0 0.39863662187500004 0 0.254698590625 0.015105393750000001 0.265836934375 0.14222282656250002 0.5749281234375 0.10978564531249999 0.565308434375 0 0.39863662187500004 0
1 0.6156814500000001 0.5910261046875 0.6494016609375 0.9758612828125001 0.9415598968750001 0.945201109375 0.9078396859375 0.56036593125 0.6156814500000001 0.5910261046875
2 0.569428565625 0 0.6049346453125 0.43596323124999997 0.6949435265624999 0.4228336203125 0.7060261609375 0.5817291796874999 0.9108416796875 0.5620769484375 0.864173028125 0 0.569428565625 0
9 0.701806828125 0.42019474375000004 0.715863690625 0.5806200484375 0.9078254640625 0.5604748640625 0.8937686015624999 0.4000495609375 0.701806828125 0.42019474375000004
9 0 0.4896877953125 0.011070171875 0.616027203125 0.20303194218749998 0.59588201875 0.18897508125 0.435456715625 0 0.45528846562499997 0 0.4896877953125
6 0 0.451604721875 0.28886348125 0.42129031093749997 0.2647277375 0.145838784375 0 0.1736203015625 0 0.451604721875
10 0 0.170120746875 0.2644238921875 0.14237111875 0.2532855484375 0.015253682812499999 0 0.0418344125 0 0.170120746875
1 0.3376290328125 0.9941066640624999 0.301811146875 0.585331575 0.0082634203125 0.6161375671875 0.0418344125 0.999269778125 0.3376290328125 0.9941066640624999
3 0.41446533125 0.1976907421875 0.4318191859375 0.39574329375 0.5827909609375 0.3798997515625 0.56543710625 0.1818472015625 0.41446533125 0.1976907421875