0 0.7616889140625 1 0.559433384375 0.9524193921874999 0.5498259328125 1 0.7616889140625 1
5 1 0.3937365046875 0.971066515625 0.38692990312500003 0.9527837343750001 0.4774748265625 1 0.4885824515625 1 0.3937365046875
7 1 0.3921799515625 0.6388769796875 0.307225771875 0.5756398546875 0.6204057046875 0.9783012546875 0.7151317875000001 1 0.6076694109375 1 0.3921799515625
0 0.061869142187500004 0.16682800625 0.005206528125 0.44744788125 0.0057494765625 0.49410880312499994 0.10845350000000001 0.518269921875 0.17408599062500002 0.1932270171875 0.061869142187500004 0.16682800625
1 0.9207808156249999 1 0.9771010703125 0.7210756546875 0.6189038625000001 0.636809771875 0.5568669203125001 0.9440458390625001 0.7947167296875 1 0.9207808156249999 1
2 0.5999169765625 0.73184574375 0.431139265625 0.6952409265624999 0.45419034375 0.6011610546874999 0.0058008984375 0.49852799687499993 0.009553170312500001 0.8209973953124999 0.558395690625 0.9475185875 0.5999169765625 0.73184574375
9 0.386869365625 0.904027975 0.5569848171875 0.9440476312499999 0.5977460203125 0.7421790109375 0.42763057031249996 0.7021593562499999 0.386869365625 0.904027975
9 0.6957692109375 0.0465526109375 0.552552115625 0.012860793749999998 0.5245078484375 0.01220805625 0.49530164218749995 0.156850903125 0.665417090625 0.1968705578125 0.6957692109375 0.0465526109375
6 0.21593922499999998 0.005026040625 0.17806316093750002 0.19260609374999998 0.4701527453125 0.26132015937499997 0.5204722937499999 0.012114126562499999 0.21593922499999998 0.005026040625
10 0.095107984375 0.0022136625 0.0621691890625 0.1653420390625 0.1743860359375 0.19174105 0.2121054484375 0.004936809375 0.095107984375 0.0022136625
1 1 0.11812289375 0.695575678125 0.04650708125 0.644245365625 0.300718890625 1 0.3844101578125 1 0.11812289375
3 0.18645046406250002 0.5193669109375 0.39646595625000003 0.56877305 0.428523334375 0.41000985468750006 0.21850784218750002 0.36060371562500004 0.18645046406250002 0.5193669109375