2 0.0173245265625 0.7385144609375 0.0199123421875 0.8496975499999999 0.23413121406249998 0.8593363328124999 0.23658616562499998 0.7502627015625001 0.35574231093750003 0.756050196875 0.3573398734375 0.5189586796875 0.020832053125 0.5061981390625 0.0173245265625 0.7385144609375
3 0.5765574828125 0.5638567078125 0.575059803125 0.6924363984374999 0.79055254375 0.701208140625 0.7920502234375 0.5726284500000001 0.5765574828125 0.5638567078125
6 0.23799505 0.7537892703125 0.2352940953125 0.9856731484375001 0.476445109375 0.9954893234375 0.4791460640625 0.7636054453125001 0.23799505 0.7537892703125
9 0.5547369296875 0.4086621828125 0.553435075 0.5204298828125 0.786278278125 0.5299078859375 0.787580134375 0.418140184375 0.5547369296875 0.4086621828125
9 0.1244236625 0.38775905 0.123082371875 0.5029121546875001 0.3558235140625 0.5123860031249999 0.357164803125 0.39723289687499996 0.1244236625 0.38775905
9 0.0234354609375 0.7473080375000001 0.0222388859375 0.8500370328125 0.2353638 0.8587123921875 0.236560375 0.7559833984375001 0.0234354609375 0.7473080375000001
0 0.8296442015625001 0.5395651828125 0.8272904859375 0.7416377640625 0.9689110828124999 0.747402503125 0.9712647984375 0.5453299203124999 0.8296442015625001 0.5395651828125
0 0.025135271874999997 0 0.023928759375 0.1035822609375 0.455771559375 0.1211606453125 0.4570996421875 0.0071414859375 0.28165692343750004 0 0.025135271874999997 0
7 0.4865624171875 0.7300207796875 0.48346694218749997 0.9957751515625001 0.5145477109375001 0.9970403093750001 0.8186993515625 0.9988098125 0.8216712875000001 0.7436615578125 0.4865624171875 0.7300207796875
5 0.48986752187500004 0.9266677296875001 0.48905991562500006 0.996002815625 0.5145477281249999 0.9970403093750001 0.585843215625 0.9974550953125 0.5866218640625 0.9306061640625 0.48986752187500004 0.9266677296875001
2 0.0206811046875 0.3824016703125 0.117415034375 0.3863392734375 0.11323782812500001 0.504763953125 0.3586009796875 0.515886071875 0.3586126859375 0.393904821875 0.45534661718749997 0.3978424265625 0.4585620421875 0.123543203125 0.0266858125 0.10708150000000001 0.0206811046875 0.3824016703125
1 0.4627539609375 0.124831878125 0.45955875625 0.39914836875000004 0.8268986625 0.414101128125 0.8300938671875 0.1397846375 0.4627539609375 0.124831878125
10 0.0228759578125 0.9770265578125 0.2352940953125 0.9856731484375001 0.23674602500000003 0.861021184375 0.019970521875 0.852197225 0.0228759578125 0.9770265578125