2 0.8620678515625 0.9816465859375001 0.8629886921875001 0.7667068265625 0.7557189015625 0.7655421687499999 0.7566397421875 0.648313253125 0.523618740625 0.64945783125 0.5245395796875 0.9804819281249999 0.8620678515625 0.9816465859375001
3 0.6853634890625 0.221405621875 0.5589660750000001 0.221405621875 0.5589660750000001 0.43339357500000003 0.6853634890625 0.43339357500000003 0.6853634890625 0.221405621875
6 0.9932633281250001 0.52688755 0.759127625 0.52688755 0.759127625 0.764116465625 0.9932633281250001 0.764116465625 0.9932633281250001 0.52688755
9 0.5172213250000001 0.22757028125 0.407350565625 0.22757028125 0.407350565625 0.45662650625 0.5172213250000001 0.45662650625 0.5172213250000001 0.22757028125
9 0.5172213250000001 0.651024096875 0.4040226171875 0.651024096875 0.4040226171875 0.8799799203124999 0.5172213250000001 0.8799799203124999 0.5172213250000001 0.651024096875
9 0.8623263328125 0.7655020078125 0.761340871875 0.7655020078125 0.761340871875 0.9751606421875 0.8623263328125 0.9751606421875 0.8623263328125 0.7655020078125
0 0.723618740625 0.0455020078125 0.5249757671874999 0.0455020078125 0.5249757671874999 0.1848192765625 0.723618740625 0.1848192765625 0.723618740625 0.0455020078125
0 0.128820678125 0.557228915625 0.016736671875 0.557228915625 0.016736671875 0.9820481921875001 0.128820678125 0.9820481921875001 0.128820678125 0.557228915625
7 0.9943780296875 0.190321284375 0.7258319875 0.190321284375 0.7258319875 0.5199799203125 0.9943780296875 0.5199799203125 0.9943780296875 0.190321284375
5 0.998820678125 0.4192971890625 0.918917609375 0.4192971890625 0.918917609375 0.5144779109375001 0.998820678125 0.5144779109375001 0.998820678125 0.4192971890625
2 0.13105008125 0.5544578312499999 0.13214862656249998 0.9792971890625 0.402907915625 0.9820481921875001 0.402907915625 0.88688755 0.519434571875 0.8896385546875001 0.5205492734375 0.6482530125 0.40069466875000004 0.6496385546875 0.40069466875000004 0.5544779109375 0.13105008125 0.5544578312499999
1 0.4018093703125 0.1889558234375 0.13214862656249998 0.1889558234375 0.13214862656249998 0.550321284375 0.4018093703125 0.550321284375 0.4018093703125 0.1889558234375
10 0.9932633281250001 0.764116465625 0.8645395796875001 0.764116465625 0.8645395796875001 0.9820481921875001 0.9932633281250001 0.9820481921875001 0.9932633281250001 0.764116465625