2 0.8870782625 1 0.961264021875 0.6793991296875 0.645707540625 0.601919125 0.588735346875 0.8427101406249999 0.7105763031250001 0.8712629359375 0.6861044281249999 0.9825353546875 0.7594559609375 1 0.8870782625 1
3 0.19315770000000002 0.5307518609375 0.162898425 0.661520221875 0.3828278 0.714875709375 0.4130870765625 0.5841073484375 0.19315770000000002 0.5307518609375
6 0.6792249140625 1 0.708281146875 0.8744306999999999 0.4621652390625 0.814722284375 0.419292715625 1 0.6792249140625 1
9 0.23584973125 0.3754449296875 0.209546903125 0.4891151265625 0.44718395781250003 0.546766546875 0.4734867875 0.43309635 0.23584973125 0.3754449296875
9 0.6759635421875 0.47858146562500004 0.648864009375 0.5956946953125 0.8863969 0.653320846875 0.9134964343749999 0.5362076171875 0.6759635421875 0.47858146562500004
9 0.8870782640625 1 0.9045565312500001 0.9244659890625 0.709188746875 0.8770692125 0.685013040625 0.98154685 0.7610762546875 1 0.8870782640625 1
0 0 0.6638005703125 0.11578326718750001 0.69188991875 0.1633379765625 0.4863776765625 0.01880165 0.45131275625 0 0.532565890625 0 0.6638005703125
0 0.9969328453124999 0.13440755625 0.671122559375 0.0553650609375 0.644537403125 0.1702553609375 0.9927311578125 0.25472815 0.9969328453124999 0.13440755625
7 0.41172401406250003 1 0.4629697421875 0.7785366640625 0.12096154374999998 0.6955645078125 0.06538178125 0.9357577750000001 0.33018589375 1 0.41172401406250003 1
5 0.4056954515625 1 0.4110373265625 0.9769145671875 0.31229097499999997 0.9529584234374999 0.30293550625 0.9933889796875001 0.3301858921875 1 0.4056954515625 1
2 0.992613640625 0.25809340937499997 0.64112879375 0.1718644 0.5765972796875001 0.45083861562500005 0.6753227984375 0.47478970625 0.6451924109375 0.5984402734375001 0.8958875187500001 0.6580416234375 0.92092969375 0.5367929578124999 0.9823608015625 0.5516963203125 0.992613640625 0.25809340937499997
1 0.26167147812499997 0.08100732031249999 0.1971152625 0.359993196875 0.5720180796875 0.45094567812499997 0.636574296875 0.171959803125 0.26167147812499997 0.08100732031249999