2 0.9791679468750001 0.5061981390625 0.6426601265625 0.5189586796875 0.6442576890625 0.756050196875 0.763413834375 0.7502627015625001 0.7658687859375 0.8593363328124999 0.9800876578125 0.8496975499999999 0.9826754734375 0.7385144609375 0.9791679468750001 0.5061981390625
3 0.20794977656250002 0.5726284500000001 0.20944745625 0.701208140625 0.424940196875 0.6924363984374999 0.42344251718750003 0.5638567078125 0.20794977656250002 0.5726284500000001
6 0.5208539359375 0.7636054453125001 0.523554890625 0.9954893234375 0.7647059046875 0.9856731484375001 0.76200495 0.7537892703125 0.5208539359375 0.7636054453125001
9 0.21241986562499998 0.418140184375 0.213721721875 0.5299078859375 0.446564925 0.5204298828125 0.4452630703125 0.4086621828125 0.21241986562499998 0.418140184375
9 0.642835196875 0.39723289687499996 0.6441764859375 0.5123860031249999 0.876917628125 0.5029121546875001 0.8755763375000001 0.38775905 0.642835196875 0.39723289687499996
9 0.763439625 0.7559833984375001 0.7646362 0.8587123921875 0.9777611140625 0.8500370328125 0.9765645390625 0.7473080375000001 0.763439625 0.7559833984375001
0 0.0287352015625 0.5453299203124999 0.0310889171875 0.747402503125 0.17270951406249999 0.7416377640625 0.17035579843749998 0.5395651828125 0.0287352015625 0.5453299203124999
0 0.7183430765625001 0 0.5429003578125 0.0071414859375 0.544228440625 0.1211606453125 0.9760712406250001 0.1035822609375 0.9748647281249999 0 0.7183430765625001 0
7 0.1783287125 0.7436615578125 0.1813006484375 0.9988098125 0.4854522890625 0.9970403093750001 0.5165330578125 0.9957751515625001 0.5134375828125 0.7300207796875 0.1783287125 0.7436615578125
5 0.4133781359375 0.9306061640625 0.414156784375 0.9974550953125 0.485452271875 0.9970403093750001 0.5109400843749999 0.996002815625 0.510132478125 0.9266677296875001 0.4133781359375 0.9306061640625
2 0.9733141875 0.10708150000000001 0.5414379578124999 0.123543203125 0.5446533828125 0.3978424265625 0.6413873140625 0.393904821875 0.6413990203125 0.515886071875 0.886762171875 0.504763953125 0.882584965625 0.3863392734375 0.9793188953125 0.3824016703125 0.9733141875 0.10708150000000001
1 0.1699061328125 0.1397846375 0.1731013375 0.414101128125 0.54044124375 0.39914836875000004 0.5372460390625 0.124831878125 0.1699061328125 0.1397846375
10 0.9800294781250001 0.852197225 0.763253975 0.861021184375 0.7647059046875 0.9856731484375001 0.9771240421874999 0.9770265578125 0.9800294781250001 0.852197225