3 0.41856160625000005 0.7579460859375 0.3679820171875 0.5983872140625001 0.28652483906250004 0.62288955 0.3371044265625 0.7824484203125001 0.41856160625000005 0.7579460859375
0 0.5887837796875 0.46835559218749995 0.5156112390625001 0.237524778125 0.46907647656250007 0.25152244218750003 0.5422490171875001 0.48235325625 0.5887837796875 0.46835559218749995
0 0.6893845671875 0.783267215625 0.6209837890625 0.56748945 0.573034078125 0.5819127328125 0.64143485625 0.797690496875 0.6893845671875 0.783267215625
9 0.6544005281249999 1 0.693354340625 0.9882826859374999 0.65658369375 0.8722856437500001 0.5910203 0.8920071234375 0.6252536546874999 1 0.6544005281249999 1
5 0.411653290625 0.8646217937499999 0.3893795578125 0.7943568578125 0.3407223703125 0.80899295 0.362996103125 0.8792578843750001 0.411653290625 0.8646217937499999
6 0.37806959687499997 0.5394216328125 0.3255802 0.3738380703125 0.21911744687499998 0.405862084375 0.27160684375 0.5714456484375 0.37806959687499997 0.5394216328125
1 0.6237037875 1 0.5692469296875 0.8282098625 0.371117403125 0.8878072609375 0.40668209843750003 1 0.6237037875 1
2 0.567154 0.5803913890625 0.46344107343749996 0.2532175734375 0.30485280000000003 0.2987148953125 0.3805112390625 0.5397902171875 0.42384004375 0.5278599359375 0.450172559375 0.6133733671875 0.567154 0.5803913890625
10 0.32501630625 0.3696145859375 0.302109640625 0.2973529953125 0.1935244625 0.3300154375 0.21643112812499998 0.4022770265625 0.32501630625 0.3696145859375
9 0.564073921875 0.5780087859374999 0.5376723671875 0.49472218124999995 0.42768443749999996 0.527806571875 0.45408599218749995 0.6110931765625 0.564073921875 0.5780087859374999
7 0.6392555921875 0.80055208125 0.5681684953125 0.581189259375 0.41272933749999996 0.6268423546874999 0.4587305046875 0.7768051703125 0.34796055937500003 0.8123118328125001 0.3706225484375 0.88135695 0.6392555921875 0.80055208125