3 0.48539837343750003 0.3312658234375 0.63482926875 0.3312658234375 0.63482926875 0.254418871875 0.48539837343750003 0.254418871875 0.48539837343750003 0.3312658234375
0 0.21482926875000002 0.5569390109375 0.4310081296875 0.5569390109375 0.4310081296875 0.513037975 0.21482926875000002 0.513037975 0.21482926875000002 0.5569390109375
0 0.52404878125 0.55760644375 0.72613008125 0.55760644375 0.72613008125 0.512370540625 0.52404878125 0.512370540625 0.52404878125 0.55760644375
9 0.793804878125 0.505051784375 0.9235121953125001 0.505051784375 0.9235121953125001 0.44319907968749994 0.793804878125 0.44319907968749994 0.793804878125 0.505051784375
5 0.658455284375 0.2961910234375 0.7242601625 0.2961910234375 0.7242601625 0.2502876875 0.658455284375 0.2502876875 0.658455284375 0.2961910234375
6 0.282504065625 0.35605293437499996 0.43757723593750003 0.35605293437499996 0.43757723593750003 0.25561565 0.282504065625 0.25561565 0.282504065625 0.35605293437499996
1 0.7336585359375001 0.44186421249999996 0.926325203125 0.44186421249999996 0.926325203125 0.254948215625 0.7336585359375001 0.254948215625 0.7336585359375001 0.44186421249999996
2 0.21482926875000002 0.50772151875 0.521235771875 0.50772151875 0.51934959375 0.3979631765625 0.43946341406249995 0.398630609375 0.438520325 0.3580552359375 0.2129430890625 0.3587111625 0.21482926875000002 0.50772151875
10 0.2110731703125 0.35672036875 0.2787479671875 0.35672036875 0.2787479671875 0.2542807828125 0.2110731703125 0.2542807828125 0.2110731703125 0.35672036875
9 0.4404065046875 0.5057192171875 0.5184065046875 0.5057192171875 0.5184065046875 0.40195627187499994 0.4404065046875 0.40195627187499994 0.4404065046875 0.5057192171875
7 0.5221788625 0.5083774453125 0.7280162609375 0.5097123125 0.7280162609375 0.256283084375 0.663154471875 0.25561565 0.661284553125 0.3607134640625 0.521235771875 0.3620368234375 0.5221788625 0.5083774453125