3 0.6628955734375 0.7824484203125001 0.7134751609375 0.62288955 0.6320179828125 0.5983872140625001 0.58143839375 0.7579460859375 0.6628955734375 0.7824484203125001
0 0.4577509828125 0.48235325625 0.5309235234374999 0.25152244218750003 0.4843887609375 0.237524778125 0.4112162203125 0.46835559218749995 0.4577509828125 0.48235325625
0 0.35856514375000004 0.797690496875 0.42696592187500004 0.5819127328125 0.37901621093750004 0.56748945 0.31061543281250004 0.783267215625 0.35856514375000004 0.797690496875
9 0.3747463453125 1 0.4089797 0.8920071234375 0.34341630625 0.8722856437500001 0.306645659375 0.9882826859374999 0.345599471875 1 0.3747463453125 1
5 0.637003896875 0.8792578843750001 0.6592776296875 0.80899295 0.6106204421875 0.7943568578125 0.588346709375 0.8646217937499999 0.637003896875 0.8792578843750001
6 0.72839315625 0.5714456484375 0.780882553125 0.405862084375 0.6744198 0.3738380703125 0.621930403125 0.5394216328125 0.72839315625 0.5714456484375
1 0.5933179015625 1 0.628882596875 0.8878072609375 0.4307530703125 0.8282098625 0.3762962125 1 0.5933179015625 1
2 0.549827440625 0.6133733671875 0.5761599562499999 0.5278599359375 0.6194887609374999 0.5397902171875 0.6951472 0.2987148953125 0.5365589265625 0.2532175734375 0.43284599999999995 0.5803913890625 0.549827440625 0.6133733671875
10 0.783568871875 0.4022770265625 0.8064755375000001 0.3300154375 0.697890359375 0.2973529953125 0.67498369375 0.3696145859375 0.783568871875 0.4022770265625
9 0.5459140078125 0.6110931765625 0.5723155625 0.527806571875 0.4623276328125 0.49472218124999995 0.43592607812499995 0.5780087859374999 0.5459140078125 0.6110931765625
7 0.6293774515624999 0.88135695 0.6520394406250001 0.8123118328125001 0.5412694953125 0.7768051703125 0.5872706625 0.6268423546874999 0.4318315046875 0.581189259375 0.3607444078125 0.80055208125 0.6293774515624999 0.88135695