3 0.5146016265625 0.254418871875 0.36517073125 0.254418871875 0.36517073125 0.3312658234375 0.5146016265625 0.3312658234375 0.5146016265625 0.254418871875
0 0.78517073125 0.513037975 0.5689918703125 0.513037975 0.5689918703125 0.5569390109375 0.78517073125 0.5569390109375 0.78517073125 0.513037975
0 0.47595121875 0.512370540625 0.27386991875 0.512370540625 0.27386991875 0.55760644375 0.47595121875 0.55760644375 0.47595121875 0.512370540625
9 0.206195121875 0.44319907968749994 0.07648780468750001 0.44319907968749994 0.07648780468750001 0.505051784375 0.206195121875 0.505051784375 0.206195121875 0.44319907968749994
5 0.341544715625 0.2502876875 0.27573983750000003 0.2502876875 0.27573983750000003 0.2961910234375 0.341544715625 0.2961910234375 0.341544715625 0.2502876875
6 0.717495934375 0.25561565 0.5624227640624999 0.25561565 0.5624227640624999 0.35605293437499996 0.717495934375 0.35605293437499996 0.717495934375 0.25561565
1 0.26634146406250003 0.254948215625 0.073674796875 0.254948215625 0.073674796875 0.44186421249999996 0.26634146406250003 0.44186421249999996 0.26634146406250003 0.254948215625
2 0.7870569109375001 0.3587111625 0.561479675 0.3580552359375 0.5605365859375 0.398630609375 0.48065040625 0.3979631765625 0.478764228125 0.50772151875 0.78517073125 0.50772151875 0.7870569109375001 0.3587111625
10 0.7889268296874999 0.2542807828125 0.7212520328124999 0.2542807828125 0.7212520328124999 0.35672036875 0.7889268296874999 0.35672036875 0.7889268296874999 0.2542807828125
9 0.5595934953125 0.40195627187499994 0.48159349531249995 0.40195627187499994 0.48159349531249995 0.5057192171875 0.5595934953125 0.5057192171875 0.5595934953125 0.40195627187499994
7 0.478764228125 0.3620368234375 0.338715446875 0.3607134640625 0.336845528125 0.25561565 0.2719837390625 0.256283084375 0.2719837390625 0.5097123125 0.4778211375 0.5083774453125 0.478764228125 0.3620368234375