3 0.237047834375 0.3840931546875 0.26448425000000003 0.5413556765624999 0.344345353125 0.533346715625 0.3169089359375 0.37608419375 0.237047834375 0.3840931546875
0 0.5432334953125 0.5716433078125001 0.58292524375 0.7991520390625 0.6285482 0.7945766875 0.588856453125 0.5670679562500001 0.5432334953125 0.5716433078125001
0 0.48835370468750006 0.2611236609375 0.5254570562499999 0.47379598281249996 0.5724672375 0.4690815125 0.5353638859375 0.25640919218749997 0.48835370468750006 0.2611236609375
9 0.38022859375 0.0606058359375 0.40404364218750005 0.197111075 0.46832238437499996 0.1906648078125 0.444507334375 0.0541595671875 0.38022859375 0.0606058359375
5 0.2163345578125 0.2904057640625 0.22841673125 0.35965945625 0.2761205265625 0.3548754265625 0.264038353125 0.285621734375 0.2163345578125 0.2904057640625
6 0.2745082203125 0.591558378125 0.30298059374999997 0.7547588890625 0.4073573078125 0.74429135 0.378884934375 0.581090840625 0.2745082203125 0.591558378125
1 0.18407751875 0.0772648375 0.21945228593750002 0.2800291046875 0.41369965000000003 0.2605487875 0.3783248859375 0.057784517187499995 0.18407751875 0.0772648375
2 0.4074251140625 0.4906649484375 0.4227863125 0.5746683781249999 0.3807926140625 0.5798896453125 0.42289161562500005 0.8172209562500001 0.5774002625 0.79970611875 0.521142171875 0.4772409390625 0.4074251140625 0.4906649484375
10 0.302283009375 0.7588509609375 0.3147085125 0.8300725734375 0.4211660640625 0.8193963578125001 0.40874056249999996 0.74817474375 0.302283009375 0.7588509609375
9 0.4117479859375 0.49124130624999995 0.4260692578125 0.5733292609375 0.533902078125 0.562515125 0.5195808046875 0.4804271671875 0.4117479859375 0.49124130624999995
7 0.22187546875000003 0.2858279734375 0.23309087343749998 0.35415870781250003 0.3426542453125 0.34517337187499997 0.36974331562499996 0.492424146875 0.52165066875 0.4761800625 0.4852448984375 0.25941566875 0.22187546875000003 0.2858279734375