0 0.9723168171875001 0.5282265875000001 0.8030150375 0.5758769015625 0.8744944218749999 0.9059530062500001 0.9536891593749999 0.88366349375 0.9723168171875001 0.5282265875000001
2 0.6744642125 0.005682248437500001 0.4463142875 0.0096646203125 0.09759905625000001 0.10781119531250001 0.138351440625 0.28925342187499997 0.30536361093750003 0.24124155468750003 0.3484498875 0.44020452656250003 0.7405265062499999 0.32793544375 0.6744642125 0.005682248437500001
0 0.7458588140625 0.3254286859375 0.9417568046874999 0.2702928171875 0.9002988578125001 0.07884911875 0.7044008671875 0.1339849875 0.7458588140625 0.3254286859375
0 0.745252625 0.32952959531250003 0.797640915625 0.571447221875 0.9726329 0.5221953906250001 0.9772459171874999 0.43417375312499995 0.9425590312500001 0.27399732656250003 0.745252625 0.32952959531250003
6 0 0.5414113 0.3449285265625 0.44433049843749994 0.3020284796875 0.246227503125 0 0.3312340046875 0 0.5414113
10 0 0.3222504703125 0.13160091093749998 0.2852111390625 0.09364793125000001 0.10995261249999999 0 0.1363100046875 0 0.3222504703125
9 0.2976473359375 0.23948301875000003 0.2607257921875 0.0689874328125 0.10871279062500001 0.11177178593749999 0.145634334375 0.282267371875 0.2976473359375 0.23948301875000003
3 0.732051440625 0.5489669171875 0.7018962984375 0.40971709375 0.4250463421875 0.48763705 0.45520148281250006 0.6268868734375 0.732051440625 0.5489669171875
9 0 0.6726985546875001 0.0243110328125 0.784961565625 0.21364708124999998 0.73167256875 0.17694997031249998 0.5622133625 0 0.6120162734375 0 0.6726985546875001
1 0.540345028125 1 0.867580375 0.907898978125 0.7954849953124999 0.5749783390625 0.41546849999999996 0.6819347171875 0.4843468875 1 0.540345028125 1
7 0.482852628125 1 0.41387385 0.6814711453125 0.0158680296875 0.793490653125 0.06058850624999999 1 0.482852628125 1