0 0.644192825 0.991693290625 0.9975112109375001 0.991693290625 0.9975112109375001 0.7944408953125001 0.644192825 0.7944408953125001 0.644192825 0.991693290625
2 0.38970852031250003 0.7861661343749999 0.3915470859375 0.3944408953125 0.18923766875 0.3944408953125 0.19020179375 0.22753993593750002 0.0053139015625 0.22616613437500002 0.0053139015625 0.790287540625 0.38970852031250003 0.7861661343749999
0 0.1940807171875 0.990287540625 0.3887443953125 0.990287540625 0.3887443953125 0.7916932906249999 0.1940807171875 0.7916932906249999 0.1940807171875 0.990287540625
0 0.3925112109375 0.991693290625 0.6384977578125001 0.991693290625 0.6384977578125001 0.790287540625 0.3925112109375 0.790287540625 0.3925112109375 0.991693290625
6 0.1931165921875 0.39028754062500004 0.39455156874999997 0.39028754062500004 0.39455156874999997 0.019265175000000002 0.1931165921875 0.019265175000000002 0.1931165921875 0.39028754062500004
10 0.0063004484375 0.2220127796875 0.1845067265625 0.2220127796875 0.1845067265625 0.0178913734375 0.0063004484375 0.0178913734375 0.0063004484375 0.2220127796875
9 0.0121076234375 0.38753993593749997 0.1854708515625 0.38753993593749997 0.1854708515625 0.23581469687499998 0.0121076234375 0.23581469687499998 0.0121076234375 0.38753993593749997
3 0.4576681609375 0.7331629390625001 0.5992600890625 0.7331629390625001 0.5992600890625 0.4568370609375 0.4576681609375 0.4568370609375 0.4576681609375 0.7331629390625001
5 0.891031390625 0 0.891031390625 0.11444089531249999 0.989775784375 0.11444089531249999 0.989775784375 0 0.891031390625 0
9 0.46221973125 0.2082428109375 0.6345291484375 0.2082428109375 0.6345291484375 0.019265175000000002 0.46221973125 0.019265175000000002 0.46221973125 0.2082428109375
1 0.6413004484375 0.7875399359374999 0.9975112109375001 0.7875399359374999 0.9975112109375001 0.4082428109375 0.6413004484375 0.4082428109375 0.6413004484375 0.7875399359374999
7 0.6404260093749999 0.4068370609375 0.995582959375 0.4068370609375 0.995582959375 0.005463259375 0.6404260093749999 0.005463259375 0.6404260093749999 0.4068370609375