0 0.046310840625 0.88366349375 0.12550557812500002 0.9059530062500001 0.1969849625 0.5758769015625 0.027683182812500002 0.5282265875000001 0.046310840625 0.88366349375
2 0.25947349375 0.32793544375 0.6515501125000001 0.44020452656250003 0.6946363890625 0.24124155468750003 0.861648559375 0.28925342187499997 0.90240094375 0.10781119531250001 0.5536857125 0.0096646203125 0.3255357875 0.005682248437500001 0.25947349375 0.32793544375
0 0.2955991328125 0.1339849875 0.09970114218750001 0.07884911875 0.058243195312499996 0.2702928171875 0.2541411859375 0.3254286859375 0.2955991328125 0.1339849875
0 0.05744096875 0.27399732656250003 0.0227540828125 0.43417375312499995 0.0273671 0.5221953906250001 0.202359084375 0.571447221875 0.254747375 0.32952959531250003 0.05744096875 0.27399732656250003
6 1 0.3312340046875 0.6979715203125 0.246227503125 0.6550714734375 0.44433049843749994 1 0.5414113 1 0.3312340046875
10 1 0.1363100046875 0.9063520687500001 0.10995261249999999 0.8683990890625 0.2852111390625 1 0.3222504703125 1 0.1363100046875
9 0.854365665625 0.282267371875 0.891287209375 0.11177178593749999 0.7392742078125 0.0689874328125 0.7023526640625 0.23948301875000003 0.854365665625 0.282267371875
3 0.5447985171874999 0.6268868734375 0.5749536578125001 0.48763705 0.2981037015625 0.40971709375 0.267948559375 0.5489669171875 0.5447985171874999 0.6268868734375
9 1 0.6120162734375 0.8230500296875001 0.5622133625 0.78635291875 0.73167256875 0.9756889671875 0.784961565625 1 0.6726985546875001 1 0.6120162734375
1 0.5156531125 1 0.5845315 0.6819347171875 0.2045150046875 0.5749783390625 0.13241962499999999 0.907898978125 0.45965497187500004 1 0.5156531125 1
7 0.93941149375 1 0.9841319703125 0.793490653125 0.58612615 0.6814711453125 0.5171473718749999 1 0.93941149375 1