0 0.355807175 0.7944408953125001 0.0024887890625 0.7944408953125001 0.0024887890625 0.991693290625 0.355807175 0.991693290625 0.355807175 0.7944408953125001
2 0.9946860984375 0.790287540625 0.9946860984375 0.22616613437500002 0.80979820625 0.22753993593750002 0.81076233125 0.3944408953125 0.6084529140625 0.3944408953125 0.6102914796875 0.7861661343749999 0.9946860984375 0.790287540625
0 0.8059192828124999 0.7916932906249999 0.6112556046875001 0.7916932906249999 0.6112556046875001 0.990287540625 0.8059192828124999 0.990287540625 0.8059192828124999 0.7916932906249999
0 0.6074887890625 0.790287540625 0.3615022421875 0.790287540625 0.3615022421875 0.991693290625 0.6074887890625 0.991693290625 0.6074887890625 0.790287540625
6 0.8068834078125 0.019265175000000002 0.6054484312499999 0.019265175000000002 0.6054484312499999 0.39028754062500004 0.8068834078125 0.39028754062500004 0.8068834078125 0.019265175000000002
10 0.9936995515625 0.0178913734375 0.8154932734375 0.0178913734375 0.8154932734375 0.2220127796875 0.9936995515625 0.2220127796875 0.9936995515625 0.0178913734375
9 0.9878923765625001 0.23581469687499998 0.8145291484375001 0.23581469687499998 0.8145291484375001 0.38753993593749997 0.9878923765625001 0.38753993593749997 0.9878923765625001 0.23581469687499998
3 0.5423318390625 0.4568370609375 0.4007399109375 0.4568370609375 0.4007399109375 0.7331629390625001 0.5423318390625 0.7331629390625001 0.5423318390625 0.4568370609375
5 0.010224215625 0 0.010224215625 0.11444089531249999 0.108968609375 0.11444089531249999 0.108968609375 0 0.010224215625 0
9 0.53778026875 0.019265175000000002 0.3654708515625 0.019265175000000002 0.3654708515625 0.2082428109375 0.53778026875 0.2082428109375 0.53778026875 0.019265175000000002
1 0.3586995515625 0.4082428109375 0.0024887890625 0.4082428109375 0.0024887890625 0.7875399359374999 0.3586995515625 0.7875399359374999 0.3586995515625 0.4082428109375
7 0.359573990625 0.005463259375 0.004417040625 0.005463259375 0.004417040625 0.4068370609375 0.359573990625 0.4068370609375 0.359573990625 0.005463259375