3 0.41625637187500003 0.3260154421875 0.445097915625 0.495338503125 0.5760471265625 0.473033346875 0.54720558125 0.30371028437500003 0.41625637187500003 0.3260154421875
0 0.37173712187499997 0.10286134531249999 0.40352978906250003 0.28950986875 0.542513984375 0.26583607656249997 0.5107213171875 0.079187553125 0.37173712187499997 0.10286134531249999
6 0.5670909828124999 0.1819259890625 0.620192265625 0.49367322500000005 0.78739261875 0.4651932515625 0.7342913359375001 0.153446015625 0.5670909828124999 0.1819259890625
10 0.5735930359375 0 0.541364690625 0.005489596875000001 0.5704332453125 0.1761453859375 0.7320231625 0.1486210609375 0.7067078812500001 0 0.5735930359375 0
2 1 0.4233064140625 0.6656600609375001 0.48839700625000004 0.687880496875 0.6188488421875 0.6429618734375 0.62650003125 0.6769754484375 0.826187075 0.8412241734375 0.7982098640624999 0.8607242796874999 0.912691178125 1 0.895843271875 1 0.4233064140625
5 0.44001307343749996 0.8090198890625 0.4667699140625 0.9661040671875 0.545386290625 0.95271299375 0.5186294499999999 0.7956288140625001 0.44001307343749996 0.8090198890625
0 0.12412643593749999 0.24366414375 0.0076671015625000005 0.263501175 0.0091695703125 0.3151377046875 0.029198043750000003 0.43272094843750003 0.15274475468749998 0.41167669062499995 0.12412643593749999 0.24366414375
0 0.7962739796875 0.2798677703125 0.8248885140625 0.4478581046875 0.965289959375 0.42394290625000003 0.936675425 0.2559525734375 0.7962739796875 0.2798677703125
9 0.647123290625 0.63401956875 0.6779625171875 0.8150706359375001 0.8380180578124999 0.78780766875 0.8071788296875001 0.606756603125 0.647123290625 0.63401956875
9 0.239369996875 0.5555461515625 0.27111347812500003 0.7419059171875 0.4297517671875 0.71488435625 0.3980082859375 0.528524590625 0.239369996875 0.5555461515625
1 0.21020883437500001 0.40981981718749994 0.012902434374999999 0.44342788593750004 0.015565845312500002 0.5349634078125 0.071536434375 0.8635557703125001 0.2814065515625 0.8278076671875001 0.21020883437500001 0.40981981718749994
7 0.4017236140625 0.5333544671875 0.47745773593749996 0.9779746609375 0.69507001875 0.9409078 0.6193358984375 0.49628760468750005 0.4017236140625 0.5333544671875