3 0.6610434781250001 0.4407134640625 0.49532608749999996 0.4407134640625 0.49532608749999996 0.5693670890625 0.6610434781250001 0.5693670890625 0.6610434781250001 0.4407134640625
0 0.8805 0.434499425 0.6978260875 0.434499425 0.6978260875 0.57104718125 0.8805 0.57104718125 0.8805 0.434499425
6 0.7736521734374999 0.608158803125 0.46854347812499997 0.608158803125 0.46854347812499997 0.772428078125 0.7736521734374999 0.772428078125 0.7736521734374999 0.608158803125
10 0.945630434375 0.6122899890625 0.7786086953125 0.6122899890625 0.7786086953125 0.7710471812499999 0.945630434375 0.7710471812499999 0.945630434375 0.6122899890625
2 0.0206086953125 0.986225546875 0.47400000000000003 0.9848446484375 0.4661956515625 0.652428078125 0.3385217390625 0.652428078125 0.3385217390625 0.60829689375 0.14308695625 0.60829689375 0.14308695625 0.7696662828124999 0.031043478125000003 0.7696662828124999 0.0206086953125 0.986225546875
5 0.1978043484375 0.3848446484375 0.0440652171875 0.3848446484375 0.0440652171875 0.46208285312499997 0.1978043484375 0.46208285312499997 0.1978043484375 0.3848446484375
0 0.7866956515625 0.0538089765625 0.6222608703125 0.0538089765625 0.6222608703125 0.1751898734375 0.7866956515625 0.1751898734375 0.7866956515625 0.0538089765625
0 0.643369565625 0.81104718125 0.478956521875 0.81104718125 0.478956521875 0.9489873421875 0.643369565625 0.9489873421875 0.643369565625 0.81104718125
9 0.3306956515625 0.61104718125 0.1535 0.61104718125 0.1535 0.76829689375 0.3306956515625 0.76829689375 0.3306956515625 0.61104718125
9 0.47139130468749996 0.234499425 0.28900000000000003 0.234499425 0.28900000000000003 0.39035673125 0.47139130468749996 0.39035673125 0.47139130468749996 0.234499425
1 0.614717390625 0.0165707703125 0.205630434375 0.0165707703125 0.205630434375 0.23035673124999997 0.614717390625 0.23035673124999997 0.614717390625 0.0165707703125
7 0.4661956515625 0.3931185265625 0.031043478125000003 0.3931185265625 0.031043478125000003 0.6069159953125001 0.4661956515625 0.6069159953125001 0.4661956515625 0.3931185265625