3 0.338956521875 0.5693670890625 0.5046739125 0.5693670890625 0.5046739125 0.4407134640625 0.338956521875 0.4407134640625 0.338956521875 0.5693670890625
0 0.11950000000000001 0.57104718125 0.3021739125 0.57104718125 0.3021739125 0.434499425 0.11950000000000001 0.434499425 0.11950000000000001 0.57104718125
6 0.2263478265625 0.772428078125 0.531456521875 0.772428078125 0.531456521875 0.608158803125 0.2263478265625 0.608158803125 0.2263478265625 0.772428078125
10 0.054369565625000005 0.7710471812499999 0.2213913046875 0.7710471812499999 0.2213913046875 0.6122899890625 0.054369565625000005 0.6122899890625 0.054369565625000005 0.7710471812499999
2 0.9689565218749999 0.7696662828124999 0.85691304375 0.7696662828124999 0.85691304375 0.60829689375 0.6614782609375001 0.60829689375 0.6614782609375001 0.652428078125 0.5338043484375 0.652428078125 0.526 0.9848446484375 0.9793913046875 0.986225546875 0.9689565218749999 0.7696662828124999
5 0.8021956515625 0.46208285312499997 0.9559347828125 0.46208285312499997 0.9559347828125 0.3848446484375 0.8021956515625 0.3848446484375 0.8021956515625 0.46208285312499997
0 0.21330434843749999 0.1751898734375 0.3777391296875 0.1751898734375 0.3777391296875 0.0538089765625 0.21330434843749999 0.0538089765625 0.21330434843749999 0.1751898734375
0 0.356630434375 0.9489873421875 0.521043478125 0.9489873421875 0.521043478125 0.81104718125 0.356630434375 0.81104718125 0.356630434375 0.9489873421875
9 0.6693043484375 0.76829689375 0.8465 0.76829689375 0.8465 0.61104718125 0.6693043484375 0.61104718125 0.6693043484375 0.76829689375
9 0.5286086953125 0.39035673125 0.7110000000000001 0.39035673125 0.7110000000000001 0.234499425 0.5286086953125 0.234499425 0.5286086953125 0.39035673125
1 0.38528260937500003 0.23035673124999997 0.794369565625 0.23035673124999997 0.794369565625 0.0165707703125 0.38528260937500003 0.0165707703125 0.38528260937500003 0.23035673124999997
7 0.5338043484375 0.6069159953125001 0.9689565218749999 0.6069159953125001 0.9689565218749999 0.3931185265625 0.5338043484375 0.3931185265625 0.5338043484375 0.6069159953125001