3 0.47930666093749996 0.34346950781249996 0.4669806578125 0.5186125484375 0.6035096515625 0.53526901875 0.6158356546875 0.360125978125 0.47930666093749996 0.34346950781249996
0 0.489035340625 0.11072625625000002 0.47544811718749996 0.3037902671875 0.62035446875 0.321468771875 0.6339416921875001 0.128404759375 0.489035340625 0.11072625625000002
6 0.6653777515625 0.246134609375 0.6426838703125 0.56859723125 0.8170086781249999 0.5898647718750001 0.8397025593749999 0.26740215156249997 0.6653777515625 0.246134609375
10 0.68255350625 0.06490945000000001 0.6701304859375 0.241431028125 0.8386057953125 0.2619849328125 0.8510288171875 0.08546335625 0.68255350625 0.06490945000000001
2 1 0.607381703125 0.6894884 0.57681003125 0.6799920562499999 0.7117457625 0.6331594375 0.70603220625 0.618623065625 0.9125828984375 0.7898704765625 0.9334749984374999 0.7851886609375 1 0.9947704125 1 1 0.9256915796875 1 0.607381703125
5 0.385562340625 0.8258234828125 0.3745687015625 0.982034625 0.4565349453125 0.992034465625 0.46752858125 0.835823325 0.385562340625 0.8258234828125
0 0.078064278125 0.16057893125 0.06583367343749999 0.3343664109375 0.194644746875 0.3500812984375 0.2068753515625 0.17629382031250002 0.078064278125 0.16057893125
0 1 0.4258333859375 0.8709953046875001 0.4100948765625 0.8587663171875001 0.583859378125 1 0.60108981875 1 0.4258333859375
9 0.6354959796874999 0.714659496875 0.622316228125 0.90193365625 0.7891917796875 0.9222923921874999 0.80237153125 0.7350182328125 0.6354959796874999 0.714659496875
9 0.24636322968750002 0.5172106624999999 0.23279702656249998 0.709975990625 0.39819493906250003 0.7301544546875001 0.4117611421875 0.5373891265624999 0.24636322968750002 0.5172106624999999
1 0.0338147484375 0.3385011046875 0.024601190624999998 0.4694186875 0.0406370203125 0.7754005296875001 0.22219974374999998 0.79755109375 0.25262749218749997 0.3651961515625 0.0338147484375 0.3385011046875
7 0.610992921875 1 0.6411903531250001 0.57091769375 0.414305546875 0.5432378578125 0.38334905625000004 0.9831058234375 0.521826465625 1 0.610992921875 1