1 0.9665666046875 0.013670885937499998 0.5820262671875 0.013670885937499998 0.5820262671875 0.24415420000000002 0.9665666046875 0.24415420000000002 0.9665666046875 0.013670885937499998
6 0.9688180109375001 0.74602991875 0.672045028125 0.74602991875 0.672045028125 0.914499425 0.9688180109375001 0.914499425 0.9688180109375001 0.74602991875
0 0.67196998125 0.918504028125 0.4493433390625 0.918504028125 0.4493433390625 0.9889873421875001 0.67196998125 0.9889873421875001 0.67196998125 0.918504028125
0 0.44258911875000007 0.9171231296875 0.026566604687500002 0.9171231296875 0.026566604687500002 0.99035673125 0.44258911875000007 0.99035673125 0.44258911875000007 0.9171231296875
2 0.4493433390625 0.2413924046875 0.44709193281250004 0.012428078125 0.026566604687500002 0.0138089765625 0.03106941875 0.24415420000000002 0.4493433390625 0.2413924046875
8 0.7259474671875 0.3351898734375 0.5910131328125 0.3351898734375 0.5910131328125 0.4234637515625 0.7259474671875 0.4234637515625 0.7259474671875 0.3351898734375
5 0.7326829265625 0.24415420000000002 0.579774859375 0.24415420000000002 0.579774859375 0.33380897656249997 0.7326829265625 0.33380897656249997 0.7326829265625 0.24415420000000002
10 0.95983114375 0.6731185265625 0.6764727953125 0.6731185265625 0.6764727953125 0.742082853125 0.95983114375 0.742082853125 0.95983114375 0.6731185265625
9 0.2491932453125 0.5655350984374999 0.0355534703125 0.5655350984374999 0.0355534703125 0.6496662828125 0.2491932453125 0.6496662828125 0.2491932453125 0.5655350984374999
2 0.44484052500000004 0.561254315625 0.0288180109375 0.561254315625 0.0288180109375 0.9172612203125 0.44484052500000004 0.9172612203125 0.44484052500000004 0.561254315625
7 0.5887617265625 0.24677790625 0.03106941875 0.24677790625 0.03106941875 0.5586421171875 0.5887617265625 0.5586421171875 0.5887617265625 0.24677790625
3 0.5900562859375 0.7842807828125 0.4637335828125 0.7842807828125 0.4637335828125 0.8734637515625 0.5900562859375 0.8734637515625 0.5900562859375 0.7842807828125
9 0.15924953125000002 0.019321059374999998 0.037804878125000003 0.019321059374999998 0.037804878125000003 0.13795166875 0.15924953125000002 0.13795166875 0.15924953125000002 0.019321059374999998
9 0.5752720453125 0.01795166875 0.45384615312500004 0.01795166875 0.45384615312500004 0.155880321875 0.5752720453125 0.155880321875 0.5752720453125 0.01795166875