1 0.236493653125 0.422061771875 0.16712528124999998 0.0377005671875 0.0006443812499999999 0.05835193125 0.002741515625 0.41881870625 0.008432540625 0.45035194375 0.236493653125 0.422061771875
6 0.6680402671875 0 0.71685629375 0.2704833015625 0.8835553140625001 0.2498048796875 0.83847126875 0 0.6680402671875 0
0 0.9974342390625001 0.46325996875 0.9572739578125 0.2407370359375 0.8875313703125001 0.24938835625000003 0.9276916515625 0.47191129062500003 0.9974342390625001 0.46325996875
0 1 0.4698439125 0.9275436796875001 0.47883186093749996 1 0.88030299375 1 0.4698439125
2 0.334394471875 0.9648121921874999 0.2576959484375 0.5550218796874999 0.0315439984375 0.585375965625 0.0990177984375 0.9524766234375001 0.334394471875 0.9648121921874999
8 0.41229763124999996 0.3910701296875 0.3879564265625 0.2561986546875 0.3006102390625 0.267033640625 0.32495144531250003 0.401905115625 0.41229763124999996 0.3910701296875
5 0.3256123640625 0.41330764999999997 0.29802882343750003 0.2604708109375 0.2093162515625 0.2714752921875 0.2368997921875 0.4243121296875 0.3256123640625 0.41330764999999997
10 0.594279965625 0 0.64391240625 0.2750069484375 0.712151971875 0.266542071875 0.6640472484375 0 0.594279965625 0
9 0.736323965625 0.9185063031249999 0.697784853125 0.70496605 0.6145378203125 0.7152925484375 0.653076934375 0.9288328015625 0.736323965625 0.9185063031249999
2 1 0.8795289421874999 0.9272741796874999 0.47656455312499996 0.5750086343749999 0.5202618421875 0.65005616875 0.936090559375 1 0.89268126875 1 0.8795289421874999
7 0.546461515625 0.376728315625 0.23787475625 0.41500740937499997 0.33712774843750004 0.9649554374999999 0.38049335 0.9672281328125001 0.647065284375 0.9341608296875 0.546461515625 0.376728315625
3 0.8805288125 0.4630561203125 0.8577410875 0.3367922625 0.7694953625000001 0.3477388328125 0.7922830890625 0.4740026890625 0.8805288125 0.4630561203125
9 0.22598319375 0.9591305984374999 0.207673178125 0.8576771593749999 0.090289284375 0.8722382156249999 0.10482540468749998 0.9527809875000001 0.22598319375 0.9591305984374999
9 0.17227025625 0.5610171578125 0.15036587968749998 0.43964783125 0.01388675 0.4565775828125 0.0357911265625 0.5779469109375001 0.17227025625 0.5610171578125