1 0.9915674593749999 0.45035194375 0.9972584843750001 0.41881870625 0.9993556187499999 0.05835193125 0.83287471875 0.0377005671875 0.7635063468750001 0.422061771875 0.9915674593749999 0.45035194375
6 0.16152873125 0 0.11644468593749999 0.2498048796875 0.28314370625 0.2704833015625 0.3319597328125 0 0.16152873125 0
0 0.0723083484375 0.47191129062500003 0.1124686296875 0.24938835625000003 0.0427260421875 0.2407370359375 0.0025657609375 0.46325996875 0.0723083484375 0.47191129062500003
0 0 0.88030299375 0.0724563203125 0.47883186093749996 0 0.4698439125 0 0.88030299375
2 0.9009822015625 0.9524766234375001 0.9684560015624999 0.585375965625 0.7423040515625 0.5550218796874999 0.665605528125 0.9648121921874999 0.9009822015625 0.9524766234375001
8 0.6750485546875 0.401905115625 0.6993897609374999 0.267033640625 0.6120435734375 0.2561986546875 0.58770236875 0.3910701296875 0.6750485546875 0.401905115625
5 0.7631002078125 0.4243121296875 0.7906837484375 0.2714752921875 0.7019711765625 0.2604708109375 0.6743876359375001 0.41330764999999997 0.7631002078125 0.4243121296875
10 0.3359527515625 0 0.287848028125 0.266542071875 0.35608759375 0.2750069484375 0.405720034375 0 0.3359527515625 0
9 0.346923065625 0.9288328015625 0.3854621796875 0.7152925484375 0.302215146875 0.70496605 0.263676034375 0.9185063031249999 0.346923065625 0.9288328015625
2 0 0.89268126875 0.34994383125 0.936090559375 0.42499136562500006 0.5202618421875 0.0727258203125 0.47656455312499996 0 0.8795289421874999 0 0.89268126875
7 0.352934715625 0.9341608296875 0.61950665 0.9672281328125001 0.6628722515625001 0.9649554374999999 0.76212524375 0.41500740937499997 0.453538484375 0.376728315625 0.352934715625 0.9341608296875
3 0.20771691093750003 0.4740026890625 0.2305046375 0.3477388328125 0.1422589125 0.3367922625 0.1194711875 0.4630561203125 0.20771691093750003 0.4740026890625
9 0.8951745953125 0.9527809875000001 0.909710715625 0.8722382156249999 0.7923268218749999 0.8576771593749999 0.7740168062499999 0.9591305984374999 0.8951745953125 0.9527809875000001
9 0.9642088734375 0.5779469109375001 0.98611325 0.4565775828125 0.8496341203125001 0.43964783125 0.82772974375 0.5610171578125 0.9642088734375 0.5779469109375001