2 0.3585 0.535138121875 0.3571111109375 0.46616942968749997 0.441722221875 0.46893185937500004 0.4403333328125 0.13237569062500001 0.15738888906249998 0.13375690625 0.153222221875 0.531012890625 0.3585 0.535138121875
5 0.99701851875 0.664272559375 0.8397037031249999 0.664272559375 0.8397037031249999 0.8816206265625001 0.99701851875 0.8816206265625001 0.99701851875 0.664272559375
10 0.7676666671875 0.8882504609374999 0.57348148125 0.8882504609374999 0.57348148125 0.994456721875 0.7676666671875 0.994456721875 0.7676666671875 0.8882504609374999
2 0.10468518593750001 0.8813443828124999 0.156 0.8827255984375 0.158777778125 0.9489318593749999 0.43755555625 0.9475506453125 0.4431111109375 0.6054880296875 0.3585 0.6013443828125 0.3585 0.5365193374999999 0.153222221875 0.5392817671875 0.1504629625 0.6606629828125 0.1060740734375 0.6620441984375 0.10468518593750001 0.8813443828124999
1 0.709222221875 0.01611418125 0.44800000000000006 0.01611418125 0.44800000000000006 0.291970534375 0.709222221875 0.291970534375 0.709222221875 0.01611418125
7 0.9958703703125 0.2953038671875 0.676740740625 0.2953038671875 0.676740740625 0.6758747703125 0.9958703703125 0.6758747703125 0.9958703703125 0.2953038671875
9 0.353240740625 0.4115101296875 0.16251851875 0.4115101296875 0.16251851875 0.532191528125 0.353240740625 0.532191528125 0.353240740625 0.4115101296875
9 0.5716851859375 0.7481767953125 0.446740740625 0.7481767953125 0.446740740625 0.8781767953124999 0.5716851859375 0.8781767953124999 0.5716851859375 0.7481767953125
6 0.8342407406250001 0.6648066296875 0.5776481484375 0.6648066296875 0.5776481484375 0.8785819515625001 0.8342407406250001 0.8785819515625001 0.8342407406250001 0.6648066296875
3 0.6461111109375001 0.335543278125 0.4674074078125 0.335543278125 0.4674074078125 0.517348065625 0.6461111109375001 0.517348065625 0.6461111109375001 0.335543278125
9 0.353240740625 0.5437016578125 0.160203703125 0.5437016578125 0.160203703125 0.6643830578125 0.353240740625 0.6643830578125 0.353240740625 0.5437016578125