2 0.35987343906249997 0.860802990625 0.42438934687499996 0.5252240953125 0.33975220625 0.5131205921875 0.3540709609375 0.4445461078125 0.14921341875 0.412610228125 0.07883397343750001 0.809732375 0.35987343906249997 0.860802990625
5 0.9946738953125 0.200501415625 0.8974727187499999 0.1833304765625 0.8567000531250001 0.400204946875 0.988187259375 0.42343263750000004 0.9946738953125 0.200501415625
10 0.8270984203125 0.164063509375 0.8459888578125 0.06358311718750001 0.6529332375 0.02947914375 0.6340428015625 0.1299595359375 0.8270984203125 0.164063509375
2 0.45138694218750003 0.3892094046875 0.5100317671875 0.046916434374999996 0.27872151875 0.0048651015625 0.2314072578125 0.0040392281250000005 0.217953375 0.06215174531249999 0.166677953125 0.0545177328125 0.1269198984375 0.27358399218749996 0.1707914734375 0.2827580421875 0.1507645890625 0.40435936874999995 0.3543300671875 0.4431679 0.3664906984375 0.378484109375 0.45138694218750003 0.3892094046875
1 0.60990715 1 0.6571368578125 0.7487797875 0.3974341546875 0.7029023671875 0.34568582812500004 0.9781576359375 0.46933098125 1 0.60990715 1
7 0.9394841796875 0.79522093125 0.9843064937499999 0.5568059187500001 0.9885335203125001 0.41153239375000006 0.6968615171875 0.3600074796875 0.6254696265625 0.739749125 0.9394841796875 0.79522093125
9 0.13603792812499998 0.5334852671875 0.325650725 0.5669810546875 0.3482895390625 0.4465626171875 0.15867674062499998 0.41306683125 0.13603792812499998 0.5334852671875
9 0.48176266874999996 0.2474690109375 0.6059803171875 0.2694125078125 0.6303672203125 0.13969577500000002 0.506149571875 0.117752278125 0.48176266874999996 0.2474690109375
6 0.5962690515625 0.35364826250000003 0.8513690578125 0.3987126 0.8914715046874999 0.185403090625 0.6363715 0.140338753125 0.5962690515625 0.35364826250000003
3 0.42490255 0.6628330124999999 0.6025667421875001 0.6942180359375001 0.6366717875 0.5128093953125 0.4590075953125 0.4814243734375 0.42490255 0.6628330124999999
9 0.15853459375 0.4011752390625 0.3504487421875 0.43507756718749996 0.3730875546875 0.3146591296875 0.18117340625 0.2807568015625 0.15853459375 0.4011752390625