6 0.9541111109375 0.1781188125 0.6238888890625 0.1781188125 0.6238888890625 0.43214521406250006 0.9541111109375 0.43214521406250006 0.9541111109375 0.1781188125
0 0.6187407406250001 0.8585808578125 0.3310740734375 0.8585808578125 0.3310740734375 0.9965346531250001 0.6187407406250001 0.9965346531250001 0.6187407406250001 0.8585808578125
10 0.9528148140624999 0.044785478125 0.6238888890625 0.044785478125 0.6238888890625 0.17468646875 0.9528148140624999 0.17468646875 0.9528148140624999 0.044785478125
2 0.9489629624999999 0.9827392734375 0.9541111109375 0.4333003296875 0.707740740625 0.43561056093749995 0.707740740625 0.5827392734375 0.621296296875 0.5838943890625 0.6238888890625 0.979273928125 0.9489629624999999 0.9827392734375
1 0.32462962968750003 0.670099009375 0.0279629625 0.670099009375 0.0279629625 0.9804290421875 0.32462962968750003 0.9804290421875 0.32462962968750003 0.670099009375
1 0.323222221875 0.19653465312500001 0.0266666671875 0.19653465312500001 0.0266666671875 0.5091749171875 0.323222221875 0.5091749171875 0.323222221875 0.19653465312500001
9 0.2265925921875 0.5102970296875 0.0279629625 0.5102970296875 0.0279629625 0.6632013203125 0.2265925921875 0.6632013203125 0.2265925921875 0.5102970296875
9 0.9489629624999999 0.4378877890625 0.712777778125 0.4378877890625 0.712777778125 0.5815841578125001 0.9489629624999999 0.5815841578125001 0.9489629624999999 0.4378877890625
8 0.31948148125000003 0.048250825000000004 0.0253703703125 0.048250825000000004 0.0253703703125 0.1907590765625 0.31948148125000003 0.1907590765625 0.31948148125000003 0.048250825000000004
3 0.5559629625 0.574224421875 0.406703703125 0.574224421875 0.406703703125 0.7833663359374999 0.5559629625 0.7833663359374999 0.5559629625 0.574224421875
7 0.62248148125 0.0401980203125 0.3220370375 0.0401980203125 0.3220370375 0.5057095703125001 0.62248148125 0.5057095703125001 0.62248148125 0.0401980203125
5 0.44718518593749995 0.037887789062499996 0.3233333328125 0.037887789062499996 0.3233333328125 0.147095709375 0.44718518593749995 0.147095709375 0.44718518593749995 0.037887789062499996