6 0.4189298703125 0.1562004203125 0.0912058234375 0.097995640625 0.035989915625 0.352360246875 0.363713965625 0.4105650265625 0.4189298703125 0.1562004203125
0 0.537566153125 1 0.561622325 0.8891797859375 0.27613189375 0.8384758234374999 0.24754473125 0.9701690765625001 0.41550878750000003 1 0.537566153125 1
10 0.1138142015625 0 0.093238375 0.0947872109375 0.419675934375 0.1527635078125 0.44791158593749997 0.022689570312499997 0.3201571703125 0 0.1138142015625 0
2 0 0.9176750109375 0.2447885 0.9584221718749999 0.33330230781250003 0.5629732046875 0.2477629046875 0.546579903125 0.2797432234375 0.39925530625 0.035738837499999995 0.35351689999999997 0 0.525797815625 0 0.9176750109375
1 0.8499816171875001 1 0.903409315625 0.7538731890625 0.6089869703125 0.7015828921875 0.544208415625 1 0.8499816171875001 1
1 0.9396747265625001 0.59296333125 0.984195596875 0.3878678375 0.9887314437500001 0.2765501890625 0.7133190359375 0.2276361140625 0.6453626531250001 0.54069261875 0.9396747265625001 0.59296333125
9 0.9381443296875001 0.5938584546875 0.741017359375 0.558848109375 0.7077816453125 0.7119559718749999 0.904908615625 0.7469663171875001 0.9381443296875001 0.5938584546875
9 0.27424930937499997 0.4006477421875 0.0398508953125 0.3590178765625 0.008616640625 0.5029055578125 0.2430150546875 0.5445354234375 0.27424930937499997 0.4006477421875
8 0.994969696875 0.12345247968749999 0.749262875 0.07981420624999999 0.7182868734375 0.2225121875 0.9889744203124999 0.2705871125 0.994969696875 0.12345247968749999
3 0.548373371875 0.59111433125 0.40024327968750006 0.5648059796875 0.3547835921875 0.7742263390625 0.5029136875 0.8005346921875001 0.548373371875 0.59111433125
7 0.74847703125 0.0713002375 0.4503054890625 0.018344071875 0.349120565625 0.48447539375000004 0.6472921078125 0.537431559375 0.74847703125 0.0713002375
5 0.7476927015625 0.0687584484375 0.624777803125 0.046928390625 0.6010400578125 0.1562817078125 0.7239549546874999 0.1781117640625 0.7476927015625 0.0687584484375