6 1 0.62630703125 0.6708581312499999 0.5764433953125 0.6397789125 0.8407202796875 0.986291453125 0.8932154999999999 1 0.7766471890625 1 0.62630703125
0 0.4259145015625 0 0.41577122656250004 0.08625161406250001 0.7176288875 0.13198180625 0.7312969609375 0.0157576609375 0.627283165625 0 0.4259145015625 0
10 0.6234660578125 0.9794338843749999 0.6658667203124999 0.9858574093750001 0.9748579656249999 0.9786655578125 0.9845112734375 0.896580275 0.639358978125 0.844291125 0.6234660578125 0.9794338843749999
2 1 0.0564650640625 0.736637309375 0.0165667015625 0.6867036109375 0.4181586890625 0.777271153125 0.43310243593750003 0.7592704828125 0.586168090625 1 0.6249180078125 1 0.0564650640625
1 0.10218385156250001 0 0.0746471484375 0.234153703125 0.3859487921875 0.2813146203125 0.41903166406250003 0 0.10218385156250001 0
1 0.05359841875 0.40136534062500007 0.0333868859375 0.57323069375 0.0425609875 0.7307439296875 0.32653305625 0.773764528125 0.3647834703125 0.44850859375 0.05359841875 0.40136534062500007
9 0.055095950000000005 0.40040401875000003 0.263524253125 0.43198004843750004 0.2822315453125 0.272905759375 0.073803240625 0.24132973125 0.055095950000000005 0.40040401875000003
9 1 0.468068075 0.7824153500000001 0.43510489531249996 0.764834615625 0.5845997078125 1 0.6202262937499999 1 0.468068075
8 0.051787528125 0.8891575312500001 0.3044657859375 0.9274372468750001 0.3219011578125 0.7791784984375 0.04292035625 0.7369140578125 0.051787528125 0.8891575312500001
3 0.46034178125 0.39410520781249997 0.61696420625 0.417832859375 0.64255196875 0.20025164375 0.48592954375 0.17652399218749998 0.46034178125 0.39410520781249997
7 0.306162178125 0.9362212546875 0.6214279609375 0.9839827218750001 0.6783816296875 0.49968683125 0.36311584531249996 0.4519253640625 0.306162178125 0.9362212546875
5 0.3072397734375 0.9388307796875001 0.43720140937499996 0.95851943125 0.45056260625 0.8449047484375001 0.3206009703125 0.825216096875 0.3072397734375 0.9388307796875001