5 1 0.9366851703125001 0.8592575968749999 0.9375039859375001 0.8612721203125 0.995192428125 1 0.9943853328125 1 0.9366851703125001
2 0.164543059375 0 0.1737490625 0.1315286421875 0.5798279453124999 0.1300708515625 0.589024171875 0.3585813625 1 0.35797862187499996 1 0.23063373281250002 0.9911896625000001 0 0.164543059375 0
7 1 0.6437110875000001 0.60027879375 0.6460365984374999 0.6125221203125 0.9966396140624999 1 0.9943853328125 1 0.6437110875000001
6 0.5829093078125 0.3586169375 0.5749924703125 0.1319083953125 0.17506003750000002 0.134235134375 0.18297687499999998 0.3609436765625 0.5829093078125 0.3586169375
0 0.0126390375 0.3619346734375 0.17324714531250002 0.36100028281249996 0.1654882421875 0.13881435312499998 0.004880134374999999 0.13974874375 0.0126390375 0.3619346734375
9 0.1813544046875 0 0.185786196875 0.1269099484375 0.573522684375 0.1246541640625 0.569169665625 0 0.1813544046875 0
0 0.022487045312500002 0.6439447234375 0.18552758593750002 0.64299618125 0.1758375109375 0.36550874375000003 0.0127969703125 0.36645728593750004 0.022487045312500002 0.6439447234375
0 0.197961309375 0.9990514578124999 0.185686396875 0.6475439203125 0.02264585625 0.6484924624999999 0.03492076875 1 0.197961309375 0.9990514578124999
1 0.6076572546875 0.9966679171875 0.5953507546875 0.64425585625 0.19416832343749998 0.6465898671875 0.2064748234375 0.999001928125 0.6076572546875 0.9966679171875
3 0.613283565625 0.59074871875 0.6070741609375 0.41293464843749994 0.3129525390625 0.4146457984375 0.31916194375 0.59245986875 0.613283565625 0.59074871875
9 1 0.4396244078125 0.799234459375 0.44079242812499997 0.80604313125 0.6357673015625 1 0.63463889375 1 0.4396244078125