5 0.9104536484375 0.0036487343749999996 0.9206158343749999 0.128064525 0.9843717203125 0.122116296875 0.9744822828125 0.0010397671875 0.9104536484375 0.0036487343749999996
2 0.0007424890625 0.06626459375 0.0117468375 0.44445950156249997 0.046248660937500005 0.8612353359375 0.1815014578125 0.843828946875 0.149992753125 0.44716045 0.373262365625 0.4251331515625 0.3430556765625 0.034327825 0.0007424890625 0.06626459375
7 1 0.31345355937499997 0.9744822828125 0.0010397671875 0.62291673125 0.015364965625 0.6541480484375 0.39773045156250003 1 0.365463528125 1 0.31345355937499997
6 0.3737501875 0.431105534375 0.1521518140625 0.4517799828125 0.184056834375 0.842393609375 0.4056552078125 0.8217191625 0.3737501875 0.431105534375
0 0.4202170484375 1 0.40643140625 0.8312221796875001 0.1892537046875 0.851484190625 0.20138436249999997 1 0.4202170484375 1
9 0.1451512078125 0.45363004531250006 0.018400770312500002 0.4654554734375 0.049332846875 0.8441573312499999 0.176083284375 0.83233190625 0.1451512078125 0.45363004531250006
0 0.66824631875 1 0.6977461843749999 0.997247753125 0.6818907000000001 0.8031288156249999 0.41065802500000004 0.828433990625 0.4246714046875 1 0.66824631875 1
0 1 0.7734501953125 0.6863359296875 0.8027140906250001 0.702191415625 0.9968330265625 1 0.969048403125 1 0.7734501953125
1 1 0.37025124374999996 0.65276788125 0.402646934375 0.684772621875 0.7944814359375 1 0.7650716906249999 1 0.37025124374999996
3 0.5990000656250001 0.3881799578125 0.42519404843749997 0.40439552343749996 0.448657903125 0.6916638328125 0.6224639187500001 0.675448265625 0.5990000656250001 0.3881799578125
9 0.4382618171875 0.21505894374999998 0.6288418203125 0.19727841562499998 0.6140129046875 0.015727768750000003 0.486907046875 0.020906935937500003 0.42289145625 0.02687939375 0.4382618171875 0.21505894374999998