5 0.0255177171875 0.0010397671875 0.0156282796875 0.122116296875 0.079384165625 0.128064525 0.0895463515625 0.0036487343749999996 0.0255177171875 0.0010397671875
2 0.6569443234375 0.034327825 0.626737634375 0.4251331515625 0.850007246875 0.44716045 0.8184985421875 0.843828946875 0.9537513390625 0.8612353359375 0.9882531625000001 0.44445950156249997 0.9992575109375 0.06626459375 0.6569443234375 0.034327825
7 0 0.365463528125 0.3458519515625 0.39773045156250003 0.37708326875 0.015364965625 0.0255177171875 0.0010397671875 0 0.31345355937499997 0 0.365463528125
6 0.5943447921875 0.8217191625 0.815943165625 0.842393609375 0.8478481859375 0.4517799828125 0.6262498125 0.431105534375 0.5943447921875 0.8217191625
0 0.7986156375 1 0.8107462953125 0.851484190625 0.5935685937499999 0.8312221796875001 0.5797829515624999 1 0.7986156375 1
9 0.823916715625 0.83233190625 0.9506671531249999 0.8441573312499999 0.9815992296875 0.4654554734375 0.8548487921874999 0.45363004531250006 0.823916715625 0.83233190625
0 0.5753285953125 1 0.589341975 0.828433990625 0.31810930000000004 0.8031288156249999 0.302253815625 0.997247753125 0.33175368125000004 1 0.5753285953125 1
0 0 0.969048403125 0.297808584375 0.9968330265625 0.3136640703125 0.8027140906250001 0 0.7734501953125 0 0.969048403125
1 0 0.7650716906249999 0.315227378125 0.7944814359375 0.34723211875 0.402646934375 0 0.37025124374999996 0 0.7650716906249999
3 0.37753608125000004 0.675448265625 0.551342096875 0.6916638328125 0.5748059515625 0.40439552343749996 0.400999934375 0.3881799578125 0.37753608125000004 0.675448265625
9 0.57710854375 0.02687939375 0.5130929531249999 0.020906935937500003 0.38598709531250003 0.015727768750000003 0.3711581796875 0.19727841562499998 0.5617381828125 0.21505894374999998 0.57710854375 0.02687939375