2 0.8979137937500001 0.833874425 0.8992068968750001 0.45571209843749994 0.820267240625 0.45571209843749994 0.8215603453125 0.2281317 0.7322672406249999 0.2269831546875 0.7335603453124999 0.83272588125 0.8979137937500001 0.833874425
5 0.6487758625 0.8633690656249999 0.727068965625 0.8633690656249999 0.727068965625 0.7402603375 0.6487758625 0.7402603375 0.6487758625 0.8633690656249999
9 0.2314741375 0.70713629375 0.3526034484375 0.70713629375 0.3526034484375 0.5647779484375001 0.2314741375 0.5647779484375001 0.2314741375 0.70713629375
1 0.39738793125 0.40725880625000005 0.556568965625 0.40725880625000005 0.556568965625 0.060137825 0.39738793125 0.060137825 0.39738793125 0.40725880625000005
9 0.3602586203125 0.778958653125 0.44223275937500006 0.778958653125 0.44223275937500006 0.5653905046875 0.3602586203125 0.5653905046875 0.3602586203125 0.778958653125
0 0.5594482765625 0.1840888203125 0.7290258625 0.1840888203125 0.7290258625 0.059954057812499996 0.5594482765625 0.059954057812499996 0.5594482765625 0.1840888203125
0 0.2277413796875 0.17912710625 0.3945258625 0.17912710625 0.3945258625 0.0616079625 0.2277413796875 0.0616079625 0.2277413796875 0.17912710625
2 0.22681034531250002 0.1874119453125 0.2277413796875 0.717059725 0.3572586203125 0.7137519140624999 0.3572586203125 0.558162328125 0.39545689687499996 0.558162328125 0.3945258625 0.1874119453125 0.22681034531250002 0.1874119453125
6 0.6516896546875001 0.9653292499999999 0.6516896546875001 0.712098009375 0.4457758625 0.712098009375 0.4457758625 0.78326186875 0.426206896875 0.7865237359374999 0.42806896562499996 0.96699846875 0.6516896546875001 0.9653292499999999
7 0.729068965625 0.7069218984375001 0.7277758624999999 0.1919754984375 0.5588965515625001 0.1919754984375 0.5588965515625001 0.4138131703125 0.4463103453125 0.41151607968750004 0.44566379375 0.7092189890625 0.729068965625 0.7069218984375001
9 0.73275 0.4505819296875 0.8166120687499999 0.4505819296875 0.8166120687499999 0.23209800937499997 0.73275 0.23209800937499997 0.73275 0.4505819296875