2 0.1814836234375 0.4996054 0.17357181875 0.72662574375 0.262795253125 0.7345244390625 0.279120828125 0.12991432187500002 0.11486753593750001 0.11633945000000001 0.1025760265625 0.493635859375 0.1814836234375 0.4996054
5 0.28292019218750003 0.22268293749999998 0.3611814984375 0.228603584375 0.36476214218749997 0.10574491562499999 0.2865008359375 0.09982427031249999 0.28292019218750003 0.22268293749999998
9 0.652129684375 0.42612654687499996 0.7732098 0.43528653281249996 0.777350321875 0.29321735000000004 0.65627020625 0.2840573625 0.652129684375 0.42612654687499996
1 0.433569440625 0.914317446875 0.592685825 0.9263549640625 0.6027819125 0.5799390609375 0.4436655265625 0.5679015453125 0.433569440625 0.914317446875
9 0.562554590625 0.4187373265625 0.6444954375 0.42493633906249995 0.6507071125 0.21180199375000003 0.568766265625 0.20560298281249997 0.562554590625 0.4187373265625
0 0.2611772390625 0.9014593828124999 0.43068595312499997 0.9142831031249999 0.43429643906250004 0.7904004859375 0.2647877234375 0.777576765625 0.2611772390625 0.9014593828124999
0 0.595589490625 0.925104246875 0.7623062375 0.9377167484375001 0.76572430625 0.8204363109375 0.599007559375 0.8078238093750001 0.595589490625 0.925104246875
2 0.6518093421875 0.2771031484375 0.6472839859375 0.43237669843750004 0.6091012234375001 0.4294880859375 0.5992485265624999 0.7995557984375 0.7668959281250001 0.8122387062499999 0.7813701890625 0.2835963515625 0.6518093421875 0.2771031484375
6 0.5632799453125 0.2720598828125 0.5653497609375 0.201040571875 0.5850056515625 0.19926516562500002 0.5883934859375 0.0190162046875 0.3648150671875 0.0037714890625 0.35744978125000004 0.25648836249999996 0.5632799453125 0.2720598828125
7 0.43507732499999996 0.78257155 0.441529521875 0.561184478125 0.5540031921875 0.571990846875 0.5633082328125 0.2749415296875 0.27995134843749997 0.255802415625 0.26626660156250004 0.7698006328125 0.43507732499999996 0.78257155
9 0.178633446875 0.7230416890625 0.26246145625 0.72938346875 0.26881610624999996 0.5113433359374999 0.1849880984375 0.50500155625 0.178633446875 0.7230416890625