2 0.8974239734375 0.493635859375 0.8851324640625 0.11633945000000001 0.720879171875 0.12991432187500002 0.737204746875 0.7345244390625 0.8264281812500001 0.72662574375 0.8185163765624999 0.4996054 0.8974239734375 0.493635859375
5 0.7134991640624999 0.09982427031249999 0.6352378578125 0.10574491562499999 0.6388185015625 0.228603584375 0.7170798078125 0.22268293749999998 0.7134991640624999 0.09982427031249999
9 0.34372979375 0.2840573625 0.22264967812499997 0.29321735000000004 0.2267902 0.43528653281249996 0.347870315625 0.42612654687499996 0.34372979375 0.2840573625
1 0.5563344734375 0.5679015453125 0.3972180875 0.5799390609375 0.40731417499999995 0.9263549640625 0.566430559375 0.914317446875 0.5563344734375 0.5679015453125
9 0.431233734375 0.20560298281249997 0.3492928875 0.21180199375000003 0.3555045625 0.42493633906249995 0.437445409375 0.4187373265625 0.431233734375 0.20560298281249997
0 0.7352122765625 0.777576765625 0.5657035609375 0.7904004859375 0.569314046875 0.9142831031249999 0.7388227609375 0.9014593828124999 0.7352122765625 0.777576765625
0 0.40099244062499995 0.8078238093750001 0.23427569374999999 0.8204363109375 0.23769376250000002 0.9377167484375001 0.404410509375 0.925104246875 0.40099244062499995 0.8078238093750001
2 0.2186298109375 0.2835963515625 0.233104071875 0.8122387062499999 0.40075147343750006 0.7995557984375 0.3908987765625 0.4294880859375 0.35271601406249997 0.43237669843750004 0.34819065781249997 0.2771031484375 0.2186298109375 0.2835963515625
6 0.6425502187500001 0.25648836249999996 0.6351849328125 0.0037714890625 0.41160651406250004 0.0190162046875 0.4149943484375 0.19926516562500002 0.4346502390625 0.201040571875 0.43672005468749997 0.2720598828125 0.6425502187500001 0.25648836249999996
7 0.7337333984375001 0.7698006328125 0.7200486515625 0.255802415625 0.4366917671875 0.2749415296875 0.44599680781249995 0.571990846875 0.5584704781250001 0.561184478125 0.564922675 0.78257155 0.7337333984375001 0.7698006328125
9 0.8150119015625 0.50500155625 0.73118389375 0.5113433359374999 0.73753854375 0.72938346875 0.821366553125 0.7230416890625 0.8150119015625 0.50500155625