2 0.26643965468749997 0.83272588125 0.26773275937499996 0.2269831546875 0.1784396546875 0.2281317 0.179732759375 0.45571209843749994 0.100793103125 0.45571209843749994 0.10208620625 0.833874425 0.26643965468749997 0.83272588125
5 0.3512241375 0.7402603375 0.272931034375 0.7402603375 0.272931034375 0.8633690656249999 0.3512241375 0.8633690656249999 0.3512241375 0.7402603375
9 0.7685258625 0.5647779484375001 0.6473965515625 0.5647779484375001 0.6473965515625 0.70713629375 0.7685258625 0.70713629375 0.7685258625 0.5647779484375001
1 0.60261206875 0.060137825 0.443431034375 0.060137825 0.443431034375 0.40725880625000005 0.60261206875 0.40725880625000005 0.60261206875 0.060137825
9 0.6397413796875 0.5653905046875 0.5577672406249999 0.5653905046875 0.5577672406249999 0.778958653125 0.6397413796875 0.778958653125 0.6397413796875 0.5653905046875
0 0.4405517234375 0.059954057812499996 0.2709741375 0.059954057812499996 0.2709741375 0.1840888203125 0.4405517234375 0.1840888203125 0.4405517234375 0.059954057812499996
0 0.7722586203125 0.0616079625 0.6054741375 0.0616079625 0.6054741375 0.17912710625 0.7722586203125 0.17912710625 0.7722586203125 0.0616079625
2 0.6054741375 0.1874119453125 0.6045431031249999 0.558162328125 0.6427413796875 0.558162328125 0.6427413796875 0.7137519140624999 0.7722586203125 0.717059725 0.7731896546875 0.1874119453125 0.6054741375 0.1874119453125
6 0.571931034375 0.96699846875 0.573793103125 0.7865237359374999 0.5542241375 0.78326186875 0.5542241375 0.712098009375 0.3483103453125 0.712098009375 0.3483103453125 0.9653292499999999 0.571931034375 0.96699846875
7 0.55433620625 0.7092189890625 0.5536896546875 0.41151607968750004 0.44110344843749993 0.4138131703125 0.44110344843749993 0.1919754984375 0.27222413749999996 0.1919754984375 0.270931034375 0.7069218984375001 0.55433620625 0.7092189890625
9 0.26725 0.23209800937499997 0.18338793125 0.23209800937499997 0.18338793125 0.4505819296875 0.26725 0.4505819296875 0.26725 0.23209800937499997