2 0.84599115625 0.7477560125 0.22537904375 0.6664572609375 0.21425181875 0.758107225 0.44766384375 0.7868286890625 0.4367862140625 0.867717875 0.82452085625 0.916320046875 0.84599115625 0.7477560125
5 0.7629116578125 0.6486698078125 0.7521231203125 0.7288964734375 0.87829005625 0.7451500125 0.8890785937500001 0.6649233453125001 0.7629116578125 0.6486698078125
9 0.64057285625 0.1978939875 0.6238816265625 0.3220147640625 0.7697763703125 0.34080974999999997 0.7864676015625001 0.21668897187499997 0.64057285625 0.1978939875
1 0.10053431406249999 0.3012797109375 0.07859967968750001 0.46439195624999996 0.43434367500000004 0.5102209078125 0.456278309375 0.3471086625 0.10053431406249999 0.3012797109375
9 0.6234545406249999 0.329939865625 0.61215876875 0.413938475 0.8310322749999999 0.442134996875 0.8423280468750001 0.3581363859375 0.6234545406249999 0.329939865625
0 0.0780145875 0.4673181125 0.054647340625 0.6410836671875 0.18186580000000002 0.6574726671875 0.20523304687500002 0.48370711406250005 0.0780145875 0.4673181125
0 0.1254177234375 0.127637584375 0.10243535781249999 0.29854105625 0.22287385624999997 0.3140566234375 0.245856221875 0.14315315312500002 0.1254177234375 0.127637584375
2 0.231364503125 0.31515043593750003 0.6111965968749999 0.3650531078125 0.6164601953125 0.3259114703125 0.775914865625 0.346453321875 0.7971519046875 0.21417417656249998 0.2544751625 0.1432929375 0.231364503125 0.31515043593750003
6 1 0.4488673109375 0.8409936 0.42671213906250005 0.8349541625000001 0.4463337375 0.7620224828125 0.4369382671875 0.7336482234374999 0.64793740625 0.9931701125 0.6813704796875 1 0.6332990625 1 0.4488673109375
7 0.759087384375 0.4364433265625 0.45389999062499997 0.39780135781250003 0.44074012656250006 0.513471321875 0.21339166718749997 0.484183009375 0.190120640625 0.65723304375 0.7176809109375 0.7265443312500001 0.759087384375 0.4364433265625
9 0.23055443750000001 0.6676272359375 0.2189985140625 0.7535604 0.44290990625 0.78240593125 0.45446583125 0.696472765625 0.23055443750000001 0.6676272359375