7 0.6812196687500001 0.7458254484375 0.6482784484375 0.568221325 0.661996721875 0.5650599171875 0.625459003125 0.3687475984375 0.47818372968749995 0.3855341796875 0.5521352546875 0.7586982828125 0.5700371921875 0.7580522703125 0.6812196687500001 0.7458254484375
2 1 0.6180708890625 0.9455500375 0.320140271875 0.7800871109374999 0.334770603125 0.8219574749999999 0.5525709609375 0.9023569234375 0.545545315625 0.9334155859375001 0.7071056015625 1 0.698839125 1 0.6180708890625
1 0.6250004953125 0.35402465781250003 0.6671520656250001 0.5732877984375 0.818655721875 0.5544785671875 0.7765041515625 0.335215428125 0.6250004953125 0.35402465781250003
1 0.3561985390625 0.5646366328125 0.3969588703125 0.77666285625 0.5497289171874999 0.7576964015625001 0.508968584375 0.5456701796875 0.3561985390625 0.5646366328125
9 1 0.6466417843750001 0.97957816875 0.5404119374999999 0.907702734375 0.549335296875 0.9370963531250001 0.7022343796875 1 0.6944248703125 1 0.6466417843750001
9 0.8376198234375 0.6156184609375 0.8659034109375 0.7627434109375 0.9365124515625001 0.753977275 0.9082288671875001 0.606852325 0.8376198234375 0.6156184609375
10 0.801889475 0.744126421875 0.8271167765625 0.875353253125 0.878050421875 0.8690298249999999 0.8528231203125 0.7378029921875 0.801889475 0.744126421875
6 0.648440865625 0.7602211453125001 0.675059403125 0.8986848937499999 0.8221770203125001 0.8804201921875 0.7955584796874999 0.7419564453125 0.648440865625 0.7602211453125001
0 0.8585192859375 0.2378911484375 0.8765461859375 0.3316630953125 0.9436649328125 0.32333028124999996 0.9256380312499999 0.22955833593750002 0.8585192859375 0.2378911484375
0 0.4570442453125 0.281822465625 0.47672139218750004 0.384178625 0.6328581859375 0.3647941890625 0.6131810390625 0.2624380296875 0.4570442453125 0.281822465625
5 0.5729811734375 0.7621798531249999 0.6012647578125 0.9093048015624999 0.6731401921875 0.9003814437500001 0.6448566062500001 0.75325649375 0.5729811734375 0.7621798531249999
3 0.6909104593750001 0.6017897328124999 0.709277771875 0.697332415625 0.8022803203125 0.6857861171875 0.783913009375 0.590243434375 0.6909104593750001 0.6017897328124999