7 0.3522475796875 0.6037342046874999 0.551172821875 0.63676536875 0.5559457734375 0.62240825625 0.7359263765625 0.652172428125 0.760762484375 0.5361530984375 0.7633941578125001 0.51750600625 0.385756675 0.45003688124999996 0.3522475796875 0.6037342046874999
2 0.6682342890624999 0.9156192687500001 0.504632125 0.88740615625 0.5207146828125 0.803555225 0.30016165781250004 0.7655209671875001 0.266886321875 0.9380914406249999 0.5144327546875 0.9783272328124999 0.6552429546874999 0.9725896562499999 0.6682342890624999 0.9156192687500001
1 0.30101454375 0.761780840625 0.5230488375 0.8000705421875001 0.559112659375 0.641921265625 0.337078365625 0.6036315625 0.30101454375 0.761780840625
1 0.5479165515625 0.4780012734375 0.762622465625 0.5150272 0.798987740625 0.35555598125 0.5842818265624999 0.318530053125 0.5479165515625 0.4780012734375
9 0.4908543109375 0.9679013765625 0.5442633015625 0.9771117296874999 0.65066286875 0.9727762796875 0.6627949875 0.9195737796874999 0.5079634890625 0.892873165625 0.4908543109375 0.9679013765625
9 0.5673627203125 0.8919575734375 0.71634710625 0.9176498578125001 0.7331548328124999 0.8439435874999999 0.5841704453125 0.8182513046875 0.5673627203125 0.8919575734375
10 0.708808159375 0.83096529375 0.8416935015625 0.8538813046874999 0.8538177093750001 0.800713484375 0.72093236875 0.777797471875 0.708808159375 0.83096529375
6 0.7193837234375 0.7712639671875 0.85959744375 0.795443753125 0.89461721875 0.6418729046875 0.754403496875 0.6176931171875 0.7193837234375 0.7712639671875
0 0.175433640625 0.9196731484375 0.2703907203125 0.93604845 0.28636762031249996 0.8659855796875 0.1914105390625 0.849610278125 0.175433640625 0.9196731484375
0 0.243699340625 0.593660796875 0.3473491265625 0.61153515 0.38451581875 0.448549503125 0.2808660328125 0.4306751484375 0.243699340625 0.593660796875
5 0.74759714375 0.6141401281250001 0.8965815296875 0.6398324109375 0.91369070625 0.5648042 0.7647063203125 0.5391119171875001 0.74759714375 0.6141401281250001
3 0.56383130625 0.7630037859375001 0.6605815015625 0.779688309375 0.6827197625 0.6826062546875 0.585969565625 0.6659217328125 0.56383130625 0.7630037859375001