7 0.367132075 0.5134969328125 0.733207546875 0.51134969375 0.73471698125 0.49386503125000003 0.736226415625 0.38374233125 0.5622641515625 0.38257668749999996 0.5608679249999999 0.36868098125 0.3685660375 0.3675153375 0.367132075 0.5134969328125
2 0.567924528125 0.21119631874999997 0.5707547171875 0.13190184062500002 0.729132075 0.13190184062500002 0.729132075 0.0514417171875 0.360075471875 0.047975459375 0.35441509375 0.21119631874999997 0.567924528125 0.21119631874999997
1 0.569358490625 0.2147546015625 0.35441509375 0.2147546015625 0.35441509375 0.3652147234375 0.569358490625 0.3652147234375 0.569358490625 0.2147546015625
1 0.7319622640625 0.5134969328125 0.5241132078125 0.5134969328125 0.5241132078125 0.6652147234375 0.7319622640625 0.6652147234375 0.7319622640625 0.5134969328125
9 0.7249056609375 0.0560429453125 0.5750188671875 0.0560429453125 0.5750188671875 0.1274233125 0.7249056609375 0.1274233125 0.7249056609375 0.0560429453125
9 0.7743773578125001 0.1376380375 0.63015094375 0.1376380375 0.63015094375 0.2077607359375 0.7743773578125001 0.2077607359375 0.7743773578125001 0.1376380375
10 0.8775849062500001 0.2157975453125 0.748943396875 0.2157975453125 0.748943396875 0.26638036875000004 0.8775849062500001 0.26638036875000004 0.8775849062500001 0.2157975453125
6 0.8818490562499999 0.2721165640625 0.7461132078125 0.2721165640625 0.7461132078125 0.41822085937500003 0.8818490562499999 0.41822085937500003 0.8818490562499999 0.2721165640625
0 0.3629056609375 0.0503987734375 0.27098113281249997 0.0503987734375 0.27098113281249997 0.1170552140625 0.3629056609375 0.1170552140625 0.3629056609375 0.0503987734375
0 0.36566037812499996 0.35960122656250004 0.2653207546875 0.35960122656250004 0.2653207546875 0.5146625765625 0.36566037812499996 0.5146625765625 0.36566037812499996 0.35960122656250004
5 0.8832452828124999 0.4203987734375 0.7390188671875 0.4203987734375 0.7390188671875 0.491779140625 0.8832452828124999 0.491779140625 0.8832452828124999 0.4203987734375
3 0.6931320750000001 0.2551227 0.5994716984374999 0.2551227 0.5994716984374999 0.3474846625 0.6931320750000001 0.3474846625 0.6931320750000001 0.2551227