5 0.264143578125 1 0.252397509375 0.9498391484375001 0.13418370625 0.971654359375 0.1408213484375 1 0.264143578125 1
6 0.982000515625 0.9264224640625001 0.9178055234375 0.6522817546875 0.5460259609375 0.7208900703125 0.6102209546874999 0.9950307796875 0.982000515625 0.9264224640625001
7 0.45317364531250004 1 0.35157004999999997 0.5661081921875 0.026756039062499997 0.626049471875 0.11432330312500001 1 0.45317364531250004 1
10 1 0.6386961796875 0.920834496875 0.65330540625 0.983591028125 0.9213032562500001 1 0.9182751390625 1 0.6386961796875
0 1 0.48914546562499994 0.96116871875 0.323318909375 0.8443136953125 0.344883371875 0.9163590812500001 0.65254868125 1 0.6371135609375 1 0.48914546562499994
2 0.23226505625 0.071464103125 0.30339275625 0.36837608906249997 0.4434244234375 0.34258649218750004 0.46118865312499996 0.41239420000000004 0.8459694921875001 0.3421909078125 0.7750531671875 0.03609868125 0.49522942968750006 0.02306568125 0.23226505625 0.071464103125
1 0.23814644999999998 0.075100665625 0.000691859375 0.118920609375 0.0030318125000000002 0.521124171875 0.0261051671875 0.6196574906250001 0.35159856562499997 0.5595908359374999 0.23814644999999998 0.075100665625
3 0.8427564468750001 0.603994028125 0.7986649734375 0.4157041515625 0.5712885921875 0.457664259375 0.6153800640625 0.6459541375 0.8427564468750001 0.603994028125
0 0.779161340625 0.0362900234375 0.84613856875 0.32231208906250003 0.9575365609375 0.3017546703125 0.8966546703124999 0.0417623625 0.779161340625 0.0362900234375
9 0.44199760781249997 0.33649337031250004 0.37637580000000004 0.056259539062499996 0.24350032968750002 0.08078041875 0.3091221375 0.36101425 0.44199760781249997 0.33649337031250004
9 0.5832933984374999 1 0.6088840921875 0.9952774859375 0.54539959375 0.7241709015625 0.3990897390625 0.751170965625 0.4573575484375 1 0.5832933984374999 1