5 0.8701767671875 0.1548198203125 0.9938888890625 0.1548198203125 0.9938888890625 0.0333333328125 0.8701767671875 0.0333333328125 0.8701767671875 0.1548198203125
6 0.7000757578125001 0.8789639640625 0.97843434375 0.8789639640625 0.97843434375 0.49689189218749996 0.7000757578125001 0.49689189218749996 0.7000757578125001 0.8789639640625
7 0.51449495 0.3410360359375 0.9815404046875 0.3410360359375 0.9815404046875 0.0072297296875 0.51449495 0.0072297296875 0.51449495 0.3410360359375
10 0.7016161609375 0.9989639640625001 0.9737373734375 0.9989639640625001 0.9737373734375 0.8817117109374999 0.7016161609375 0.8817117109374999 0.7016161609375 0.9989639640625001
0 0.3876767671875 0.9975675671875001 0.7000757578125001 0.9975675671875001 0.7000757578125001 0.8774774781250001 0.3876767671875 0.8774774781250001 0.3876767671875 0.9975675671875001
2 0.3853535359375 0.8797297296875 0.38457070781249997 0.48448198124999997 0.31343434375 0.4830855859375 0.3133838390625 0.3391891890625 0.0116161609375 0.33761261249999996 0.011868687499999999 0.8806306312500001 0.3853535359375 0.8797297296875
1 0.016212121875 0.34256756718750003 0.508156565625 0.34256756718750003 0.508156565625 0.008063062499999999 0.016212121875 0.008063062499999999 0.016212121875 0.34256756718750003
3 0.44840909062499995 0.816171171875 0.639595959375 0.816171171875 0.639595959375 0.5825 0.44840909062499995 0.5825 0.44840909062499995 0.816171171875
0 0.025782828125 0.9989639640625001 0.366035353125 0.9989639640625001 0.366035353125 0.8844819812500001 0.025782828125 0.8844819812500001 0.025782828125 0.9989639640625001
9 0.022702020312499998 0.4830855859375 0.307247475 0.4830855859375 0.307247475 0.34653153125 0.022702020312499998 0.34653153125 0.022702020312499998 0.4830855859375
9 0.703156565625 0.49551801875 0.97843434375 0.49551801875 0.97843434375 0.3451576578125 0.703156565625 0.3451576578125 0.703156565625 0.49551801875