5 0.1298232328125 0.0333333328125 0.0061111109375 0.0333333328125 0.0061111109375 0.1548198203125 0.1298232328125 0.1548198203125 0.1298232328125 0.0333333328125
6 0.2999242421875 0.49689189218749996 0.021565656250000002 0.49689189218749996 0.021565656250000002 0.8789639640625 0.2999242421875 0.8789639640625 0.2999242421875 0.49689189218749996
7 0.48550505 0.0072297296875 0.0184595953125 0.0072297296875 0.0184595953125 0.3410360359375 0.48550505 0.3410360359375 0.48550505 0.0072297296875
10 0.2983838390625 0.8817117109374999 0.026262626562500002 0.8817117109374999 0.026262626562500002 0.9989639640625001 0.2983838390625 0.9989639640625001 0.2983838390625 0.8817117109374999
0 0.6123232328125 0.8774774781250001 0.2999242421875 0.8774774781250001 0.2999242421875 0.9975675671875001 0.6123232328125 0.9975675671875001 0.6123232328125 0.8774774781250001
2 0.9881313125 0.8806306312500001 0.9883838390624999 0.33761261249999996 0.6866161609375 0.3391891890625 0.68656565625 0.4830855859375 0.6154292921875 0.48448198124999997 0.6146464640625 0.8797297296875 0.9881313125 0.8806306312500001
1 0.983787878125 0.008063062499999999 0.49184343437500005 0.008063062499999999 0.49184343437500005 0.34256756718750003 0.983787878125 0.34256756718750003 0.983787878125 0.008063062499999999
3 0.551590909375 0.5825 0.36040404062500003 0.5825 0.36040404062500003 0.816171171875 0.551590909375 0.816171171875 0.551590909375 0.5825
0 0.9742171718750001 0.8844819812500001 0.633964646875 0.8844819812500001 0.633964646875 0.9989639640625001 0.9742171718750001 0.9989639640625001 0.9742171718750001 0.8844819812500001
9 0.9772979796874999 0.34653153125 0.6927525250000001 0.34653153125 0.6927525250000001 0.4830855859375 0.9772979796874999 0.4830855859375 0.9772979796874999 0.34653153125
9 0.296843434375 0.3451576578125 0.021565656250000002 0.3451576578125 0.021565656250000002 0.49551801875 0.296843434375 0.49551801875 0.296843434375 0.3451576578125