5 0.032403371874999996 0.927911184375 0.0651761734375 0.9323048703125 0.078608796875 0.8050221734375 0.027874473437500002 0.7982204734375 0.032403371874999996 0.927911184375
6 0.337906090625 0.0703569640625 0.061797953125000006 0.033340515625 0.019552675 0.43364153906249997 0.2956608125 0.4706579859375 0.337906090625 0.0703569640625
7 0.032638465625 0.93464336875 0.4392483921875 0.9891555453124999 0.473968015625 0.660164925 0.020932510937500003 0.5994287015624999 0.032638465625 0.93464336875
10 0.06531650312500001 0 0.062101768749999994 0.0304616703125 0.336586834375 0.0672605203125 0.343685090625 0 0.06531650312500001 0
0 0.345331125 0 0.33774173125 0.07191437187500001 0.6669056265625 0.11604374218749999 0.67746445625 0.015992084375 0.5581784515625 0 0.345331125 0
2 1 0.15750348593750002 0.669602565625 0.1140122109375 0.6267253046875 0.5282281171875 0.7015248078125 0.5397398328125 0.685667559375 0.690508771875 0.9970729453124999 0.73389886875 1 0.7061631546875 1 0.15750348593750002
1 0.44592692500000003 0.9900509046874999 0.4999573578125 0.9972944968749999 0.9695641374999999 0.9945624046875 0.997617309375 0.7287406859375001 0.48081588750000004 0.65945568125 0.44592692500000003 0.9900509046874999
3 0.368851853125 0.38950880468750004 0.5702987734375 0.4165157953125 0.5961355312500001 0.1716959921875 0.39468861093749996 0.144689003125 0.368851853125 0.38950880468750004
0 1 0.059232825 0.700267259375 0.0190491421875 0.690482909375 0.1117621046875 1 0.1532575265625 1 0.059232825
9 1 0.5797549234375 0.7080436953125 0.5406137875 0.6929450671875 0.683682940625 0.9927606656249999 0.72387773125 1 0.6552804109375 1 0.5797549234375
9 0.0194007671875 0.43508096093750004 0.016239435937499998 0.46503659375 0.020778860937499997 0.5950287390625 0.2756375875 0.6291963859374999 0.2922627625 0.471662215625 0.0194007671875 0.43508096093750004