10 0.3136162359375 0.44483870937500003 0.184760146875 0.44483870937500003 0.184760146875 0.5942580640624999 0.3136162359375 0.5942580640624999 0.3136162359375 0.44483870937500003
9 0.48191881875 0.4390967734375 0.31741697343749997 0.4390967734375 0.31741697343749997 0.5333548390625 0.48191881875 0.5333548390625 0.48191881875 0.4390967734375
0 0.9210701109375 0.5586451609374999 0.8130996312500001 0.5586451609374999 0.8130996312500001 0.6517419359375001 0.9210701109375 0.6517419359375001 0.9210701109375 0.5586451609374999
9 0.5594833953125 0.5425483875 0.374095940625 0.5425483875 0.374095940625 0.643709678125 0.5594833953125 0.643709678125 0.5594833953125 0.5425483875
0 0.9223616234375 0.044838709375 0.7947232468750001 0.044838709375 0.7947232468750001 0.2494516125 0.9223616234375 0.2494516125 0.9223616234375 0.044838709375
3 0.5173800734375 0.2724193546875 0.4060516609375 0.2724193546875 0.4060516609375 0.4035483875 0.5173800734375 0.4035483875 0.5173800734375 0.2724193546875
1 0.817195571875 0.2494516125 0.564760146875 0.2494516125 0.564760146875 0.4368064515625 0.817195571875 0.4368064515625 0.817195571875 0.2494516125
6 0.3570110703125 0.2551935484375 0.1860516609375 0.2551935484375 0.1860516609375 0.44254838750000003 0.3570110703125 0.44254838750000003 0.3570110703125 0.2551935484375
5 0.3714760140625 0.1390967734375 0.18738007343750002 0.1390967734375 0.18738007343750002 0.2505806453125 0.3714760140625 0.2505806453125 0.3714760140625 0.1390967734375
7 0.7935424359375001 0.046 0.374095940625 0.046 0.374095940625 0.24829032187500003 0.7935424359375001 0.24829032187500003 0.7935424359375001 0.046
2 0.817195571875 0.43793548437499996 0.5583025828125 0.43741935468750004 0.5557195578125 0.538387096875 0.367527675 0.5390967734375 0.367527675 0.6494516124999999 0.81191881875 0.6517419359375001 0.817195571875 0.43793548437499996