10 0.8067179484375 0.5211109359375 0.6705548453125 0.49800078125 0.6484744359375 0.6545481015625 0.7846375390625 0.6776582578125 0.8067179484375 0.5211109359375
9 0.6673870921875 0.491303271875 0.49355687656249997 0.46180009999999994 0.4796279125 0.5605546953125 0.6534581296875001 0.5900578656250001 0.6673870921875 0.491303271875
0 0 0.6061542421875 0.11217227187500001 0.625192578125 0.1259296265625 0.5276546718749999 0.0118364859375 0.5082903203125 0 0.5922095078125 0 0.6061542421875
9 0.5922065062499999 0.5895246953125 0.3963063234375 0.5562757203124999 0.38135723593750004 0.662262853125 0.57725741875 0.695511828125 0.5922065062499999 0.5895246953125
0 0.0815954765625 0.0038003703125000002 0.0561627421875 0.1841152328125 0.19103908125 0.20700699375 0.2187992734375 0.010190740625 0.0815954765625 0.0038003703125000002
3 0.598356934375 0.30077809375000003 0.48071544531250004 0.2808115015625 0.4613378828125 0.418195971875 0.578979371875 0.4381625640625 0.598356934375 0.30077809375000003
1 0.43404265156250005 0.24825054687499998 0.1672924234375 0.202976615625 0.1396061046875 0.3992691140625 0.40635633281250005 0.44454304687499996 0.43404265156250005 0.24825054687499998
6 0.83337796875 0.322187225 0.6527240015625 0.2915259 0.6250376828124999 0.487818396875 0.8056916515625 0.518479721875 0.83337796875 0.322187225
5 0.8491304 0.20031386874999998 0.65459496875 0.167296525 0.6381204640625 0.2840986734375 0.832655896875 0.3171160171875 0.8491304 0.20031386874999998
7 0.6655838296875001 0.069288740625 0.354668684375 0.016518959375 0.22006857812499997 0.010249859375 0.1924584625 0.20600208125 0.6356904234375 0.2812292109375 0.6655838296875001 0.069288740625
2 0.599657296875 0.5870864328125001 0.4008985296875 0.5525909578125 0.41308951406250005 0.4463433421875 0.1394392609375 0.40045200468750003 0.11342004375 0.6254043546875 0.5833496359375 0.7027056890625001 0.599657296875 0.5870864328125001