10 0.43922131249999996 0.7912145578125 0.4779471875 0.661007128125 0.331070278125 0.632569621875 0.292344403125 0.7627770515625001 0.43922131249999996 0.7912145578125
9 0.484733678125 0.6582593359375 0.53417238125 0.49203232343750003 0.4415181671875 0.4740931203125 0.3920794640625 0.6403201328125 0.484733678125 0.6582593359375
0 0.5161898828125 0.1346258859375 0.5486388828125001 0.025523098437500003 0.4571261984375 0.007804909375 0.4246771984375 0.11690769999999999 0.5161898828125 0.1346258859375
9 0.400076409375 0.58129704375 0.45579198749999994 0.39396539062499997 0.3563520109375 0.374712365625 0.3006364328125 0.5620440171875 0.400076409375 0.58129704375
0 0.9911917750000001 0.109827565625 0.8529594875000001 0.083063784375 0.8145995781250001 0.21204073281250002 0.984114953125 0.244861375 0.9911917750000001 0.109827565625
3 0.6752128953125001 0.6004171796875 0.7086710765625 0.487921240625 0.5797732734375 0.4629647515625 0.54631509375 0.575460690625 0.6752128953125001 0.6004171796875
1 0.745487421875 0.4444155046875 0.82135331875 0.189332734375 0.6371864203125 0.15367534375 0.5613205234375 0.40875811406249996 0.745487421875 0.4444155046875
6 0.62602770625 0.8260027843750001 0.6774071390625 0.6532504875 0.49324024218750007 0.6175930968750001 0.44186081093749996 0.79034539375 0.62602770625 0.8260027843750001
5 0.7405482703125 0.8467559890624999 0.7958757015625 0.6607293953125 0.6862887875 0.6395117734375 0.6309613546875 0.8255383671875001 0.7405482703125 0.8467559890624999
7 0.88817576875 0.6758001765625 0.9772210703124999 0.37640449062500003 0.984049484375 0.246110603125 0.8153862328124999 0.21345494375000001 0.689327521875 0.637300265625 0.88817576875 0.6758001765625
2 0.4014952921875 0.588591103125 0.458751303125 0.398560678125 0.55877731875 0.41516675468750003 0.6360765984375 0.1534604671875 0.42432232187499996 0.11810089531250001 0.2930182 0.5675883609375 0.4014952921875 0.588591103125