5 0.17512776875 0.5032183906250001 0.011516184375 0.5032183906250001 0.011516184375 0.6052873562500001 0.17512776875 0.6052873562500001 0.17512776875 0.5032183906250001
0 0.9866439515625001 0.37356321875 0.8414991484375 0.37356321875 0.8414991484375 0.6080459765625 0.9866439515625001 0.6080459765625 0.9866439515625001 0.37356321875
0 0.9825553656249999 0.6617011500000001 0.8394548546875 0.6617011500000001 0.8394548546875 0.8521839078125 0.9825553656249999 0.8521839078125 0.9825553656249999 0.6617011500000001
6 0.2915843265625 0.6094252874999999 0.011516184375 0.6094252874999999 0.011516184375 0.8728735625 0.2915843265625 0.8728735625 0.2915843265625 0.6094252874999999
10 0.289540034375 0.8742528734375 0.011516184375 0.8742528734375 0.011516184375 0.9901149421875 0.289540034375 0.9901149421875 0.289540034375 0.8742528734375
9 0.2159454859375 0.2687356328125 0.013560476562500002 0.2687356328125 0.013560476562500002 0.36804597656250004 0.2159454859375 0.36804597656250004 0.2159454859375 0.2687356328125
9 0.45604769999999994 0.6874712640625 0.2942078359375 0.6874712640625 0.2942078359375 0.8552873562500001 0.45604769999999994 0.8552873562500001 0.45604769999999994 0.6874712640625
9 0.5003407156249999 0.1208045984375 0.3487223171875 0.1208045984375 0.3487223171875 0.295517240625 0.5003407156249999 0.295517240625 0.5003407156249999 0.1208045984375
9 0.65536626875 0.11620689687500001 0.5037478703125 0.11620689687500001 0.5037478703125 0.2966666671875 0.65536626875 0.2966666671875 0.65536626875 0.11620689687500001
7 0.839352640625 0.3736781609375 0.4916524703125 0.3736781609375 0.4916524703125 0.6093103453125 0.839352640625 0.6093103453125 0.839352640625 0.3736781609375
3 0.387257240625 0.3848275859375 0.2121124359375 0.3848275859375 0.2121124359375 0.56270115 0.387257240625 0.56270115 0.387257240625 0.3848275859375
2 0.5034071546875001 0.11436781562500001 0.49011924999999995 0.3683908046875 0.980408859375 0.37298850625 0.9787052812500001 0.1086206890625 0.5034071546875001 0.11436781562500001
2 0.839352640625 0.6093103453125 0.445826234375 0.609770115625 0.449233390625 0.68471264375 0.2843270875 0.6851724140625 0.28586030625 0.8613793109375001 0.84327086875 0.8586206890625 0.839352640625 0.6093103453125
2 0.008858603125 0.022068965625 0.0066439515625 0.27103448281250003 0.22044292968749998 0.2716091953125 0.2189097109375 0.305517240625 0.4965928453125 0.3005747125 0.5 0.11551724062499999 0.3524701875 0.11551724062499999 0.355025553125 0.0225287359375 0.008858603125 0.022068965625