5 0.40928319999999996 0.8217115968750001 0.4178778625 0.9854073828125 0.45491149843749995 0.9841141406249999 0.5215754484375 0.9782924749999999 0.51287935 0.8126646937500001 0.40928319999999996 0.8217115968750001
0 0.3683839078125 0 0.363350509375 0.00043955937500000003 0.3710650828125 0.1473729921875 0.6090562328125 0.12658956875 0.602409790625 0 0.3683839078125 0
0 0.3167157625 0.15419821250000001 0.30910984531249996 0.0093342671875 0.115777034375 0.026217740625000003 0.12338295156250001 0.1710816859375 0.3167157625 0.15419821250000001
6 0.4136664828125 0.9855544484375001 0.39889358750000004 0.704186703125 0.1315035296875 0.7275374875 0.14554201718749998 0.9949175609375001 0.4136664828125 0.9855544484375001
10 0.144138225 0.9949665828124999 0.13021223906249998 0.7297292296875 0.0126166109375 0.7399986843749999 0.0262196125 0.999084390625 0.144138225 0.9949665828124999
9 0.7594579421875001 0.9554395671875 0.7487010015625 0.7505605562500001 0.64790475 0.759362946875 0.658661690625 0.9642419562500001 0.7594579421875001 0.9554395671875
9 0.319540425 0.7084484843750001 0.3109384953125 0.54461425625 0.1406114953125 0.559488665625 0.1492134265625 0.7233228921875 0.319540425 0.7084484843750001
9 0.8917882140625 0.6030356140625 0.8837295640624999 0.44954881406249997 0.7064028234374999 0.46503449999999996 0.7144614734375 0.6185213015625 0.8917882140625 0.6030356140625
9 0.8882149625 0.445692153125 0.8801563124999999 0.2922053515625 0.6969964562500001 0.3082004359375 0.7050551078125 0.46168723749999996 0.8882149625 0.445692153125
7 0.627534228125 0.48075761874999995 0.609053659375 0.1287727171875 0.3698958859375 0.14965801875 0.38837645468750004 0.5016429203125 0.627534228125 0.48075761874999995
3 0.6310757796875001 0.764730671875 0.6217666796875 0.5874275484375 0.4412317265625 0.6031934031249999 0.45054082656250005 0.7804965265625 0.6310757796875001 0.764730671875
2 0.6031289 0 0.6329821875 0.48184108593749997 0.8900996703124999 0.445874059375 0.872113996875 0 0.6031289 0
2 0.32239884218750003 0.7182472343749999 0.31410057812500003 0.551268028125 0.390345509375 0.5480746265625001 0.3698958859375 0.14965801875 0.1166470359375 0.1677891734375 0.143474 0.7323132515624999 0.32239884218750003 0.7182472343749999
2 1 0.75139549375 0.9911994828124999 0.587944003125 0.896955478125 0.5987729140625 0.8891141390625 0.44942508124999997 0.701468884375 0.469276825 0.7112115046875 0.750819946875 0.7455453999999999 0.7462623875000001 0.7573876015625001 0.960748503125 0.9712078406250001 0.9420758921875001 1 0.9393047718749999 1 0.75139549375