5 1 0.5465183031249999 0.9883523578125001 0.479850815625 0.8230010703125 0.500341015625 0.8412279703125 0.6046661390625 1 0.5849912374999999 1 0.5465183031249999
0 0 0.5437443328125 0.0287376859375 0.7082299296875 0.168263596875 0.690939990625 0.1263909859375 0.451274165625 0 0.4669364359375 0 0.5437443328125
0 0.1799110640625 0.7455251484375001 0.038319124999999996 0.763071109375 0.0723344625 0.9577643468750001 0.21392640312500003 0.9402183859375001 0.1799110640625 0.7455251484375001
6 1 0.5893122 0.72427204375 0.6234801875 0.7713171515624999 0.8927517890625 1 0.8644135937499999 1 0.5893122
10 1 0.8658539171875 0.7736294921875 0.8939055687499999 0.7917742890625 0.997760759375 1 0.9719575953125 1 0.8658539171875
9 0.9444137187500001 0.2404410125 0.7398767234375 0.26578707343749997 0.7576110046875 0.36729259999999997 0.962148 0.3419465390625 0.9444137187500001 0.2404410125
9 0.7355576484374999 0.7035798718749999 0.5719969203125 0.7238481875 0.6019645734375 0.8953737281249999 0.7655253015625 0.8751054140625 0.7355576484374999 0.7035798718749999
9 0.5792713671875 0.1312146890625 0.426040790625 0.1502028984375 0.45723999062500004 0.328777434375 0.610470565625 0.309789221875 0.5792713671875 0.1312146890625
9 0.421776375 0.14593026874999998 0.26854579843750004 0.16491848125 0.30077128750000004 0.349367178125 0.454001865625 0.33037896875 0.421776375 0.14593026874999998
7 0.4799781546875 0.407577953125 0.12858084375 0.45112282812500004 0.1706587109375 0.6919634828125 0.5220560234375 0.648418609375 0.4799781546875 0.407577953125
3 0.7644815765625 0.3839651140625 0.587474434375 0.40589969843749996 0.61923809375 0.5877050234375 0.7962452359375 0.5657704406249999 0.7644815765625 0.3839651140625
2 0 0.466199471875 0.48058349062500005 0.40198170781250003 0.42179230156249997 0.14400786875 0 0.1910175515625 0 0.466199471875
2 0.745132946875 0.6999927734375 0.57839106875 0.7201751890625 0.5684516390625001 0.643149409375 0.1706587109375 0.6919634828125 0.2112192578125 0.947275353125 0.7750494578125 0.88028660625 0.745132946875 0.6999927734375
2 0.9161916296875001 0.04801556875 0.5691454453125 0.0298276484375 0.5553515578125 0.0315559109375 0.5745394593750001 0.1262798296875 0.42544094218749995 0.144756 0.46193084687499997 0.3334773265625 0.7434492328125 0.30375294375 0.7358446015625 0.26928740156250003 0.951814303125 0.24192447343749998 0.9161916296875001 0.04801556875