9 0.4631640984375 0.7176754890625 0.33155938281249997 0.7176754890625 0.33155938281249997 0.9921518984375 0.4631640984375 0.9921518984375 0.4631640984375 0.7176754890625
3 0.5996101546875 0.005960875 0.4403807796875 0.005960875 0.4403807796875 0.1575374 0.5996101546875 0.1575374 0.5996101546875 0.005960875
7 0.095376246875 0 0.095376246875 0.58947065625 0.4213055296875 0.58947065625 0.4213055296875 0 0.095376246875 0
6 0.8967543062500001 0.0031875718749999997 0.6054125109374999 0.0031875718749999997 0.6054125109374999 0.2556041421875 0.8967543062500001 0.2556041421875 0.8967543062500001 0.0031875718749999997
10 0.995639165625 0.0059493671875000004 0.8977243874999999 0.0059493671875000004 0.8977243874999999 0.25284234687499996 0.995639165625 0.25284234687499996 0.995639165625 0.0059493671875000004
2 0.6033544875 0.5868814734375001 0.599637353125 0.71438435 0.45947416093750004 0.714039125 0.4609882140625 0.8873302640625 0.6609428828125 0.890080553125 0.6609247500000001 0.9982738781249999 0.99755213125 0.9968929796875001 0.99737080625 0.58941311875 0.6033544875 0.5868814734375001
1 0.9984587484375 0.255051784375 0.6029102453124999 0.255051784375 0.6029102453124999 0.598273878125 0.9984587484375 0.598273878125 0.9984587484375 0.255051784375
1 0.33408884843750003 0.5896662828125 0.006962828124999999 0.5896662828125 0.006962828124999999 0.997928653125 0.33408884843750003 0.997928653125 0.33408884843750003 0.5896662828125
9 0.6576790578125 0.7231875718749999 0.4664188578125 0.7231875718749999 0.4664188578125 0.8887111624999999 0.6576790578125 0.8887111624999999 0.6576790578125 0.7231875718749999
5 0.204524025 0.025258918749999998 0.0947688125 0.025258918749999998 0.0947688125 0.1576754890625 0.204524025 0.1576754890625 0.204524025 0.025258918749999998
0 0.659854940625 0.8914614500000001 0.46207615625000004 0.8914614500000001 0.46207615625000004 0.99491369375 0.659854940625 0.99491369375 0.659854940625 0.8914614500000001