9 0.6130493890625 0.68181183125 0.6616809078125 0.9470489703125 0.7982433390625 0.9173562890625 0.7496118234375 0.6521191515625 0.6130493890625 0.68181183125
3 0.3408078390625 0 0.3654729203125 0.1345237875 0.53070066875 0.098598425 0.512622540625 0 0.3408078390625 0
7 0.533205478125 0 0.6322256796875 0.5400578968749999 0.9704331375 0.4665216703125 0.8848958828125 0 0.533205478125 0
6 0.37800834375000003 0.23703963906249997 0.3346506484375 0.0005660125 0.032333634374999996 0.0662986046875 0.075691328125 0.3027722296875 0.37800834375000003 0.23703963906249997
10 0.007324104687499999 0.31467341875 0.0741621109375 0.3001408734375 0.0313270078125 0.066517475 0.0016981546875 0.07295965625 0.007324104687499999 0.31467341875
2 0.45339761406249995 0.974948225 0.44044281406249997 0.9043599812500001 0.6474096171875 0.856407821875 0.6161902515625 0.6772265125 0.47081225781249997 0.7092064359375 0.442828775 0.5784597328125 0.0364217046875 0.66952829375 0.096234915625 0.9957505843750001 0.45339761406249995 0.974948225
1 0.3805003546875 0.23590503125 0.0073790140625 0.3170325609375 0.01255353125 0.5393508546875 0.03810066875 0.6786853875000001 0.44544544531249997 0.590116678125 0.3805003546875 0.23590503125
1 1 0.46030290625000003 0.7227649406250001 0.52058194375 0.795618584375 0.9179269874999999 1 0.8734884703124999 1 0.46030290625000003
9 0.610715025 0.6882347421875 0.412249809375 0.73138690625 0.4435704734375 0.9022103593749999 0.6420356921875 0.8590581984375 0.610715025 0.6882347421875
5 0.7671211734375001 0 0.775468578125 0.0455268921875 0.8893584109375 0.0207639 0.8855513265624999 0 0.7671211734375001 0
0 0.4418330359375 0.9055396312499999 0.4545469046875 0.9748812875 0.562626109375 0.9685863906250001 0.6628098328124999 0.9468035078125 0.647062403125 0.86091674375 0.4418330359375 0.9055396312499999