7 0.474288115625 0.30147688281249996 0.19996538125000002 0.3271866328125 0.220836428125 0.7153322921874999 0.4236289125 0.69942700625 0.4192146515625 0.5929728562500001 0.6685469375 0.5712255484375001 0.6398301328125 0.0181572953125 0.46225095312500003 0.033646139062500004 0.474288115625 0.30147688281249996
5 0.639953915625 0.1126926546875 0.6340168015625001 0.0110668046875 0.50237795 0.008769039062500001 0.46100840468750004 0.0123773828125 0.467746459375 0.127712965625 0.639953915625 0.1126926546875
3 0.6669752359375 0.606381453125 0.45783718125000006 0.6246229328124999 0.46705222500000004 0.782357221875 0.676190278125 0.7641157421875 0.6669752359375 0.606381453125
0 0.5849330375 1 0.6125634421874999 0.997590015625 0.60264828125 0.8278718062499999 0.3395587640625 0.8508190499999999 0.34827410937500003 1 0.5849330375 1
9 0.9333197578125001 0.2955433421875 0.765906253125 0.31014551562500003 0.779448140625 0.541942584375 0.9468616453124999 0.5273404109375 0.9333197578125001 0.2955433421875
1 0.63189580625 0.0110297828125 0.6504271953125 0.32823233749999997 0.966796715625 0.300637896875 0.9502020218749999 0.0165858375 0.63189580625 0.0110297828125
1 0.7786186125000001 0.41356610156249995 0.662568603125 0.4232231796875 0.692333440625 0.946141815625 0.9577658234375 0.9242397828125 0.9768945468749999 0.513538415625 0.783938115625 0.53417205 0.7786186125000001 0.41356610156249995
6 0.03983825 1 0.34970857187500004 0.97297243125 0.3344943359375 0.712549678125 0 0.741725009375 0 0.9457141874999999 0.0031714484374999997 1 0.03983825 1
2 0 0.3417591328125 0.0259182671875 0.33892597812499997 0.04082164375 0.5940276843750001 0.214833003125 0.5806017484375 0.2037725734375 0.3286837859375 0.4780283390625 0.30290236875 0.459326203125 0.0095322390625 0 0.0495956765625 0 0.3417591328125
10 0 0.7363768484375 0.217520259375 0.7174042546875 0.2096540890625 0.582758675 0 0.6010451640625 0 0.7363768484375
9 0.1976536640625 0.3246909328125 0.032051553125 0.3391351109375 0.0469729484375 0.5945452828125 0.212575059375 0.5801011046875 0.1976536640625 0.3246909328125