7 0.3359679765625 0.9211527374999999 0.501499271875 0.9211527374999999 0.5048471609375 0.671224784375 0.760655021875 0.6695677234375 0.7623289671875 0.3070893375 0.5733915578125 0.3054322765625 0.5717176125 0.40474063437499996 0.339301309375 0.40474063437499996 0.3359679765625 0.9211527374999999
5 0.501499271875 0.83327089375 0.3409752546875 0.83327089375 0.3409752546875 0.9410230546875 0.501499271875 0.9410230546875 0.501499271875 0.83327089375
3 0.537612809375 0.2248270890625 0.3426637546875 0.2248270890625 0.3426637546875 0.3721902015625 0.537612809375 0.3721902015625 0.537612809375 0.2248270890625
0 0.65956331875 0.0060086453125 0.41432314375 0.0060086453125 0.41432314375 0.17152737812500002 0.65956331875 0.17152737812500002 0.65956331875 0.0060086453125
9 0.23486171718749999 0.42296829999999996 0.0788064046875 0.42296829999999996 0.0788064046875 0.6395244953125 0.23486171718749999 0.6395244953125 0.23486171718749999 0.42296829999999996
1 0.3429403203125 0.632074928125 0.0004949046875 0.632074928125 0.0004949046875 0.9959654171875 0.3429403203125 0.9959654171875 0.3429403203125 0.632074928125
1 0.23027656406250002 0.4298270890625 0.22867540000000003 0.5423631125 0.3368267828125 0.5427953890625 0.33755458437499997 0.054322767187499996 0 0.052737751562500004 0.0027656484374999997 0.4342939484375 0.23027656406250002 0.4298270890625
6 0.9930713250000001 0.057161382812499995 0.656768559375 0.057161382812499995 0.656768559375 0.3004610953125 0.9930713250000001 0.3004610953125 0.9930713250000001 0.057161382812499995
2 0.9956331875 0.998559078125 0.994759825 0.67118155625 0.9227074234374999 0.6727665703125 0.9227074234374999 0.434438040625 0.7605967984374999 0.4328097984375 0.757205240625 0.6678674359375 0.5014556046875 0.6695965421875 0.5032023296875 1 0.9956331875 0.998559078125
10 0.988064046875 0.3054322765625 0.7655167390625001 0.3054322765625 0.7655167390625001 0.431224784375 0.988064046875 0.431224784375 0.988064046875 0.3054322765625
9 0.9170305671874999 0.4334582125 0.7626637546875 0.4334582125 0.7626637546875 0.672074928125 0.9170305671874999 0.672074928125 0.9170305671874999 0.4334582125