7 0.0973838421875 0.39702946093749997 0.063154065625 0.560367259375 0.5816618578125 0.6969736734375 0.629722609375 0.46763717812500005 0.729647571875 0.4928879609375 0.7670558640625 0.3060053140625 0.403244153125 0.20946200625000003 0.348684753125 0.4614311953125 0.0973838421875 0.39702946093749997
5 0.152310690625 0.5792334484375 0.1855050265625 0.4208365734375 0.0774594125 0.391646609375 0.0442650765625 0.5500434828125 0.152310690625 0.5792334484375
3 0.762760690625 0.742394203125 0.8030736890625001 0.55002846875 0.655309246875 0.510107934375 0.6149962484375 0.7024736671875 0.762760690625 0.742394203125
0 1 0.476083296875 0.8817363796875 0.4441328015625 0.8310238125 0.6861232359375 0.9856801718750001 0.7279057140625 1 0.6595742953125 1 0.476083296875
9 0.5095175015625 0.9490788359375 0.541787765625 0.7950914515624999 0.32464179843749996 0.7364265718749999 0.292371534375 0.89041395625 0.5095175015625 0.9490788359375
1 0.0208946171875 0.8977179578125 0.2838462234375 0.96875784375 0.3544609421875 0.631798228125 0.012555323437499998 0.5394278640625 0.0208946171875 0.8977179578125
1 0.8904631921874999 1 0.9326728531249999 0.7936251375000001 0.44271942343750004 0.6620165015625 0.420788540625 0.76885184375 0.53396214375 0.79775780625 0.4872928109375 1 0.8904631921874999 1
6 1 0.1423857578125 0.8186355140625 0.093387721875 0.7518736015624999 0.4119624984375 0.9958359171875 0.477872171875 1 0.4580019828125 1 0.1423857578125
2 0.1022820421875 0.0041676734375 0.024447103125 0.3755807640625 0.349616096875 0.4652189 0.4042357015625 0.21332668125 0.6406348265624999 0.27365697031249997 0.6725245765625 0.1132534234375 0.43354698125 0.0486904375 0.4407177390625 0.017957871875 0.1022820421875 0.0041676734375
10 0.7693766296875 0.3033086796875 0.8136507937499999 0.0920410328125 0.6875157015625 0.057963956250000004 0.6432415375 0.2692316015625 0.7693766296875 0.3033086796875
9 0.640412065625 0.271441746875 0.6723331703125 0.1191204875 0.43306660625 0.054479434375 0.40114550312499997 0.206800690625 0.640412065625 0.271441746875