2 0.00491379375 0.4139275765625 0.0073275859375000005 0.868802228125 0.2361465515625 0.8638579390625001 0.23700000000000002 0.8086908078124999 0.3394482765625 0.8086908078124999 0.3403017234375 0.51490250625 0.2385344828125 0.5121169921875001 0.2392241375 0.41699164375000003 0.00491379375 0.4139275765625
9 0.337068965625 0.5176601671875 0.23153448281250003 0.5176601671875 0.23153448281250003 0.8071030640625001 0.337068965625 0.8071030640625001 0.337068965625 0.5176601671875
5 0.918293103125 0 0.918293103125 0.1135236765625 0.9908620687499999 0.1135236765625 0.9908620687499999 0 0.918293103125 0
2 0.003793103125 0.00807799375 0.0039655171875 0.414206128125 0.342931034375 0.41810585 0.343706896875 0.0076601671875 0.003793103125 0.00807799375
1 0.7441293109375 0.5112813375 0.52163793125 0.5112813375 0.52163793125 0.874373259375 0.7441293109375 0.874373259375 0.7441293109375 0.5112813375
9 0.339655171875 0.0103481890625 0.23222413749999998 0.0103481890625 0.23222413749999998 0.311838440625 0.339655171875 0.311838440625 0.339655171875 0.0103481890625
0 0.23905172343749997 0.8651810578125 0.009051723437500001 0.8651810578125 0.009051723437500001 0.992144846875 0.23905172343749997 0.992144846875 0.23905172343749997 0.8651810578125
10 0.5264224140625 0.8638579390625001 0.341155171875 0.8638579390625001 0.341155171875 0.9879944296875 0.5264224140625 0.9879944296875 0.5264224140625 0.8638579390625001
6 0.5306896546875 0.51490250625 0.340982759375 0.51490250625 0.340982759375 0.8597214484375 0.5306896546875 0.8597214484375 0.5306896546875 0.51490250625
7 0.9934224140625 0.0128272984375 0.7466896546874999 0.0128272984375 0.7466896546874999 0.742479109375 0.9934224140625 0.742479109375 0.9934224140625 0.0128272984375
3 0.6734396546875 0.21064066874999998 0.48231896562500004 0.21064066874999998 0.48231896562500004 0.38607242343750003 0.6734396546875 0.38607242343750003 0.6734396546875 0.21064066874999998
0 0.9942758625 0.7438579390625 0.74583620625 0.7438579390625 0.74583620625 0.981100278125 0.9942758625 0.981100278125 0.9942758625 0.7438579390625
9 0.44445689687499995 0.1286908078125 0.34286206875 0.1286908078125 0.34286206875 0.4114206125 0.44445689687499995 0.4114206125 0.44445689687499995 0.1286908078125