2 1 0.40106406093749997 0.97756060625 0.3014694359375 0.7636540140625 0.35498934375 0.7861259515625 0.45144688125 0.68318004375 0.478765096875 0.7512838453125 0.7769749484374999 0.855560425 0.7523222390625001 0.8690544140625001 0.8081528375 1 0.780154784375 1 0.40106406093749997
9 0.7945194625 0.45539290781249997 0.6871016015625 0.48078826875 0.7533422546875 0.774789653125 0.8607601140625001 0.7493942921875 0.7945194625 0.45539290781249997
2 0.5717313734375 0 0.6583513453125 0.3810766765625 0.9776183828124999 0.3017258734375 0.9096373484375 0 0.5717313734375 0
1 0.49777896874999994 0.518722853125 0.2713169875 0.5722622140625 0.3544126359375 0.9410725359375001 0.58087461875 0.8875331734374999 0.49777896874999994 0.518722853125
9 0.576003928125 0 0.63736576875 0.27234735468750004 0.746714028125 0.2464956140625 0.691176771875 0 0.576003928125 0
0 1 0.7786106796875 0.8664001984375 0.8101958843749999 0.8889670265625 0.9103561078125001 1 0.884106075 1 0.7786106796875
10 0.5735982609375 0.8780035625 0.5964678906249999 0.979507746875 0.7850414296875 0.934925840625 0.7621718000000001 0.8334216578125 0.5735982609375 0.8780035625
6 0.6824868562499999 0.4789289765625 0.48939443125000004 0.5245792234375 0.56830820625 0.8748287765624999 0.76140063125 0.82917853125 0.6824868562499999 0.4789289765625
7 0.15463690937500002 0.066574046875 0.001196765625 0.1028498359375 0.0064295265625 0.55255211875 0.0769527296875 0.8655611078125001 0.321621871875 0.8077172718750001 0.15463690937500002 0.066574046875
3 0.46899629843749996 0.203885796875 0.27446485 0.2498762515625 0.3146134046875 0.42807091249999996 0.509144853125 0.3820804578125 0.46899629843749996 0.203885796875
0 0.3640116328125 0.9917983671874999 0.32280610468750004 0.8089124468750001 0.0772682828125 0.866961653125 0.10674403750000001 0.9977863375 0.3640116328125 0.9917983671874999
9 0.592187265625 0.0870869890625 0.48877936718750004 0.111534328125 0.5534836890625 0.3987168953125 0.6568915875 0.3742695546875 0.592187265625 0.0870869890625