2 0.9761023109375 0.559668715625 0.9924305171875 0.2090955640625 0.7905105921875 0.19346158125 0.78369568125 0.252796915625 0.6734652796875 0.24185922343750002 0.6411449375 0.558239084375 0.7503448374999999 0.572104646875 0.7394351609375 0.6745007609375 0.9622218703125001 0.69955623125 0.9761023109375 0.559668715625
9 0.6449180171875 0.555613653125 0.7584690593750001 0.5668808375000001 0.789406659375 0.2550907609375 0.6758556171875 0.24382357500000001 0.6449180171875 0.555613653125
2 0.9324101171875 1 0.962248275 0.6992901171875 0.627969625 0.6622284625 0.59380985 1 0.9324101171875 1
1 0.20625494375 0.519025965625 0.4456471046875 0.5427798265625 0.48445680468749996 0.1516544640625 0.2450646453125 0.1279006015625 0.20625494375 0.519025965625
9 0.714743146875 1 0.7357274109375 0.7885199265625 0.620135753125 0.7770502593749999 0.5980134031250001 1 0.714743146875 1
0 0.9986962984375 0.074566734375 0.8010969031249999 0.054959790625000005 0.7875261609375 0.19172614062499999 0.992293178125 0.2120443 0.9986962984375 0.074566734375
10 0.4781849375 0.162470840625 0.6775253578125 0.1822505390625 0.6907938984374999 0.048529775000000004 0.49145347812500007 0.028750075000000003 0.4781849375 0.162470840625
6 0.4362948515625 0.5379126859375 0.6404121703125 0.558166375 0.6772687328125 0.1867248046875 0.47315141250000003 0.166471115625 0.4362948515625 0.5379126859375
7 0 0.9789858656250001 0.15629429687500002 0.9944942812500001 0.2282120796875 0.2697046265625 0.0011099984375 0.2471702578125 0 0.25835685625 0 0.9789858656250001
3 0.2501798 0.8504254093749999 0.45581830781250005 0.870830040625 0.4745696296875 0.681853628125 0.2689311234375 0.661448996875 0.2501798 0.8504254093749999
0 0.2546357875 0.012751215625000001 0.2377057953125 0.011071325 0.0255177171875 0.00118850625 0.0012573765625 0.2456849703125 0.2292777359375 0.2683104578125 0.2546357875 0.012751215625000001
9 0.487797084375 0.9631493203125 0.5971092078125 0.9739958953125001 0.627329265625 0.6694372140625 0.5180171421875001 0.6585906375 0.487797084375 0.9631493203125