2 0.0377781296875 0.69955623125 0.2605648390625 0.6745007609375 0.2496551625 0.572104646875 0.3588550625 0.558239084375 0.3265347203125 0.24185922343750002 0.21630431875 0.252796915625 0.20948940781249997 0.19346158125 0.0075694828125 0.2090955640625 0.023897689062499998 0.559668715625 0.0377781296875 0.69955623125
9 0.3241443828125 0.24382357500000001 0.21059334062500001 0.2550907609375 0.241530940625 0.5668808375000001 0.3550819828125 0.555613653125 0.3241443828125 0.24382357500000001
2 0.40619015 1 0.37203037499999997 0.6622284625 0.037751725 0.6992901171875 0.0675898828125 1 0.40619015 1
1 0.7549353546875001 0.1279006015625 0.5155431953125 0.1516544640625 0.5543528953125 0.5427798265625 0.7937450562499999 0.519025965625 0.7549353546875001 0.1279006015625
9 0.40198659687499994 1 0.379864246875 0.7770502593749999 0.2642725890625 0.7885199265625 0.28525685312500004 1 0.40198659687499994 1
0 0.007706821875 0.2120443 0.2124738390625 0.19172614062499999 0.19890309687500002 0.054959790625000005 0.0013037015625000001 0.074566734375 0.007706821875 0.2120443
10 0.5085465218749999 0.028750075000000003 0.3092061015625 0.048529775000000004 0.3224746421875 0.1822505390625 0.5218150625 0.162470840625 0.5085465218749999 0.028750075000000003
6 0.5268485875 0.166471115625 0.3227312671875 0.1867248046875 0.3595878296875 0.558166375 0.5637051484375 0.5379126859375 0.5268485875 0.166471115625
7 1 0.25835685625 0.9988900015625 0.2471702578125 0.7717879203125 0.2697046265625 0.8437057031249999 0.9944942812500001 1 0.9789858656250001 1 0.25835685625
3 0.7310688765625 0.661448996875 0.5254303703125001 0.681853628125 0.5441816921875 0.870830040625 0.7498202 0.8504254093749999 0.7310688765625 0.661448996875
0 0.7707222640625 0.2683104578125 0.9987426234375001 0.2456849703125 0.9744822828125 0.00118850625 0.7622942046875 0.011071325 0.7453642125 0.012751215625000001 0.7707222640625 0.2683104578125
9 0.48198285781249994 0.6585906375 0.372670734375 0.6694372140625 0.40289079218749996 0.9739958953125001 0.512202915625 0.9631493203125 0.48198285781249994 0.6585906375