7 0.9998003765625001 0.052076381250000005 0.6137319984375 0.025101810937500003 0.594655328125 0.434352375 0.9950266859375001 0.46232629375 0.9998003765625001 0.052076381250000005
2 0.6981516562500001 0.5737482109375 0.5772811359375 0.5636727734375 0.5626217062500001 0.925489709375 0.9749923546874999 0.9531433093749999 0.9807234687499999 0.8301941234375001 0.9917901562500001 0.4609357140625 0.7069351734375 0.4360258 0.6981516562500001 0.5737482109375
3 0.285157303125 0.336351796875 0.0552651546875 0.3202892484375 0.0485839921875 0.4636198 0.2784761390625 0.47968234687500005 0.285157303125 0.336351796875
6 0 0.8754781140624999 0.242689846875 0.8924348375 0.2587941046875 0.5469512234375 0 0.5288692968750001 0 0.8754781140624999
1 0.0171556125 0.0005990874999999999 0.0042604015625 0.27723920625 0.42537330781250005 0.3066623359375 0.438953440625 0.0153285921875 0.0171556125 0.0005990874999999999
9 0.6056193828125 0.033827259375 0.4408811453125 0.022317009375 0.430775271875 0.23911766874999998 0.595513509375 0.25062791875 0.6056193828125 0.033827259375
5 0.9872008593749999 0.156077653125 0.9920739031249999 0.051536534375 0.8452105812499999 0.041275203125 0.8403375375 0.145816321875 0.9872008593749999 0.156077653125
10 0.315034140625 1 0.319634709375 0.9013043062499999 0 0.8789714515625 0 0.98364345 0.2340999875 1 0.315034140625 1
1 0.573020878125 0.5675088890625 0.2417380625 0.5443621828125 0.22517988125000002 0.8995837812499999 0.5564626953125 0.9227304890625 0.573020878125 0.5675088890625
0 0.965102303125 1 0.9676466453125 0.9454164109375001 0.56758153125 0.9174638890625 0.5637342203125 1 0.965102303125 1
9 0.9896108640625 0.6013320078125 0.994672809375 0.49273841406249996 0.9950522749999999 0.46012727968749995 0.7127194593749999 0.44040070625 0.70614109375 0.5815259937499999 0.9896108640625 0.6013320078125