7 0.403888025 0.0020598390625 0.0033125968749999997 0.0020598390625 0.0033125968749999997 0.4080552359375 0.403888025 0.4080552359375 0.403888025 0.0020598390625
2 0.4129082421875 0.8956271578124999 0.41508553593749997 0.537054084375 0.2953343703125 0.5386651328125 0.2930015546875 0.40195627187499994 0.0107309484375 0.4069044875 0.00264385625 0.8944764093750001 0.4129082421875 0.8956271578124999
3 0.941461896875 0.332577675 0.71384136875 0.332577675 0.71384136875 0.47468354375 0.941461896875 0.47468354375 0.941461896875 0.332577675
6 0.9924727843750001 0.5425201375 0.7301710734375 0.5425201375 0.7301710734375 0.885051784375 0.9924727843750001 0.885051784375 0.9924727843750001 0.5425201375
1 0.995396578125 0.0043613343749999995 0.576827371875 0.0043613343749999995 0.576827371875 0.2935558109375 0.995396578125 0.2935558109375 0.995396578125 0.0043613343749999995
9 0.574603421875 0.011484465624999999 0.4114930015625 0.011484465624999999 0.4114930015625 0.22643268125 0.574603421875 0.22643268125 0.574603421875 0.011484465624999999
5 0.029284603125000003 0 0.029284603125000003 0.1059493671875 0.174696734375 0.1059493671875 0.174696734375 0 0.029284603125000003 0
10 0.9924727843750001 0.888504028125 0.6538258171875 0.888504028125 0.6538258171875 0.9930955125 0.9924727843750001 0.9930955125 0.9924727843750001 0.888504028125
1 0.7471228609375 0.541139240625 0.41911352968750004 0.541139240625 0.41911352968750004 0.8933256609375 0.7471228609375 0.8933256609375 0.7471228609375 0.541139240625
0 0.40838258125 0.8873532796875001 0.01227060625 0.8873532796875001 0.01227060625 0.9953970078125 0.40838258125 0.9953970078125 0.40838258125 0.8873532796875001
9 0.28709175781249996 0.40588032187499995 0.0064230171875 0.40588032187499995 0.0064230171875 0.5457997703124999 0.28709175781249996 0.5457997703124999 0.28709175781249996 0.40588032187499995