7 0.4296225359375 1 0.4168241359375 0.6329802484375 0.004249015625 0.630576540625 0.0171312359375 1 0.4296225359375 1
2 0.9313764656249999 1 0.9193988171875 0.626577859375 0.54947444375 0.6221704625 0.5554564937500001 0.7460749859375 0.41453397187499996 0.747667003125 0.42774164687500005 1 0.9313764656249999 1
3 0.4743646640625 0.31270216875 0.46615262187499995 0.07720543125 0.31957925625 0.07635147812500001 0.3277912984375 0.3118482171875 0.4743646640625 0.31270216875
6 0.897044840625 0.29827343281249996 0.88790531875 0.03617936875 0.6221028828125 0.025348749999999996 0.5342814890625001 0.02483709375 0.5437447515625 0.29621506875 0.897044840625 0.29827343281249996
1 0 0.4516646765625 0.2924858328125 0.45336873125 0.2773847875 0.020316034375 0 0.0186999625 0 0.4516646765625
9 0.2292173953125 0.624020703125 0.223332734375 0.4552662734375 0.0016270203125000001 0.4539745921875 0.007511681250000001 0.622729021875 0.2292173953125 0.624020703125
5 0.11808243125 1 0.113489434375 0.8682866671875 0.012517726562500001 0.8676983937499999 0.0171312359375 1 0.11808243125 1
10 0.8914704359375 0.0363246359375 0.9033599828125001 0.377281159375 0.9946226421875 0.377812865625 0.9828443874999999 0.040047840625 0.8914704359375 0.0363246359375
1 0.9168010953125 0.6201440218750001 0.9049672484375 0.28078478906250004 0.541708859375 0.2786684078125 0.55354270625 0.618027640625 0.9168010953125 0.6201440218750001
0 1 0.631728759375 0.911028103125 0.6312103984374999 0.9238882203125 1 1 1 1 0.631728759375
9 0.5716685921875 1 0.5631128046875 0.7546456874999999 0.4187945984375 0.7538048734375 0.4273797046875 1 0.5716685921875 1