7 0.9828687640625 1 0.995750984375 0.630576540625 0.5831758640625 0.6329802484375 0.5703774640625 1 0.9828687640625 1
2 0.572258353125 1 0.585466028125 0.747667003125 0.44454350624999994 0.7460749859375 0.45052555625 0.6221704625 0.0806011828125 0.626577859375 0.06862353437499999 1 0.572258353125 1
3 0.6722087015625 0.3118482171875 0.68042074375 0.07635147812500001 0.533847378125 0.07720543125 0.5256353359375 0.31270216875 0.6722087015625 0.3118482171875
6 0.4562552484375 0.29621506875 0.4657185109375 0.02483709375 0.37789711718749996 0.025348749999999996 0.11209468125 0.03617936875 0.102955159375 0.29827343281249996 0.4562552484375 0.29621506875
1 1 0.0186999625 0.7226152124999999 0.020316034375 0.7075141671875 0.45336873125 1 0.4516646765625 1 0.0186999625
9 0.9924883187500001 0.622729021875 0.9983729796875 0.4539745921875 0.776667265625 0.4552662734375 0.7707826046874999 0.624020703125 0.9924883187500001 0.622729021875
5 0.9828687640625 1 0.9874822734375 0.8676983937499999 0.886510565625 0.8682866671875 0.8819175687499999 1 0.9828687640625 1
10 0.0171556125 0.040047840625 0.0053773578125 0.377812865625 0.09664001718750001 0.377281159375 0.1085295640625 0.0363246359375 0.0171556125 0.040047840625
1 0.44645729375 0.618027640625 0.458291140625 0.2786684078125 0.09503275156249999 0.28078478906250004 0.08319890468749999 0.6201440218750001 0.44645729375 0.618027640625
0 0.0761117796875 1 0.088971896875 0.6312103984374999 0 0.631728759375 0 1 0.0761117796875 1
9 0.5726202953125 1 0.5812054015625 0.7538048734375 0.4368871953125 0.7546456874999999 0.42833140781249995 1 0.5726202953125 1