7 0.596111975 0.4080552359375 0.996687403125 0.4080552359375 0.996687403125 0.0020598390625 0.596111975 0.0020598390625 0.596111975 0.4080552359375
2 0.99735614375 0.8944764093750001 0.9892690515625 0.4069044875 0.7069984453125 0.40195627187499994 0.7046656296875 0.5386651328125 0.5849144640625 0.537054084375 0.5870917578125 0.8956271578124999 0.99735614375 0.8944764093750001
3 0.058538103125 0.47468354375 0.28615863125 0.47468354375 0.28615863125 0.332577675 0.058538103125 0.332577675 0.058538103125 0.47468354375
6 0.007527215625 0.885051784375 0.2698289265625 0.885051784375 0.2698289265625 0.5425201375 0.007527215625 0.5425201375 0.007527215625 0.885051784375
1 0.004603421875 0.2935558109375 0.423172628125 0.2935558109375 0.423172628125 0.0043613343749999995 0.004603421875 0.0043613343749999995 0.004603421875 0.2935558109375
9 0.425396578125 0.22643268125 0.5885069984375 0.22643268125 0.5885069984375 0.011484465624999999 0.425396578125 0.011484465624999999 0.425396578125 0.22643268125
5 0.8253032656249999 0 0.8253032656249999 0.1059493671875 0.970715396875 0.1059493671875 0.970715396875 0 0.8253032656249999 0
10 0.007527215625 0.9930955125 0.3461741828125 0.9930955125 0.3461741828125 0.888504028125 0.007527215625 0.888504028125 0.007527215625 0.9930955125
1 0.2528771390625 0.8933256609375 0.5808864703125 0.8933256609375 0.5808864703125 0.541139240625 0.2528771390625 0.541139240625 0.2528771390625 0.8933256609375
0 0.5916174187500001 0.9953970078125 0.9877293937499999 0.9953970078125 0.9877293937499999 0.8873532796875001 0.5916174187500001 0.8873532796875001 0.5916174187500001 0.9953970078125
9 0.7129082421875 0.5457997703124999 0.9935769828125001 0.5457997703124999 0.9935769828125001 0.40588032187499995 0.7129082421875 0.40588032187499995 0.7129082421875 0.5457997703124999