5 0.9903225812500001 0.34234887812500003 0.871973434375 0.34234887812500003 0.871973434375 0.44718480156249996 0.9903225812500001 0.44718480156249996 0.9903225812500001 0.34234887812500003
3 0.5142125234375 0.37758203749999997 0.3681024671875 0.37758203749999997 0.3681024671875 0.587737478125 0.5142125234375 0.587737478125 0.5142125234375 0.37758203749999997
10 0.6584629984375 0.829257340625 0.659981025 0.9271848015625 0.9766982921875 0.9340759937499999 0.97821631875 0.829257340625 0.6584629984375 0.829257340625
1 0.6328273249999999 0.05457685625000001 0.630550284375 0.3473229703125 0.9772296015625 0.34542314375 0.976280834375 0.0549222796875 0.6328273249999999 0.05457685625000001
1 0.145540796875 0.05388601093749999 0.1440227703125 0.3468048359375 0.49639468750000004 0.3461139890625 0.49905123281249997 0.055785837500000005 0.145540796875 0.05388601093749999
2 0.664326375 0.9374784109375 0.6652751421875001 0.7188255609375 0.5223908921875 0.7177892921875 0.52106261875 0.620207253125 0.142694496875 0.6195164078125 0.145161290625 0.9416234890625 0.664326375 0.9374784109375
6 0.6554269453125 0.6251122625 0.6584629984375 0.8237305703125 0.9751802656249999 0.8264939546875001 0.9774193546875001 0.6205526765625 0.6554269453125 0.6251122625
0 0.0265275140625 0.0554576859375 0.0265275140625 0.9354576859374999 0.1447248578125 0.9340759937499999 0.146242884375 0.6182210703125001 0.308406071875 0.6223488781250001 0.3193548390625 0.3404145078125 0.1557874765625 0.340241796875 0.154838709375 0.0549222796875 0.0265275140625 0.0554576859375
7 0.9721442124999999 0.34234887812500003 0.6326375718749999 0.34093264218749997 0.6342125234375 0.6237305703125 0.9781783687500001 0.6269430046875 0.9721442124999999 0.34234887812500003
9 0.5160151796875 0.7216580312499999 0.5160151796875 0.9326943 0.656944971875 0.9313126078125 0.659981025 0.724421415625 0.5160151796875 0.7216580312499999
9 0.48956356718749994 0.0544041453125 0.4869070203125 0.26632124375 0.639468690625 0.2671848015625 0.6377609109375 0.056649395312499996 0.48956356718749994 0.0544041453125