0 0.7977477484375 0.4001715265625 0.7957207203125 0.6754716984375 0.9907657656250001 0.6768439109375 0.9889864859375 0.3988850765625 0.7977477484375 0.4001715265625
0 0.4909234234375 0.007152659375 0.491216215625 0.12898799375 0.8592342343749999 0.126758146875 0.8592342343749999 0.0085763296875 0.4909234234375 0.007152659375
10 0.005540540625 0.8954373921875 0.0019144140625 0.994734134375 0.33153153125 0.9892281296875 0.32972972968750003 0.8940480281250001 0.005540540625 0.8954373921875
6 0.33153153125 0.673361921875 0.0019144140625 0.67060034375 0.0037162156250000002 0.8940480281250001 0.33153153125 0.8954373921875 0.33153153125 0.673361921875
1 0.49054054062499997 0.12744425312500002 0.49436936875 0.40737564375 0.858783784375 0.40737564375 0.8594594593749999 0.1271012 0.49054054062499997 0.12744425312500002
1 0.3378378375 0.4078902234375 0.3389639640625 0.08147512812499999 0.1576801796875 0.0830188671875 0.15585585625 0.1354373921875 0 0.138250428125 0.0006756749999999999 0.4096054890625 0.3378378375 0.4078902234375
0 0.8440765765625 0.8430188671875 0.8479729734375001 0.9883361921875 0.9219594593749999 0.9892281296875 0.9237837843750001 0.8430188671875 0.8440765765625 0.8430188671875
9 0.32590090156249996 0.1271012 0.325225225 0.326072040625 0.5020270265625 0.326072040625 0.5013513515625 0.1276157796875 0.32590090156249996 0.1271012
2 0.489864865625 0.6694682671875001 0.49414414375 0.7495711828125 0.33153153125 0.7533619218750001 0.32972972968750003 0.9986277875 0.84414414375 0.9987993140625001 0.8440765765625 0.8388850765625 0.9183333328125001 0.8374957125 0.9183333328125001 0.6719897078125 0.489864865625 0.6694682671875001
3 0.49295045000000004 0.5908404796875 0.7436936937499999 0.5908404796875 0.7436936937499999 0.45480274375 0.49295045000000004 0.45480274375 0.49295045000000004 0.5908404796875
5 0 0.5050771875 0.1160135140625 0.5050771875 0.1160135140625 0.4099142359375 0 0.4099142359375 0 0.5050771875
7 0.007342342187500001 0.67060034375 0.49815315312499997 0.6692281296875 0.49815315312499997 0.40439108125 0.0037162156250000002 0.401629503125 0.007342342187500001 0.67060034375
9 0.33153153125 0.7519897078125 0.3351576578125 0.9423327609375001 0.49815315312499997 0.9423327609375001 0.49815315312499997 0.754734134375 0.33153153125 0.7519897078125
0 0.0037162156250000002 0.080257290625 0.003828828125 0.135506003125 0.1540540546875 0.134133790625 0.15585585625 0.0788850765625 0.0037162156250000002 0.080257290625