0 1 0.3688535828125 0.93732403125 0.17290444062500002 0.7526161124999999 0.22344298125 0.8466794265625 0.5104293453125 1 0.47079766718749994 1 0.3688535828125
0 1 0.7795134734375 0.6211392703125 0.8777216843750001 0.65765544375 0.9928111140625001 1 0.9017937453125 1 0.7795134734375
10 0.009041906249999999 0.172529846875 0.19899951875 0.1229201328125 0.1829370953125 0.0693209328125 0.0060969375 0.11633650625 0.009041906249999999 0.172529846875
6 0.0221356546875 0.4223734671875 0.27458498750000004 0.35292561718750004 0.20039362500000002 0.1209749359375 0.00905281875 0.17273806249999998 0.0221356546875 0.4223734671875
1 1 0.7739054078125001 0.9072214484375 0.4861690125 0.531387003125 0.5860901625 0.6209581562500001 0.8795193390625 1 0.7791326453125 1 0.7739054078125001
1 0.3595147171875 1 0.4799889125 0.9690943750000001 0.3697781703125 0.62847309375 0.0742921828125 0.7053832921875001 0.16517241875 0.9895098000000001 0.2731147484375 0.962940125 0.28636328906249997 1 0.3595147171875 1
9 0.3841042640625 0.7173878859375 0.4512736421875 0.92502125625 0.6320504515625001 0.8763758968750001 0.5664466859374999 0.668909453125 0.3841042640625 0.7173878859375
2 0.7366449953124999 0.004285675 0.4341737515625 0.0025259484375 0.1823456171875 0.0694781859375 0.2478584484375 0.26936819375 0.416833434375 0.22873969062500002 0.4391809734375 0.3135779703125 0.8802344328125 0.1934598609375 0.8249418984375 0.02059416875 0.7478939171875 0.0395039625 0.7366449953124999 0.004285675
3 0.72723240625 0.3261031921875 0.46863136406250006 0.39485610625 0.514079090625 0.5369431437500001 0.77268013125 0.468190228125 0.72723240625 0.3261031921875
5 0.10853391875 0.5877878859375001 0.0423099375 0.6053945125 0.07410214062500001 0.7047891500000001 0.140326121875 0.687182525 0.10853391875 0.5877878859375001
7 0.44780922656250005 0.3115561671875 0.0221898203125 0.4234069890625 0.029653696875000003 0.5658262484375001 0.0767801953125 0.713161775 0.5362864515625 0.588169940625 0.44780922656250005 0.3115561671875
9 0.18846649843750002 0.0709999609375 0.24831687812499997 0.27080142500000004 0.41924322968750005 0.22224789843749998 0.356569953125 0.0263071703125 0.18846649843750002 0.0709999609375
0 0.284193065625 1 0.27169199375 0.9647957437500001 0.16592332031249998 0.99185740625 0.168527796875 1 0.284193065625 1