0 0.6749679078125 0.0482223671875 0.548144525 0.019141628124999997 0.37840118125 0.0132140609375 0.3561977578125 0.131119021875 0.645165809375 0.195175753125 0.6749679078125 0.0482223671875
0 1 0.209686334375 0.9442652562499999 0.196906296875 0.8669804781250001 0.5793249765625 0.9946222765625 0.6089117265625 1 0.5808507453125 1 0.209686334375
6 0 0.910862934375 0.1557986328125 0.9478929875000001 0.1997093234375 0.9579617562499999 0.2638761015625 0.6146551203125 0.031108204687500002 0.561281190625 0 0.723936353125 0 0.910862934375
1 0.9439515546875 0.196589478125 0.6500449359375 0.1299310265625 0.5758312453125 0.5091357703125 0.8684609421875 0.5803991 0.9439515546875 0.196589478125
1 0.7761900578125001 1 0.7919237765625 0.926746403125 0.8472376609375001 0.9374463765625001 0.8857745156249999 0.7491759328125001 0.5434139453125 0.671896703125 0.477442428125 1 0.7761900578125001 1
0 0.0878318078125 0.0030671546875 0.0857691546875 0.0136065546875 0.1904313390625 0.0405320484375 0.197017340625 0.006879996875 0.0878318078125 0.0030671546875
9 0.8704827984374999 0.569108290625 0.6626089265624999 0.5207079375 0.626602903125 0.704685515625 0.8352913359375 0.7518033453124999 0.8704827984374999 0.569108290625
2 0 0.5555179890625 0.1800242859375 0.5954278093750001 0.21711390625 0.42712638125 0.30020211093750004 0.4508313890625 0.383109771875 0.0133784875 0.20219087500000002 0.0070606609375 0.1947641625 0.0415255671875 0.0852300328125 0.0163612625 0 0.45185547187499997 0 0.5555179890625
3 0.5258316734374999 0.4992135828125 0.5768960125 0.23829353437499998 0.434308371875 0.2055980328125 0.38324403125 0.4665180828125 0.5258316734374999 0.4992135828125
5 0.4769845859375 1 0.4961175328125 0.9022376609375 0.39637270468749997 0.879366065625 0.37320500624999997 0.997744503125 0.38304140468750003 1 0.4769845859375 1
7 0.4859341203125 1 0.5797300828124999 0.505915728125 0.3021417375 0.44226442187500004 0.20074889687500003 0.9526657578125001 0.39528170625 1 0.4859341203125 1
9 0 0.550548696875 0.1814625671875 0.595757609375 0.21251881562500002 0.42171378906249996 0.01588774375 0.37662607187499997 0 0.457806615625 0 0.550548696875
0 0.8389551000000001 1 0.85119895625 0.9403382656250001 0.792923203125 0.9289346437500001 0.7783304484375 1 0.8389551000000001 1