0 0 0.47079766718749994 0.1533205734375 0.5104293453125 0.2473838875 0.22344298125 0.06267596875 0.17290444062500002 0 0.3688535828125 0 0.47079766718749994
0 0 0.9017937453125 0.34234455625 0.9928111140625001 0.3788607296875 0.8777216843750001 0 0.7795134734375 0 0.9017937453125
10 0.9939030624999999 0.11633650625 0.8170629046875 0.0693209328125 0.80100048125 0.1229201328125 0.99095809375 0.172529846875 0.9939030624999999 0.11633650625
6 0.9909471812499999 0.17273806249999998 0.799606375 0.1209749359375 0.7254150125 0.35292561718750004 0.9778643453125 0.4223734671875 0.9909471812499999 0.17273806249999998
1 0 0.7791326453125 0.37904184375 0.8795193390625 0.468612996875 0.5860901625 0.0927785515625 0.4861690125 0 0.7739054078125001 0 0.7791326453125
1 0.7136367109374999 1 0.7268852515625001 0.962940125 0.8348275812500001 0.9895098000000001 0.9257078171875 0.7053832921875001 0.6302218296875 0.62847309375 0.5200110875 0.9690943750000001 0.6404852828125 1 0.7136367109374999 1
9 0.43355331406250003 0.668909453125 0.3679495484375 0.8763758968750001 0.5487263578125 0.92502125625 0.6158957359375 0.7173878859375 0.43355331406250003 0.668909453125
2 0.2521060828125 0.0395039625 0.17505810156249998 0.02059416875 0.1197655671875 0.1934598609375 0.5608190265624999 0.3135779703125 0.583166565625 0.22873969062500002 0.7521415515625 0.26936819375 0.8176543828125 0.0694781859375 0.5658262484375001 0.0025259484375 0.2633550046875 0.004285675 0.2521060828125 0.0395039625
3 0.22731986875 0.468190228125 0.485920909375 0.5369431437500001 0.5313686359375 0.39485610625 0.27276759375 0.3261031921875 0.22731986875 0.468190228125
5 0.859673878125 0.687182525 0.9258978593749999 0.7047891500000001 0.9576900625 0.6053945125 0.8914660812499999 0.5877878859375001 0.859673878125 0.687182525
7 0.4637135484375 0.588169940625 0.9232198046875 0.713161775 0.9703463031249999 0.5658262484375001 0.9778101796875 0.4234069890625 0.5521907734375 0.3115561671875 0.4637135484375 0.588169940625
9 0.643430046875 0.0263071703125 0.5807567703125 0.22224789843749998 0.751683121875 0.27080142500000004 0.8115335015625 0.0709999609375 0.643430046875 0.0263071703125
0 0.8314722031249999 1 0.8340766796875 0.99185740625 0.72830800625 0.9647957437500001 0.715806934375 1 0.8314722031249999 1