0 0.0110135140625 0.3988850765625 0.009234234375 0.6768439109375 0.2042792796875 0.6754716984375 0.20225225156249999 0.4001715265625 0.0110135140625 0.3988850765625
0 0.140765765625 0.0085763296875 0.140765765625 0.126758146875 0.508783784375 0.12898799375 0.5090765765625 0.007152659375 0.140765765625 0.0085763296875
10 0.6702702703125001 0.8940480281250001 0.66846846875 0.9892281296875 0.9980855859375 0.994734134375 0.994459459375 0.8954373921875 0.6702702703125001 0.8940480281250001
6 0.66846846875 0.8954373921875 0.996283784375 0.8940480281250001 0.9980855859375 0.67060034375 0.66846846875 0.673361921875 0.66846846875 0.8954373921875
1 0.14054054062500002 0.1271012 0.141216215625 0.40737564375 0.5056306312500001 0.40737564375 0.509459459375 0.12744425312500002 0.14054054062500002 0.1271012
1 0.9993243250000001 0.4096054890625 1 0.138250428125 0.84414414375 0.1354373921875 0.8423198203125001 0.0830188671875 0.6610360359375 0.08147512812499999 0.6621621625 0.4078902234375 0.9993243250000001 0.4096054890625
0 0.076216215625 0.8430188671875 0.078040540625 0.9892281296875 0.1520270265625 0.9883361921875 0.1559234234375 0.8430188671875 0.076216215625 0.8430188671875
9 0.4986486484375 0.1276157796875 0.49797297343749997 0.326072040625 0.674774775 0.326072040625 0.6740990984375 0.1271012 0.4986486484375 0.1276157796875
2 0.0816666671875 0.6719897078125 0.0816666671875 0.8374957125 0.1559234234375 0.8388850765625 0.15585585625 0.9987993140625001 0.6702702703125001 0.9986277875 0.66846846875 0.7533619218750001 0.50585585625 0.7495711828125 0.510135134375 0.6694682671875001 0.0816666671875 0.6719897078125
3 0.50704955 0.45480274375 0.25630630625 0.45480274375 0.25630630625 0.5908404796875 0.50704955 0.5908404796875 0.50704955 0.45480274375
5 1 0.4099142359375 0.8839864859375 0.4099142359375 0.8839864859375 0.5050771875 1 0.5050771875 1 0.4099142359375
7 0.996283784375 0.401629503125 0.501846846875 0.40439108125 0.501846846875 0.6692281296875 0.9926576578124999 0.67060034375 0.996283784375 0.401629503125
9 0.501846846875 0.754734134375 0.501846846875 0.9423327609375001 0.6648423421875 0.9423327609375001 0.66846846875 0.7519897078125 0.501846846875 0.754734134375
0 0.84414414375 0.0788850765625 0.8459459453125 0.134133790625 0.9961711718749999 0.135506003125 0.996283784375 0.080257290625 0.84414414375 0.0788850765625